 	Area	Mean	XM	YM	Perim.	Major	Minor	Angle
1	11	255	174.318	901.409	12.485	4.148	3.376	126.870
2	22	255	534.409	901.364	17.899	7.221	3.879	0.754
3	17	255	711.971	901.382	15.899	5.601	3.864	168.137
4	12	255	994.917	901.667	13.071	5.065	3.017	162.863
5	47	255	1027.606	898.351	24.728	8.325	7.188	65.973
6	55	255	558.791	896.664	28.385	10.384	6.744	122.115
7	34	255	451.059	895.941	20.971	7.331	5.905	97.531
8	56	255	915.339	889.036	27.799	10.423	6.841	63.346
9	29	255	165.638	884.017	20.142	7.669	4.815	107.177
10	23	255	482.413	882.935	17.314	6.210	4.716	83.228
11	16	255	1145.938	883.938	16.728	5.908	3.448	10.399
12	26	255	240.654	881.154	17.899	6.366	5.200	86.492
13	27	255	533.352	880.685	20.728	7.936	4.332	154.878
14	48	255	1124.750	876.812	28.385	10.663	5.732	35.728
15	39	255	613.859	874.218	25.799	7.695	6.453	109.595
16	33	255	162.773	872.470	22.971	8.699	4.830	65.679
17	35	255	992.871	868.786	25.556	7.816	5.701	77.052
18	63	255	516.897	866.325	32.627	12.286	6.529	72.976
19	40	255	653.825	868.750	24.385	9.496	5.363	143.507
20	9	255	784.833	870.389	9.899	3.919	2.924	20.301
21	13	255	474.500	868.500	12.485	5.359	3.089	104.872
22	22	255	1136.682	865.273	18.728	6.816	4.110	115.842
23	26	255	360.923	863.346	20.485	7.914	4.183	93.923
24	66	255	1124.500	860.561	29.213	11.062	7.597	0.000
25	57	255	679.886	857.026	27.556	9.233	7.860	125.894
26	71	255	1194.894	855.092	31.556	11.006	8.214	82.032
27	48	255	292.250	855.354	24.971	8.087	7.558	52.950
28	46	255	827.043	853.457	26.142	10.975	5.337	178.532
29	43	255	1011.151	850.151	24.385	9.052	6.048	119.797
30	49	255	1140.520	851.010	25.556	8.293	7.523	60.146
31	58	255	1064.483	848.707	28.385	9.872	7.481	54.995
32	37	255	505.419	845.608	24.728	10.264	4.590	105.196
33	25	255	699.940	847.860	19.556	7.544	4.219	35.080
34	36	255	590.306	846.194	24.142	9.933	4.615	20.472
35	44	255	709.955	844.136	28.627	11.314	4.951	144.882
36	40	255	788.000	845.575	25.799	7.805	6.525	39.669
37	23	255	227.152	843.761	17.899	7.519	3.895	105.441
38	54	255	259.130	842.019	27.213	10.476	6.563	53.357
39	54	255	904.852	841.796	26.971	10.315	6.666	96.633
40	77	255	542.981	840.214	33.456	12.530	7.825	55.496
41	46	255	836.587	839.913	25.213	9.339	6.272	37.243
42	51	255	406.245	838.971	25.799	8.615	7.537	17.228
43	30	255	960.867	840.300	19.899	7.157	5.337	35.762
44	50	255	432.960	836.820	25.799	9.803	6.494	55.275
45	45	255	680.944	836.544	24.142	9.420	6.083	77.096
46	57	255	890.623	834.535	27.799	10.355	7.009	73.722
47	65	255	497.946	832.700	28.971	10.059	8.228	102.805
48	29	255	1175.259	834.569	21.556	7.872	4.691	49.516
49	38	255	332.026	834.237	22.728	8.806	5.495	157.611
50	30	255	584.433	833.567	19.314	7.326	5.214	85.306
51	35	255	1121.357	831.271	22.971	8.670	5.140	81.809
52	31	255	224.210	832.048	19.314	6.870	5.745	133.687
53	40	255	592.875	823.775	23.556	9.282	5.487	68.740
54	75	255	559.207	822.007	31.213	11.605	8.229	134.171
55	46	255	198.674	819.348	24.971	9.508	6.160	124.117
56	30	255	326.033	820.867	18.728	6.192	6.169	14.036
57	1	255	572.500	823.500	2.828	1.128	1.128	0.000
58	41	255	1074.793	819.012	24.971	9.531	5.477	81.485
59	36	255	611.667	818.944	22.728	8.830	5.191	99.684
60	85	255	930.759	817.935	33.213	11.553	9.367	36.543
61	34	255	572.000	818.794	20.142	6.986	6.197	90.000
62	33	255	1218.348	818.076	20.728	7.089	5.927	168.961
63	24	255	716.625	817.792	18.142	7.472	4.090	152.819
64	23	255	1106.587	816.848	18.142	6.951	4.213	43.398
65	33	255	1202.712	813.439	20.142	6.989	6.012	97.589
66	38	255	480.895	809.237	24.971	9.273	5.218	110.280
67	25	255	617.540	810.300	18.728	6.357	5.007	91.828
68	70	255	1098.843	809.386	30.042	10.484	8.501	24.776
69	42	255	530.095	807.786	23.556	8.949	5.975	162.113
70	26	255	638.423	807.500	21.556	6.828	4.848	23.566
71	21	255	650.643	807.643	25.799	6.630	4.033	17.675
72	52	255	174.904	805.231	26.142	8.374	7.906	56.310
73	39	255	568.218	805.551	22.971	7.781	6.382	40.376
74	69	255	72.674	803.341	29.556	10.402	8.446	45.944
75	15	255	253.367	805.167	14.728	6.376	2.996	138.997
76	28	255	450.357	804.679	20.971	6.757	5.276	21.388
77	56	255	1182.375	801.429	35.456	10.041	7.101	52.846
78	32	255	1221.000	803.844	27.556	7.664	5.316	16.792
79	34	255	300.412	803.176	20.728	8.187	5.288	83.841
80	1	255	1217.500	806.500	2.828	1.128	1.128	0.000
81	42	255	729.976	801.333	27.556	8.909	6.003	70.531
82	38	255	707.816	800.474	23.556	8.873	5.453	95.017
83	48	255	618.229	800.188	25.314	9.589	6.373	3.962
84	34	255	198.088	798.676	22.385	8.944	4.840	35.152
85	30	255	934.233	799.133	23.556	7.658	4.988	175.249
86	37	255	1194.419	798.932	21.899	7.505	6.277	27.003
87	61	255	1142.352	796.811	29.799	12.312	6.308	155.850
88	27	255	545.167	796.019	19.899	8.477	4.055	96.728
89	52	255	648.731	796.288	26.971	10.207	6.487	175.472
90	44	255	658.727	796.523	24.385	9.549	5.867	147.726
91	22	255	1214.500	797.000	17.314	6.461	4.335	174.770
92	49	255	123.929	793.418	26.385	10.811	5.771	52.532
93	40	255	1070.225	794.350	22.971	8.217	6.198	10.321
94	24	255	468.458	793.333	20.142	6.785	4.504	59.205
95	48	255	486.646	789.375	24.971	8.627	7.085	89.334
96	41	255	731.744	788.817	26.971	8.697	6.002	85.924
97	10	255	750.700	789.500	10.485	3.966	3.210	0.000
98	27	255	327.981	786.907	19.556	6.724	5.113	143.707
99	64	255	250.391	783.672	28.971	10.103	8.065	6.949
100	33	255	209.712	782.955	21.556	7.720	5.443	87.509
101	56	255	271.107	780.875	27.213	9.768	7.299	70.093
102	32	255	544.969	781.750	24.385	10.325	3.946	141.017
103	45	255	84.433	780.522	24.142	7.829	7.318	121.437
104	53	255	836.330	781.085	26.385	10.280	6.564	36.931
105	53	255	23.802	779.858	25.799	8.647	7.804	8.950
106	36	255	342.250	779.472	21.799	7.639	6.000	10.696
107	24	255	452.792	779.833	21.556	6.440	4.745	134.671
108	43	255	1191.244	777.965	24.971	9.024	6.067	120.567
109	60	255	1019.900	775.933	27.213	9.969	7.663	156.565
110	60	255	506.217	774.900	28.385	9.203	8.301	39.408
111	37	255	429.392	769.446	22.728	9.386	5.019	77.337
112	31	255	343.694	769.790	22.971	8.194	4.817	11.765
113	73	255	542.062	764.404	32.042	11.970	7.765	50.509
114	33	255	751.773	763.652	20.385	6.841	6.142	119.949
115	52	255	908.000	761.269	26.971	10.291	6.434	3.994
116	35	255	683.671	759.786	22.971	9.568	4.658	127.316
117	34	255	780.235	759.676	21.556	7.871	5.500	167.823
118	46	255	460.913	758.283	23.556	8.317	7.042	2.125
119	42	255	500.667	754.167	22.385	7.882	6.784	173.807
120	34	255	417.500	753.853	21.556	8.403	5.152	140.378
121	57	255	1140.096	753.325	28.385	10.381	6.991	161.035
122	83	255	1182.355	751.090	32.627	11.286	9.364	6.370
123	42	255	361.119	749.762	24.142	9.117	5.866	93.853
124	25	255	671.300	751.540	17.899	6.092	5.225	31.973
125	42	255	95.833	748.048	22.971	8.332	6.418	115.787
126	67	255	705.321	747.366	29.799	11.052	7.718	54.320
127	45	255	975.389	748.033	24.385	9.390	6.102	46.313
128	41	255	286.085	746.500	22.971	8.821	5.918	39.860
129	50	255	333.060	744.300	25.799	8.446	7.537	58.877
130	51	255	456.422	744.304	26.728	10.069	6.449	113.450
131	34	255	583.088	745.294	22.971	7.949	5.446	81.777
132	43	255	656.942	743.500	24.971	9.197	5.953	95.026
133	27	255	133.722	741.167	19.314	6.941	4.953	69.108
134	46	255	891.174	740.826	24.971	8.536	6.861	6.756
135	35	255	44.186	737.871	21.556	8.501	5.242	24.682
136	34	255	84.000	734.294	21.314	8.336	5.193	173.499
137	31	255	812.919	733.274	20.142	6.998	5.641	95.128
138	29	255	1126.293	733.155	22.728	8.448	4.371	171.109
139	23	255	271.283	732.283	16.728	5.679	5.157	112.909
140	41	255	794.451	730.354	24.971	10.069	5.184	117.503
141	5	255	902.900	730.700	7.657	3.144	2.025	71.565
142	25	255	450.620	727.180	18.142	5.758	5.528	143.195
143	36	255	528.278	725.556	22.142	8.933	5.131	87.944
144	52	255	546.135	725.731	26.971	9.693	6.831	34.417
145	29	255	1147.983	722.603	20.142	7.588	4.866	63.833
146	26	255	207.808	720.731	18.142	5.999	5.518	82.868
147	44	255	296.068	719.182	24.142	9.040	6.197	78.923
148	57	255	26.833	716.395	26.971	10.662	6.807	162.128
149	52	255	1194.462	714.615	25.799	8.672	7.635	178.212
150	32	255	897.344	714.906	20.728	6.652	6.125	136.027
151	40	255	246.150	712.750	24.385	7.901	6.446	31.208
152	21	255	504.500	712.976	16.728	5.916	4.520	111.288
153	34	255	955.147	712.971	20.971	8.043	5.382	153.512
154	36	255	408.778	712.250	21.556	7.940	5.773	176.256
155	12	255	779.000	710.500	11.657	4.514	3.385	0.000
156	37	255	916.176	702.014	22.971	9.304	5.063	50.785
157	55	255	276.627	699.536	27.799	10.799	6.484	50.260
158	57	255	740.482	697.833	28.385	10.688	6.791	69.867
159	44	255	714.614	698.636	24.142	7.684	7.291	11.759
160	55	255	538.045	697.536	27.556	10.862	6.447	161.233
161	65	255	1161.423	695.423	32.042	9.255	8.942	93.291
162	15	255	516.900	696.900	13.071	4.659	4.099	135.000
163	39	255	120.269	686.192	27.213	8.872	5.597	14.840
164	43	255	604.407	686.500	22.728	7.519	7.282	0.000
165	27	255	987.722	685.389	20.142	8.175	4.205	57.204
166	29	255	263.086	683.983	20.142	8.054	4.585	90.841
167	60	255	590.833	682.917	29.213	9.828	7.773	84.771
168	50	255	907.660	683.840	26.142	9.420	6.758	101.291
169	56	255	944.804	678.750	28.971	10.900	6.541	79.525
170	25	255	45.540	680.100	19.899	7.746	4.109	2.737
171	47	255	536.713	676.564	24.971	9.202	6.503	67.215
172	34	255	639.294	676.882	21.314	8.514	5.085	101.125
173	69	255	244.500	674.109	30.971	11.443	7.678	58.965
174	38	255	768.737	668.132	24.142	9.079	5.329	81.957
175	3	255	480.167	670.167	5.657	2.365	1.615	135.000
176	20	255	481.300	666.000	18.485	6.225	4.090	84.658
177	69	255	251.630	661.326	30.627	10.894	8.065	62.782
178	41	255	64.500	656.500	23.314	9.581	5.448	90.000
179	72	255	865.972	655.181	30.971	11.435	8.017	78.166
180	39	255	728.705	653.936	24.971	9.935	4.998	91.372
181	36	255	420.556	653.472	22.142	9.000	5.093	45.689
182	28	255	473.714	651.679	22.971	8.820	4.042	24.672
183	36	255	499.556	650.306	22.728	9.442	4.854	76.565
184	45	255	445.567	650.878	24.142	9.169	6.249	176.826
185	34	255	102.000	648.382	20.728	7.828	5.530	59.830
186	23	255	1036.370	647.587	20.728	7.979	3.670	87.759
187	45	255	193.967	644.811	24.971	9.515	6.021	92.023
188	40	255	960.525	644.650	24.971	8.418	6.050	125.379
189	27	255	466.093	645.019	18.142	6.727	5.110	129.596
190	29	255	779.121	645.293	23.556	8.278	4.461	37.206
191	22	255	599.273	643.727	18.971	6.831	4.101	99.834
192	47	255	356.330	641.734	26.971	9.314	6.425	93.720
193	43	255	679.035	640.291	25.799	9.119	6.004	48.126
194	26	255	880.962	639.000	21.556	7.109	4.657	133.919
195	49	255	172.276	638.010	25.556	9.403	6.635	132.998
196	62	255	984.726	637.210	28.971	9.866	8.001	53.370
197	31	255	568.177	637.145	22.142	7.480	5.277	137.744
198	45	255	152.633	635.167	24.142	8.464	6.770	60.613
199	2	255	572.500	637.000	4.828	2.257	1.128	90.000
200	48	255	852.562	633.208	27.556	10.587	5.773	75.652
201	65	255	260.177	633.315	29.556	10.816	7.652	160.577
202	41	255	395.232	633.793	24.971	9.195	5.677	11.816
203	47	255	501.330	628.649	26.385	9.386	6.376	104.679
204	22	255	741.864	631.000	18.728	7.545	3.712	23.878
205	42	255	1154.429	630.690	22.728	7.502	7.129	32.178
206	30	255	786.867	628.567	25.213	7.074	5.400	89.674
207	34	255	953.765	629.500	20.142	7.074	6.120	90.000
208	54	255	127.889	627.630	26.385	9.736	7.062	120.796
209	44	255	796.841	628.500	23.556	8.306	6.744	172.132
210	68	255	1028.426	622.088	29.799	10.176	8.508	65.985
211	39	255	769.397	621.474	24.142	9.489	5.233	90.765
212	41	255	942.500	621.256	22.142	7.258	7.193	0.000
213	27	255	168.389	621.759	18.728	7.300	4.709	169.170
214	42	255	588.190	620.024	23.556	8.975	5.958	58.427
215	33	255	746.591	620.106	22.971	8.849	4.748	42.051
216	25	255	297.220	616.460	20.971	7.107	4.479	137.219
217	46	255	682.239	616.130	26.971	10.859	5.394	22.117
218	23	255	811.283	617.065	18.142	7.423	3.945	139.825
219	25	255	465.820	616.140	19.314	6.589	4.831	158.326
220	39	255	401.372	612.731	22.728	7.634	6.505	36.689
221	31	255	473.500	611.048	20.142	6.831	5.778	6.420
222	55	255	584.791	608.955	27.799	10.636	6.584	64.105
223	1	255	671.500	613.500	2.828	1.128	1.128	0.000
224	44	255	1100.705	609.045	28.971	8.696	6.442	105.761
225	72	255	706.833	607.250	32.627	12.508	7.329	55.264
226	42	255	959.095	608.643	32.627	8.280	6.459	114.907
227	49	255	1019.908	608.500	26.385	10.799	5.777	155.311
228	69	255	223.645	607.341	31.556	12.229	7.184	5.379
229	29	255	560.569	607.845	18.971	6.975	5.293	153.304
230	29	255	415.121	605.672	20.142	7.374	5.007	68.773
231	22	255	864.955	604.455	21.314	7.175	3.904	109.593
232	58	255	98.569	600.000	26.971	9.548	7.735	180.000
233	22	255	814.727	595.409	19.314	7.433	3.768	104.976
234	31	255	829.565	595.177	23.799	8.815	4.478	75.752
235	31	255	577.661	595.242	25.556	8.183	4.823	64.348
236	62	255	985.677	593.500	31.799	9.014	8.757	167.431
237	63	255	1073.024	595.278	28.971	10.461	7.668	178.401
238	42	255	1146.452	593.524	24.971	9.497	5.631	115.901
239	68	255	631.015	591.485	30.971	11.264	7.686	80.014
240	66	255	44.894	590.970	30.142	10.852	7.744	70.944
241	37	255	770.662	592.203	26.627	7.789	6.048	43.515
242	64	255	608.984	588.891	30.142	11.015	7.398	73.421
243	33	255	761.621	590.530	23.556	9.043	4.646	49.831
244	31	255	8.016	588.726	21.556	8.052	4.902	57.462
245	35	255	709.271	588.986	21.314	7.528	5.920	144.228
246	31	255	882.274	588.629	21.556	8.569	4.606	23.623
247	52	255	649.596	586.346	26.971	8.712	7.600	142.539
248	49	255	405.786	585.561	25.314	8.618	7.239	156.752
249	38	255	221.816	582.789	25.556	10.079	4.800	89.846
250	64	255	343.328	581.766	31.799	12.315	6.617	91.273
251	38	255	740.789	582.421	25.799	7.836	6.175	144.933
252	46	255	124.609	581.022	24.728	9.117	6.424	59.873
253	68	255	24.397	578.441	30.142	11.572	7.482	88.024
254	31	255	175.081	580.500	22.385	8.583	4.599	30.883
255	38	255	374.000	580.500	24.142	9.582	5.049	12.053
256	60	255	96.250	576.717	27.799	9.598	7.959	76.942
257	40	255	653.275	578.350	22.971	8.883	5.733	53.842
258	32	255	756.406	575.906	23.556	7.860	5.183	71.223
259	35	255	954.671	577.214	23.314	9.675	4.606	12.431
260	53	255	603.292	572.406	29.213	11.250	5.999	108.450
261	25	255	567.540	574.740	18.142	6.808	4.676	8.350
262	32	255	658.750	572.469	20.142	7.137	5.709	78.739
263	35	255	66.786	570.957	24.728	9.402	4.740	91.949
264	46	255	360.065	571.283	24.385	9.043	6.476	160.383
265	53	255	579.462	570.802	26.385	9.647	6.995	141.289
266	35	255	346.243	569.957	23.556	7.138	6.243	157.665
267	50	255	676.720	569.960	26.385	10.016	6.356	177.307
268	51	255	1115.461	568.167	26.971	10.385	6.253	31.461
269	40	255	411.675	565.900	30.627	9.648	5.279	50.253
270	60	255	1168.217	566.667	28.385	10.862	7.033	24.807
271	58	255	1045.759	565.448	27.799	9.665	7.641	108.550
272	34	255	635.000	565.500	24.142	10.095	4.288	24.577
273	29	255	618.466	564.741	22.385	7.665	4.817	12.127
274	37	255	246.257	563.203	23.556	8.276	5.693	121.061
275	60	255	695.533	561.667	34.627	9.120	8.376	37.847
276	22	255	365.318	562.000	17.314	7.029	3.985	120.011
277	36	255	1133.556	559.167	23.556	8.974	5.108	84.321
278	42	255	828.952	559.381	24.142	8.070	6.626	130.228
279	3	255	642.833	561.167	5.657	2.365	1.615	45.000
280	39	255	509.679	557.705	24.385	9.348	5.312	173.068
281	41	255	646.085	556.988	28.142	8.800	5.932	23.242
282	18	255	681.944	557.722	17.899	6.147	3.728	63.683
283	12	255	960.083	558.583	12.485	4.959	3.081	6.642
284	29	255	662.500	554.879	24.385	7.908	4.669	104.064
285	55	255	479.773	552.755	29.213	10.290	6.805	121.632
286	54	255	939.630	553.574	28.385	8.956	7.677	66.599
287	30	255	184.500	554.300	19.899	7.615	5.016	11.034
288	30	255	882.800	552.533	20.728	7.978	4.788	70.226
289	31	255	610.919	552.500	20.728	7.339	5.378	55.514
290	1	255	683.500	554.500	2.828	1.128	1.128	0.000
291	44	255	1084.682	548.636	25.799	8.465	6.618	25.139
292	47	255	962.819	545.713	25.556	9.605	6.231	85.793
293	27	255	25.130	545.981	19.314	7.900	4.352	1.375
294	22	255	1111.682	542.636	21.556	7.130	3.928	154.414
295	34	255	1170.676	540.853	23.556	8.908	4.860	84.693
296	47	255	245.734	538.351	25.556	9.764	6.129	117.554
297	63	255	897.056	536.992	28.971	9.746	8.230	166.826
298	26	255	1026.000	538.346	19.314	7.281	4.547	34.908
299	44	255	334.955	535.773	28.627	7.664	7.310	26.063
300	26	255	1066.423	535.808	18.728	6.808	4.862	67.741
301	67	255	80.410	533.560	30.042	10.605	8.044	30.040
302	56	255	229.482	533.214	26.627	8.800	8.103	39.833
303	46	255	13.152	523.674	25.556	9.729	6.020	95.786
304	63	255	360.230	524.325	29.213	9.713	8.259	108.860
305	48	255	791.708	525.562	24.971	9.092	6.722	23.852
306	52	255	871.442	523.615	27.213	10.532	6.286	127.442
307	39	255	684.167	522.500	23.556	8.832	5.623	110.195
308	40	255	143.525	522.825	22.142	7.330	6.948	165.703
309	42	255	478.190	520.238	22.971	8.350	6.404	168.250
310	71	255	582.655	520.021	30.971	10.830	8.348	1.947
311	24	255	984.625	520.833	18.971	6.694	4.565	140.431
312	30	255	176.533	520.667	20.142	7.814	4.888	9.963
313	49	255	834.276	517.724	24.385	8.155	7.651	161.509
314	37	255	918.716	518.257	21.899	7.455	6.319	158.223
315	41	255	122.305	514.427	23.799	9.007	5.796	117.481
316	40	255	225.850	514.250	23.556	8.893	5.727	76.761
317	37	255	256.554	515.365	20.971	7.211	6.533	153.925
318	46	255	30.587	514.522	24.385	8.968	6.531	168.360
319	29	255	74.707	512.776	19.899	7.747	4.766	112.008
320	56	255	395.482	511.304	26.385	9.564	7.455	158.095
321	45	255	625.011	504.567	27.556	9.099	6.297	78.287
322	22	255	1015.727	506.864	16.728	6.468	4.330	32.028
323	1	255	126.500	507.500	2.828	1.128	1.128	0.000
324	35	255	663.443	503.786	21.899	7.850	5.677	17.783
325	41	255	694.841	503.037	23.314	8.757	5.962	72.788
326	28	255	125.643	503.321	20.728	7.459	4.779	47.109
327	28	255	253.929	498.571	18.971	6.326	5.636	105.343
328	33	255	635.591	497.803	20.971	7.551	5.564	38.878
329	61	255	765.582	496.418	28.385	10.816	7.181	45.001
330	30	255	791.567	497.333	19.314	7.411	5.154	14.604
331	9	255	533.056	492.833	10.485	4.196	2.731	173.953
332	56	255	72.286	488.571	27.799	10.661	6.688	130.280
333	51	255	117.186	486.637	26.385	9.304	6.980	126.832
334	6	255	531.000	490.000	9.071	3.988	1.916	161.565
335	42	255	273.833	487.286	24.728	10.220	5.233	174.512
336	38	255	347.579	485.263	26.728	8.883	5.447	84.388
337	67	255	960.560	483.545	29.213	9.647	8.842	97.494
338	27	255	400.463	483.352	20.142	7.674	4.480	21.389
339	25	255	2.220	478.740	17.314	6.195	5.138	113.639
340	46	255	558.609	477.587	25.213	9.014	6.498	117.345
341	26	255	863.923	477.269	18.728	6.857	4.828	21.163
342	60	255	512.433	472.150	28.627	10.901	7.008	47.131
343	20	255	578.350	473.450	18.728	5.987	4.253	112.422
344	23	255	1036.283	472.978	20.728	6.369	4.598	71.986
345	23	255	120.500	473.326	16.485	5.433	5.390	0.000
346	23	255	715.717	472.717	17.314	5.679	5.157	112.909
347	42	255	1117.500	471.119	26.385	10.245	5.219	70.328
348	19	255	920.658	470.763	16.728	5.387	4.490	83.879
349	29	255	670.017	470.707	20.142	7.822	4.720	157.575
350	19	255	619.921	468.605	15.071	5.550	4.359	77.179
351	6	255	564.500	469.000	7.657	3.385	2.257	0.000
352	42	255	1155.000	466.000	23.314	8.560	6.247	97.930
353	60	255	794.283	465.117	28.385	11.397	6.703	149.152
354	52	255	16.865	461.558	26.142	9.572	6.917	93.970
355	55	255	396.464	461.155	27.556	10.372	6.751	71.804
356	31	255	654.145	462.694	19.556	7.511	5.255	124.915
357	28	255	1141.607	459.714	29.213	6.811	5.235	16.532
358	53	255	347.160	457.934	27.213	10.293	6.556	143.549
359	48	255	947.479	454.771	24.971	8.438	7.243	45.245
360	49	255	375.235	453.622	25.799	9.897	6.304	143.626
361	35	255	817.757	450.729	23.799	8.639	5.159	16.890
362	49	255	308.724	445.969	29.799	9.307	6.703	56.243
363	53	255	1147.519	446.896	27.799	10.009	6.742	134.439
364	33	255	8.773	446.500	22.385	7.436	5.651	66.508
365	42	255	896.571	444.310	22.142	7.502	7.129	32.178
366	31	255	240.306	443.823	20.728	7.305	5.404	18.354
367	44	255	973.682	442.955	23.799	9.078	6.171	134.003
368	46	255	403.152	438.630	24.971	9.685	6.048	28.374
369	33	255	382.924	436.530	22.728	8.549	4.915	167.603
370	58	255	442.966	434.845	26.971	9.373	7.879	56.384
371	8	255	542.625	436.375	9.071	3.538	2.879	45.000
372	62	255	331.790	429.274	29.556	11.229	7.030	92.448
373	75	255	387.393	425.407	31.799	12.657	7.545	148.077
374	43	255	43.616	426.105	24.142	9.063	6.041	12.237
375	45	255	296.367	424.522	24.971	9.853	5.815	114.494
376	28	255	963.786	424.250	20.142	7.637	4.668	136.008
377	53	255	1060.802	411.198	38.284	9.439	7.149	56.133
378	42	255	350.119	408.167	24.142	9.210	5.806	105.875
379	65	255	689.531	409.069	29.799	10.241	8.081	161.947
380	48	255	834.500	408.146	26.627	8.259	7.400	41.592
381	60	255	967.333	408.850	28.385	9.991	7.646	142.094
382	69	255	63.529	404.384	30.627	11.445	7.676	58.032
383	45	255	404.656	404.500	24.971	9.793	5.851	61.150
384	26	255	916.115	404.000	18.142	5.971	5.545	90.000
385	56	255	5.268	401.125	27.799	10.247	6.959	22.836
386	33	255	271.803	397.955	21.556	8.893	4.725	59.077
387	52	255	943.500	397.423	33.213	9.927	6.669	77.095
388	41	255	103.500	396.256	22.142	7.258	7.193	0.000
389	36	255	239.389	396.139	24.385	10.091	4.542	154.621
390	47	255	860.457	392.457	25.799	9.631	6.214	120.793
391	33	255	566.894	391.470	20.728	8.182	5.135	170.705
392	75	255	428.140	388.620	30.385	10.357	9.221	162.110
393	41	255	643.329	387.280	24.728	9.953	5.245	86.509
394	26	255	781.346	388.115	18.142	5.899	5.611	74.248
395	42	255	162.905	384.476	24.728	9.603	5.568	100.016
396	54	255	60.370	382.204	28.971	11.135	6.175	77.805
397	33	255	397.288	384.500	21.314	7.392	5.684	69.373
398	33	255	1202.742	382.591	21.314	8.161	5.148	83.180
399	34	255	894.118	382.118	20.971	7.499	5.773	99.186
400	27	255	1038.500	381.500	20.142	8.050	4.270	153.163
401	56	255	677.321	376.714	26.971	9.357	7.620	172.977
402	46	255	297.304	374.196	24.385	8.582	6.824	106.588
403	46	255	970.630	375.804	24.142	9.453	6.196	4.687
404	37	255	238.338	374.392	22.971	8.752	5.383	126.710
405	35	255	212.900	367.986	23.556	8.952	4.978	73.124
406	46	255	386.870	364.761	25.556	9.190	6.373	109.525
407	38	255	198.184	364.316	21.556	7.031	6.881	149.744
408	44	255	356.432	358.205	24.385	7.974	7.026	103.024
409	60	255	381.900	357.250	26.971	9.147	8.352	67.060
410	33	255	374.591	356.288	20.728	7.880	5.332	97.615
411	32	255	956.438	355.250	21.799	8.936	4.559	130.875
412	45	255	440.567	353.211	24.728	8.842	6.480	59.403
413	53	255	236.085	350.349	26.971	10.690	6.313	22.442
414	43	255	1113.756	350.756	26.971	8.447	6.482	19.216
415	55	255	42.845	348.864	26.971	8.918	7.852	86.259
416	27	255	351.648	348.796	19.556	8.235	4.174	142.696
417	47	255	657.415	346.415	25.556	9.912	6.037	113.664
418	44	255	709.250	344.205	24.385	8.745	6.406	38.897
419	40	255	903.500	341.875	24.142	9.411	5.412	100.667
420	30	255	62.400	340.433	19.899	7.184	5.317	15.644
421	74	255	336.649	338.365	34.627	12.361	7.622	159.980
422	56	255	759.286	338.893	26.971	9.932	7.179	33.799
423	64	255	591.250	337.453	28.971	9.819	8.299	94.485
424	25	255	249.060	334.460	19.899	8.115	3.922	86.931
425	35	255	260.671	333.929	22.385	8.328	5.351	51.548
426	29	255	517.534	334.914	20.971	8.335	4.430	142.967
427	27	255	118.944	329.093	19.314	8.154	4.216	87.350
428	37	255	83.878	328.203	21.556	8.293	5.681	64.841
429	46	255	1108.087	324.130	24.385	8.086	7.243	109.560
430	28	255	534.107	324.286	20.142	6.766	5.269	46.750
431	39	255	975.628	322.141	27.799	9.276	5.353	6.654
432	20	255	936.450	322.100	16.485	6.008	4.239	169.166
433	27	255	485.204	320.019	18.728	7.121	4.828	134.333
434	41	255	913.207	316.451	24.728	10.450	4.995	10.684
435	4	255	951.250	313.500	7.657	2.734	1.863	90.000
436	50	255	957.080	310.220	26.385	9.059	7.027	126.813
437	45	255	798.211	307.967	24.971	9.282	6.173	124.866
438	35	255	924.614	308.214	22.142	7.076	6.298	87.234
439	28	255	917.786	307.036	20.971	6.980	5.108	111.298
440	44	255	482.955	305.841	23.799	8.188	6.842	33.133
441	24	255	630.417	307.417	21.556	6.720	4.547	151.325
442	16	255	892.250	306.188	17.314	6.523	3.123	63.628
443	42	255	525.048	304.881	23.799	8.373	6.387	39.063
444	32	255	860.312	305.125	20.728	7.918	5.146	30.145
445	53	255	509.877	303.651	26.385	10.117	6.670	160.589
446	37	255	883.095	302.068	28.627	9.258	5.088	79.474
447	48	255	460.938	301.812	24.385	8.102	7.544	14.359
448	22	255	835.091	302.909	18.728	6.026	4.648	18.296
449	21	255	682.405	301.452	17.314	5.886	4.543	43.761
450	23	255	940.239	299.587	18.142	6.530	4.485	108.709
451	61	255	22.451	294.779	27.799	10.291	7.547	44.307
452	36	255	466.278	293.222	27.213	8.893	5.154	40.828
453	42	255	1017.833	293.500	22.971	7.459	7.169	0.000
454	58	255	1142.000	292.224	28.627	10.646	6.936	123.190
455	44	255	1122.136	291.977	24.142	8.320	6.734	106.445
456	51	255	75.696	290.324	26.971	9.997	6.496	54.823
457	25	255	822.860	291.820	17.899	6.507	4.892	73.845
458	30	255	1071.733	290.967	20.142	7.807	4.893	153.435
459	66	255	299.848	287.712	28.971	10.007	8.397	77.084
460	39	255	672.756	288.551	26.627	9.724	5.107	131.152
461	58	255	961.862	288.190	27.213	9.589	7.701	112.158
462	33	255	339.864	287.136	24.385	7.491	5.609	152.862
463	21	255	643.119	285.833	17.314	6.196	4.315	61.980
464	44	255	1185.227	281.682	24.142	8.719	6.425	119.906
465	34	255	448.794	280.353	21.556	7.203	6.010	125.637
466	21	255	910.500	279.500	15.314	5.171	5.171	0.000
467	45	255	858.344	276.189	30.627	9.386	6.105	137.542
468	26	255	716.462	275.808	18.142	6.845	4.836	3.339
469	34	255	846.382	273.324	22.971	7.242	5.977	70.052
470	42	255	756.333	271.524	24.728	9.578	5.583	94.871
471	51	255	14.657	270.186	26.142	9.920	6.546	64.062
472	37	255	818.230	268.608	26.385	9.110	5.171	6.176
473	26	255	722.308	264.962	23.556	6.545	5.058	36.818
474	50	255	462.140	262.320	25.799	9.240	6.890	126.444
475	35	255	1011.329	263.814	20.142	7.449	5.983	161.743
476	60	255	352.717	261.933	27.556	9.299	8.215	162.617
477	25	255	1132.980	263.300	18.142	5.718	5.566	42.550
478	65	255	805.131	253.069	28.971	10.408	7.952	68.754
479	44	255	942.045	252.045	24.142	8.860	6.323	87.930
480	61	255	511.221	252.582	28.385	10.583	7.339	4.711
481	35	255	966.843	251.557	20.142	7.127	6.253	78.057
482	37	255	487.257	251.473	24.971	10.592	4.448	164.845
483	46	255	1002.696	249.435	25.314	9.723	6.024	98.216
484	69	255	1184.529	249.225	29.799	9.960	8.821	74.202
485	33	255	554.621	246.803	26.971	8.154	5.153	86.543
486	29	255	1104.983	243.603	20.142	7.878	4.687	119.736
487	57	255	1122.553	243.553	28.142	10.038	7.230	7.834
488	47	255	887.755	240.968	32.042	10.972	5.454	110.526
489	47	255	720.947	241.351	24.142	8.313	7.199	8.008
490	65	255	530.300	237.623	30.627	11.264	7.347	113.450
491	41	255	674.573	239.280	23.556	7.885	6.620	105.149
492	20	255	967.950	240.300	18.142	6.181	4.120	39.844
493	57	255	405.640	234.044	27.799	10.307	7.041	117.986
494	27	255	771.759	235.981	20.142	6.422	5.353	117.061
495	42	255	958.119	234.476	23.556	8.762	6.103	96.754
496	36	255	249.556	232.361	21.556	6.984	6.563	54.690
497	19	255	932.921	232.763	15.899	6.329	3.822	103.032
498	12	255	740.000	233.167	11.899	4.424	3.454	127.238
499	36	255	287.917	228.472	23.556	8.957	5.117	80.763
500	34	255	574.294	229.059	22.142	8.109	5.338	14.544
501	39	255	508.218	227.577	22.728	7.260	6.840	158.596
502	74	255	40.527	226.189	32.385	12.344	7.633	17.696
503	45	255	666.922	224.522	24.142	8.746	6.551	30.003
504	31	255	435.145	224.371	22.971	7.685	5.136	25.317
505	54	255	1132.648	222.167	26.971	9.792	7.021	73.074
506	35	255	1083.300	222.186	21.556	7.943	5.611	47.372
507	32	255	20.469	222.250	20.728	7.809	5.217	30.903
508	44	255	118.568	220.977	24.971	9.066	6.179	126.667
509	67	255	542.903	210.813	29.213	9.690	8.804	83.777
510	39	255	818.141	211.628	22.142	7.972	6.229	76.760
511	50	255	425.380	209.680	26.971	9.748	6.531	69.147
512	58	255	574.776	207.621	28.385	8.981	8.223	64.357
513	40	255	741.425	208.775	22.142	7.264	7.011	62.103
514	21	255	894.548	208.595	16.728	5.563	4.806	95.703
515	57	255	323.658	206.886	27.556	10.159	7.144	29.487
516	12	255	585.250	208.750	13.071	5.528	2.764	78.690
517	51	255	1110.971	202.775	30.042	9.154	7.093	150.702
518	62	255	1170.258	202.500	28.385	11.021	7.163	80.542
519	54	255	620.056	200.852	28.385	10.274	6.692	4.203
520	47	255	813.862	199.330	24.385	9.056	6.608	166.029
521	72	255	957.208	196.097	31.799	11.831	7.749	78.745
522	34	255	81.588	196.706	22.728	8.553	5.062	78.085
523	51	255	565.422	197.422	25.556	9.331	6.959	179.857
524	41	255	413.841	195.305	23.556	8.558	6.100	91.964
525	48	255	479.146	193.792	25.556	9.797	6.238	95.960
526	25	255	1044.220	194.740	19.314	8.050	3.954	78.725
527	34	255	738.882	195.382	20.728	8.434	5.133	175.021
528	48	255	1050.979	193.542	25.799	8.965	6.817	52.653
529	57	255	565.096	189.114	27.799	10.060	7.215	163.913
530	48	255	586.042	187.625	25.799	10.269	5.952	128.923
531	29	255	308.121	184.224	20.142	7.553	4.888	76.544
532	41	255	238.305	182.085	22.971	8.576	6.087	170.837
533	38	255	809.974	181.474	32.284	8.750	5.529	145.447
534	60	255	1108.083	179.817	28.385	10.884	7.019	62.311
535	55	255	376.300	179.791	27.799	9.456	7.406	132.522
536	38	255	641.421	180.711	26.971	9.832	4.921	38.111
537	49	255	875.235	178.949	25.556	9.916	6.292	173.667
538	38	255	337.184	173.816	22.142	7.371	6.564	45.002
539	53	255	729.877	169.217	26.971	9.219	7.319	31.708
540	39	255	275.295	167.064	22.971	8.250	6.019	150.293
541	39	255	775.705	166.038	22.728	8.424	5.894	89.566
542	34	255	699.235	164.941	22.971	7.551	5.733	119.992
543	49	255	383.765	163.337	26.142	9.556	6.529	72.102
544	52	255	808.769	161.865	27.556	10.780	6.142	73.591
545	43	255	857.012	162.919	24.385	10.484	5.222	136.552
546	45	255	258.211	160.900	24.142	8.378	6.839	89.830
547	37	255	455.608	161.473	22.971	9.254	5.091	40.822
548	36	255	756.361	160.306	22.728	9.350	4.902	99.125
549	62	255	737.645	157.032	31.799	12.065	6.543	108.755
550	52	255	313.077	154.923	25.556	8.666	7.640	134.998
551	30	255	330.733	155.867	20.971	7.569	5.046	36.590
552	48	255	607.479	153.396	26.385	10.081	6.063	64.608
553	19	255	877.395	153.763	20.142	7.412	3.264	85.840
554	54	255	410.741	150.796	26.971	10.373	6.628	100.846
555	46	255	475.717	151.457	28.385	10.661	5.494	22.885
556	34	255	575.059	147.088	23.899	10.540	4.107	5.821
557	33	255	1113.409	144.197	23.556	8.653	4.856	148.473
558	64	255	499.656	139.641	29.799	11.193	7.280	52.583
559	35	255	759.100	140.700	22.728	9.273	4.806	89.684
560	55	255	1065.155	138.391	26.971	9.073	7.719	117.913
561	18	255	276.778	138.167	15.314	5.748	3.987	20.250
562	29	255	748.707	137.638	24.142	7.604	4.856	161.823
563	47	255	837.351	134.053	24.142	8.313	7.199	98.008
564	44	255	666.545	134.114	24.971	9.460	5.922	167.599
565	36	255	941.833	131.333	23.556	7.342	6.243	94.864
566	87	255	340.477	128.155	34.971	12.446	8.900	72.312
567	62	255	312.839	128.613	29.799	10.903	7.240	38.894
568	35	255	759.757	126.786	20.728	7.184	6.203	168.987
569	28	255	1167.036	125.464	21.314	8.107	4.397	93.540
570	55	255	1143.845	116.027	28.627	11.089	6.315	50.048
571	40	255	384.325	116.125	22.971	7.554	6.742	112.266
572	43	255	530.314	114.058	24.142	8.915	6.142	65.598
573	25	255	700.260	113.260	20.728	8.126	3.917	89.635
574	59	255	624.398	108.669	28.142	10.321	7.279	102.329
575	29	255	55.879	109.362	21.556	8.308	4.444	74.656
576	33	255	247.652	105.106	20.728	8.105	5.184	92.819
577	23	255	233.717	101.935	18.728	7.195	4.070	0.872
578	17	255	969.853	100.794	15.314	5.593	3.870	123.216
579	50	255	102.860	94.740	24.971	8.625	7.381	22.806
580	41	255	182.061	93.841	23.556	8.811	5.925	81.124
581	24	255	457.250	93.708	17.899	5.924	5.158	19.440
582	40	255	278.400	92.000	22.971	8.845	5.758	169.975
583	1	255	906.500	93.500	2.828	1.128	1.128	0.000
584	57	255	1162.746	88.114	29.213	10.333	7.024	108.270
585	29	255	366.052	88.845	20.971	7.228	5.108	29.687
586	55	255	782.991	80.664	26.971	9.684	7.231	126.249
587	57	255	1136.044	81.061	26.728	8.961	8.099	131.815
588	54	255	720.296	79.926	26.385	8.749	7.858	118.143
589	41	255	1187.500	79.598	26.971	7.736	6.748	118.780
590	35	255	1145.186	76.814	24.385	7.800	5.713	61.865
591	31	255	1168.823	76.371	22.971	6.995	5.642	66.455
592	38	255	234.789	74.737	22.142	7.934	6.098	128.092
593	54	255	28.981	73.019	26.142	8.606	7.989	45.003
594	37	255	955.149	72.392	22.971	8.319	5.663	78.529
595	37	255	228.986	70.824	22.142	7.712	6.109	101.961
596	49	255	398.071	70.500	25.799	10.455	5.967	51.535
597	32	255	823.125	70.750	20.142	6.822	5.972	87.460
598	50	255	903.620	69.000	25.314	8.623	7.382	90.000
599	45	255	774.144	67.922	25.556	9.544	6.003	125.372
600	58	255	91.500	65.000	26.971	8.926	8.274	17.809
601	40	255	588.225	64.575	22.142	7.264	7.011	27.897
602	32	255	1032.125	59.812	21.556	8.258	4.934	157.090
603	46	255	438.391	57.130	23.556	8.219	7.126	107.262
604	35	255	1132.271	57.900	27.799	8.386	5.314	166.062
605	52	255	322.038	53.865	27.799	10.539	6.282	39.091
606	39	255	474.013	53.679	23.799	8.090	6.138	156.035
607	44	255	705.432	53.455	23.314	7.645	7.328	123.690
608	63	255	775.595	52.706	27.799	9.482	8.460	152.104
609	50	255	551.080	52.540	25.556	8.750	7.276	174.543
610	57	255	640.237	47.886	28.627	9.264	7.834	74.923
611	67	255	903.515	47.381	29.556	11.524	7.403	82.460
612	15	255	504.900	43.100	13.071	4.659	4.099	45.001
613	58	255	929.328	41.397	28.142	9.443	7.821	159.607
614	39	255	445.090	38.295	22.385	8.630	5.754	147.245
615	63	255	732.468	36.341	29.556	11.025	7.276	76.706
616	37	255	743.932	38.095	22.728	8.887	5.301	69.958
617	3	255	0.500	38.500	6.828	3.385	1.128	90.000
618	34	255	618.118	36.647	22.971	8.917	4.855	162.845
619	40	255	25.350	32.975	24.728	9.958	5.115	80.772
620	26	255	825.231	34.346	19.556	6.304	5.251	126.360
621	66	255	1197.364	34.015	30.385	11.519	7.295	152.523
622	8	255	149.625	35.000	10.485	3.651	2.790	124.722
623	58	255	1093.914	32.983	28.971	10.640	6.941	29.691
624	38	255	569.711	32.316	22.728	7.489	6.461	87.620
625	28	255	839.286	32.464	19.314	7.327	4.866	92.333
626	45	255	48.411	31.211	23.556	8.094	7.079	115.593
627	42	255	100.881	28.643	23.799	8.767	6.099	137.883
628	56	255	150.036	27.643	26.971	8.511	8.378	55.758
629	12	255	1222.917	29.250	14.485	5.868	2.604	94.265
630	84	255	75.155	25.786	33.213	11.097	9.638	176.182
631	50	255	1156.100	24.960	25.556	8.627	7.380	149.798
632	43	255	369.733	23.523	24.971	8.810	6.215	116.783
633	27	255	1113.685	24.574	19.556	7.480	4.596	163.957
634	27	255	789.833	22.019	20.971	8.386	4.099	36.804
635	65	255	123.469	18.792	29.799	11.150	7.423	125.918
636	25	255	873.100	17.260	18.728	6.505	4.893	17.031
637	45	255	642.233	11.656	25.556	9.207	6.223	26.893
638	19	255	887.026	12.132	15.314	5.701	4.244	94.232
639	40	255	1066.575	9.375	24.142	8.604	5.919	4.179
640	68	255	820.794	5.221	29.799	9.542	9.074	92.149
641	63	255	372.151	2.960	29.556	10.183	7.877	129.053
642	19	255	943.237	0.658	15.899	6.276	3.855	10.829
643	9	255	88.278	-0.056	11.071	5.229	2.191	175.269
