 	Area	Mean	XM	YM	Perim.	Major	Minor	Angle
1	23	255	41.370	901.283	17.899	7.155	4.093	2.546
2	32	255	179.719	900.094	20.142	6.827	5.968	160.560
3	43	255	224.640	899.663	26.971	8.109	6.751	163.526
4	11	255	272.682	902.136	15.071	6.680	2.097	177.660
5	121	255	573.930	894.012	52.770	18.140	8.493	125.250
6	6	255	578.000	902.500	12.243	6.770	1.128	0.000
7	53	255	650.915	899.085	26.142	8.341	8.090	112.117
8	39	255	665.603	900.295	32.385	8.749	5.676	4.818
9	3	255	698.500	902.500	6.243	3.385	1.128	0.000
10	12	255	719.583	901.750	12.485	5.179	2.950	175.163
11	2	255	814.000	902.500	4.243	2.257	1.128	0.000
12	55	255	840.445	899.664	29.556	10.324	6.783	165.066
13	4	255	850.000	902.500	8.243	4.514	1.128	0.000
14	34	255	1023.118	899.941	22.142	6.829	6.339	94.997
15	37	255	1036.851	900.608	22.728	8.341	5.648	4.745
16	3	255	1091.500	902.500	6.243	3.385	1.128	0.000
17	54	255	1130.796	898.352	26.385	9.282	7.407	108.668
18	29	255	1144.052	901.293	21.899	9.251	3.991	6.920
19	54	255	1189.444	899.074	29.213	8.961	7.673	15.750
20	67	255	809.545	897.784	29.799	11.655	7.320	160.244
21	55	255	823.518	897.991	29.799	9.572	7.316	156.107
22	58	255	924.483	896.569	29.799	11.860	6.226	159.142
23	37	255	962.068	897.284	23.556	7.299	6.454	137.776
24	34	255	2.647	894.735	25.556	8.750	4.947	121.781
25	40	255	790.375	893.750	22.971	7.419	6.864	46.571
26	39	255	895.218	894.423	22.971	8.324	5.965	29.016
27	58	255	1143.328	892.810	40.042	10.899	6.776	98.047
28	26	255	537.154	893.846	17.556	6.120	5.409	134.999
29	30	255	561.000	893.033	23.799	6.766	5.646	125.203
30	70	255	742.500	892.071	30.627	9.751	9.141	169.888
31	52	255	24.904	891.500	26.385	8.446	7.839	119.011
32	24	255	832.625	893.542	17.314	5.905	5.175	153.398
33	46	255	1010.261	891.848	33.213	8.190	7.151	72.753
34	42	255	1040.048	892.286	24.385	8.219	6.506	20.345
35	57	255	714.693	890.570	28.627	11.278	6.435	138.199
36	72	255	972.653	889.222	30.627	10.560	8.681	40.350
37	47	255	1158.351	890.096	25.799	9.625	6.217	145.201
38	31	255	369.371	889.468	21.556	7.336	5.380	98.763
39	44	255	481.568	887.000	25.314	10.561	5.305	83.225
40	43	255	753.035	888.081	23.314	8.421	6.502	93.933
41	48	255	505.833	885.729	27.556	11.521	5.305	100.982
42	56	255	840.821	887.036	28.385	9.551	7.466	149.401
43	27	255	1034.056	887.833	18.971	6.985	4.922	147.508
44	50	255	1132.400	886.180	34.284	8.705	7.314	84.237
45	64	255	235.734	885.453	28.385	9.163	8.893	49.933
46	45	255	700.011	886.211	24.142	8.253	6.942	87.395
47	33	255	175.288	885.833	20.728	7.009	5.995	4.701
48	59	255	415.941	884.534	26.971	9.232	8.137	84.203
49	66	255	536.697	884.545	29.213	10.062	8.352	36.748
50	63	255	739.278	883.452	30.385	9.341	8.587	137.084
51	47	255	683.394	884.309	24.728	8.289	7.220	68.600
52	61	255	1112.123	882.910	30.870	12.318	6.305	36.981
53	49	255	215.031	883.071	28.385	8.389	7.437	42.512
54	64	255	270.109	881.578	29.213	10.348	7.875	113.021
55	52	255	562.981	883.346	32.627	10.589	6.253	179.969
56	60	255	924.733	882.400	27.799	8.827	8.655	128.304
57	42	255	517.810	881.214	26.385	7.668	6.974	164.580
58	5	255	523.300	882.300	9.657	4.183	1.522	100.901
59	48	255	889.917	878.667	29.799	8.823	6.927	23.397
60	106	255	906.094	877.189	45.113	13.472	10.018	138.345
61	50	255	1024.300	878.560	26.385	9.616	6.620	24.020
62	65	255	102.808	875.254	34.870	9.221	8.975	179.777
63	36	255	816.861	877.528	21.314	7.618	6.016	119.014
64	34	255	950.441	877.412	24.728	8.606	5.030	89.106
65	33	255	49.470	877.076	20.142	7.516	5.590	27.193
66	48	255	124.208	875.854	39.698	8.584	7.120	23.162
67	30	255	10.933	875.667	19.556	7.598	5.027	56.635
68	49	255	448.888	874.765	25.556	8.397	7.430	24.115
69	1	255	690.500	878.500	2.828	1.128	1.128	0.000
70	43	255	246.477	874.291	30.385	7.975	6.865	37.480
71	26	255	546.692	875.038	18.142	6.167	5.368	108.534
72	17	255	689.088	875.147	15.314	6.162	3.513	133.368
73	40	255	702.525	873.900	28.627	7.719	6.598	71.700
74	59	255	234.432	872.975	26.971	9.051	8.300	172.725
75	42	255	715.714	871.405	23.556	8.560	6.247	20.409
76	46	255	845.087	871.087	24.385	8.217	7.128	114.836
77	57	255	782.886	869.746	29.213	11.645	6.232	44.924
78	37	255	946.500	870.446	22.142	7.772	6.061	119.044
79	48	255	200.625	869.000	24.728	8.407	7.269	74.541
80	41	255	257.793	869.012	27.213	7.534	6.929	4.020
81	38	255	358.053	869.211	23.799	7.713	6.273	15.487
82	56	255	466.232	868.679	27.556	9.330	7.642	69.454
83	27	255	80.167	867.426	18.971	7.080	4.856	122.693
84	88	255	572.875	865.614	34.385	11.218	9.988	111.006
85	5	255	960.300	867.900	7.071	3.144	2.025	161.565
86	57	255	240.675	862.237	29.456	11.952	6.072	145.118
87	58	255	959.138	862.017	33.799	9.836	7.508	146.724
88	5	255	700.500	863.500	8.485	3.732	1.706	148.283
89	66	255	204.697	858.788	30.385	9.647	8.711	58.577
90	32	255	253.125	860.062	20.728	6.885	5.918	58.886
91	52	255	588.154	859.442	27.213	8.454	7.832	167.769
92	60	255	97.183	858.750	27.799	9.539	8.008	52.394
93	54	255	666.315	858.611	28.385	10.105	6.804	154.867
94	47	255	698.670	858.521	26.971	8.201	7.297	177.161
95	31	255	761.048	859.016	20.728	6.701	5.890	74.974
96	44	255	897.250	859.273	26.385	8.333	6.723	178.816
97	60	255	167.083	857.733	28.142	9.340	8.179	100.720
98	35	255	794.957	858.757	20.971	7.805	5.710	159.330
99	61	255	303.746	855.156	29.556	11.634	6.676	79.148
100	77	255	410.708	856.214	32.042	11.135	8.804	41.586
101	45	255	745.833	857.056	24.971	8.612	6.653	92.841
102	191	255	80.055	850.055	56.770	18.498	13.147	112.718
103	50	255	193.540	854.140	26.142	8.361	7.614	101.122
104	39	255	233.423	854.782	28.142	7.072	7.022	31.372
105	79	255	273.728	853.652	31.799	11.092	9.068	168.528
106	9	255	611.833	856.056	10.485	4.196	2.731	96.047
107	50	255	771.680	854.120	24.971	8.294	7.676	130.981
108	12	255	0.917	853.083	15.657	7.184	2.127	94.364
109	44	255	846.455	852.727	23.556	8.111	6.907	58.970
110	48	255	920.417	851.854	26.971	8.972	6.812	51.665
111	44	255	627.068	848.886	23.213	8.215	6.820	136.141
112	37	255	789.419	848.203	28.142	7.680	6.134	147.533
113	36	255	670.889	848.167	24.142	8.170	5.611	24.494
114	39	255	1110.833	847.372	24.385	7.857	6.320	72.525
115	82	255	110.134	845.854	32.627	11.067	9.434	119.454
116	77	255	444.760	846.292	33.799	11.867	8.262	23.411
117	29	255	594.362	848.293	19.314	6.457	5.719	122.485
118	47	255	220.053	845.138	26.142	10.124	5.911	91.857
119	37	255	96.743	843.527	22.971	7.568	6.225	45.102
120	58	255	748.569	843.466	30.385	9.965	7.411	50.148
121	50	255	1013.060	843.460	25.799	8.393	7.586	51.709
122	71	255	689.880	839.937	31.213	10.664	8.477	137.602
123	67	255	937.530	840.709	30.627	11.096	7.688	5.181
124	41	255	895.598	840.500	33.456	8.569	6.092	25.293
125	39	255	201.269	838.885	25.556	8.515	5.832	83.871
126	67	255	347.515	838.410	29.213	9.726	8.771	17.841
127	60	255	1140.983	838.400	27.556	9.407	8.121	101.782
128	38	255	524.658	838.289	21.556	7.224	6.698	149.725
129	45	255	774.522	837.144	31.213	8.104	7.070	86.127
130	41	255	821.939	838.305	23.556	8.047	6.487	69.950
131	67	255	883.425	835.634	29.556	11.417	7.472	93.878
132	84	255	967.286	835.167	34.042	11.211	9.540	99.779
133	21	255	597.119	837.357	16.728	6.250	4.278	163.129
134	117	255	81.996	833.338	40.284	15.008	9.926	145.948
135	44	255	738.045	835.250	27.799	8.948	6.261	163.235
136	79	255	576.842	832.994	32.385	11.211	8.972	52.158
137	68	255	915.015	833.912	40.870	11.614	7.455	3.570
138	41	255	392.427	832.988	22.971	7.635	6.837	46.355
139	38	255	477.316	833.737	25.799	7.738	6.253	156.151
140	35	255	167.386	832.386	21.556	7.537	5.913	49.628
141	26	255	249.077	832.885	22.385	6.088	5.437	52.376
142	1	255	252.500	835.500	2.828	1.128	1.128	0.000
143	46	255	511.109	832.478	24.142	8.417	6.958	177.927
144	34	255	1088.941	831.588	23.556	7.980	5.425	91.655
145	1	255	255.500	834.500	2.828	1.128	1.128	0.000
146	50	255	680.420	831.240	25.799	8.378	7.598	153.435
147	44	255	116.909	830.000	24.142	8.024	6.982	90.000
148	72	255	15.861	827.722	30.627	10.553	8.687	130.112
149	46	255	540.196	828.304	24.385	8.707	6.727	76.782
150	139	255	262.960	823.637	76.326	19.888	8.899	45.736
151	23	255	549.500	828.630	18.142	6.175	4.742	74.894
152	104	255	873.433	826.019	42.284	12.176	10.875	104.299
153	35	255	252.900	827.414	26.385	7.470	5.966	54.329
154	63	255	743.325	826.437	34.627	9.296	8.629	146.095
155	29	255	1063.086	827.672	18.728	6.621	5.576	43.936
156	39	255	466.628	826.218	22.142	7.462	6.654	2.830
157	69	255	524.051	824.471	29.799	10.346	8.491	39.512
158	47	255	1000.564	824.798	24.142	8.283	7.224	98.171
159	37	255	1095.743	824.905	24.385	7.428	6.342	51.229
160	61	255	922.926	822.516	28.042	9.509	8.168	2.841
161	51	255	1084.343	823.147	26.385	9.131	7.112	160.016
162	53	255	856.632	822.594	25.556	9.251	7.294	8.758
163	46	255	1008.957	822.739	25.556	8.622	6.793	12.801
164	42	255	199.262	820.238	28.728	7.731	6.917	156.556
165	45	255	837.144	821.300	24.385	8.096	7.077	137.004
166	63	255	958.357	820.865	28.142	9.894	8.107	156.823
167	57	255	1209.482	819.816	26.385	9.286	7.815	177.677
168	56	255	349.589	818.107	26.385	9.017	7.907	152.969
169	51	255	875.088	814.108	31.213	9.942	6.531	30.141
170	26	255	402.462	813.115	19.556	5.829	5.679	123.353
171	38	255	1089.500	811.500	25.799	7.665	6.312	74.710
172	42	255	508.762	810.071	24.385	8.646	6.185	64.825
173	72	255	580.986	807.722	44.527	10.736	8.539	99.226
174	45	255	996.456	810.411	24.971	9.261	6.187	13.923
175	27	255	1222.019	809.315	26.971	7.321	4.696	83.040
176	29	255	184.466	809.741	26.385	6.423	5.749	79.183
177	73	255	368.541	807.267	32.042	11.467	8.106	138.540
178	61	255	548.910	806.697	28.971	10.342	7.510	80.525
179	62	255	522.677	806.274	27.799	9.101	8.674	74.935
180	35	255	645.786	807.186	21.556	7.081	6.293	136.930
181	29	255	1121.569	807.948	19.556	7.272	5.077	20.741
182	28	255	377.393	806.179	20.142	6.865	5.193	99.304
183	50	255	567.740	805.240	31.213	10.689	5.956	120.556
184	65	255	438.900	803.808	28.971	10.208	8.107	98.406
185	87	255	325.420	802.121	33.213	11.196	9.894	166.321
186	31	255	890.274	802.823	22.385	7.148	5.522	131.643
187	91	255	946.137	801.973	36.042	12.483	9.282	179.376
188	30	255	985.267	803.967	21.556	7.542	5.065	45.043
189	65	255	298.331	800.562	35.456	9.327	8.873	171.628
190	45	255	359.411	801.878	24.142	8.505	6.737	113.554
191	70	255	856.671	801.243	30.385	10.683	8.343	56.514
192	57	255	1099.289	801.254	32.385	9.164	7.919	60.788
193	117	255	559.466	794.927	45.456	16.726	8.906	101.790
194	12	255	720.833	799.667	13.314	5.606	2.726	127.750
195	41	255	194.207	796.573	22.971	8.272	6.311	34.168
196	54	255	1141.796	795.611	27.213	10.998	6.252	138.980
197	47	255	349.372	794.436	24.971	8.581	6.974	91.048
198	40	255	457.175	794.475	22.142	7.330	6.948	104.297
199	44	255	543.841	794.795	24.971	8.427	6.648	24.200
200	32	255	692.969	794.969	20.728	6.820	5.974	164.452
201	26	255	269.846	794.077	18.142	6.414	5.161	132.118
202	57	255	877.096	792.132	26.971	9.435	7.692	58.050
203	57	255	1118.553	792.272	27.213	9.099	7.976	42.198
204	66	255	212.121	790.152	30.042	10.423	8.063	55.674
205	38	255	279.737	790.974	24.385	7.413	6.527	26.358
206	37	255	339.203	791.419	22.385	9.081	5.188	37.789
207	40	255	1075.900	792.300	24.385	8.595	5.925	173.309
208	55	255	844.064	789.427	26.971	9.339	7.498	93.554
209	100	255	376.470	787.550	35.799	11.991	10.619	131.201
210	36	255	488.417	790.583	22.728	8.453	5.423	6.027
211	201	255	541.714	781.167	80.811	17.535	14.595	57.575
212	54	255	860.000	789.000	25.556	8.624	7.973	35.538
213	43	255	198.477	787.686	22.971	8.212	6.667	121.017
214	55	255	298.227	788.009	28.385	9.508	7.365	144.271
215	83	255	513.211	785.886	34.042	11.816	8.944	110.882
216	44	255	258.250	786.636	23.556	8.629	6.492	143.037
217	44	255	957.409	786.636	24.971	8.660	6.469	13.516
218	57	255	923.237	785.939	29.556	11.739	6.183	6.592
219	38	255	1188.868	785.237	28.042	7.469	6.477	145.629
220	74	255	246.216	781.676	31.799	10.855	8.680	119.263
221	37	255	573.041	781.581	21.314	7.326	6.430	99.268
222	51	255	698.382	781.069	26.385	9.059	7.168	0.234
223	62	255	833.903	780.258	31.213	10.936	7.218	39.971
224	51	255	1101.951	779.382	38.284	9.721	6.680	120.787
225	27	255	1198.648	781.759	18.142	6.456	5.325	125.295
226	27	255	553.796	780.574	18.728	6.213	5.534	32.865
227	63	255	1088.865	778.008	31.213	10.755	7.458	86.438
228	33	255	325.439	779.318	25.799	7.625	5.510	16.148
229	59	255	905.839	778.958	27.314	9.140	8.219	134.324
230	34	255	686.265	778.029	24.971	7.074	6.119	4.288
231	52	255	852.135	777.865	25.556	8.681	7.627	129.948
232	5	255	201.300	779.900	7.071	3.144	2.025	161.565
233	36	255	862.417	777.556	22.142	7.468	6.137	106.980
234	1	255	1191.500	780.500	2.828	1.128	1.128	0.000
235	47	255	196.883	776.755	28.385	10.405	5.752	0.578
236	59	255	1012.449	775.415	29.213	9.245	8.126	51.781
237	33	255	1124.409	777.530	21.314	8.160	5.149	4.042
238	33	255	100.712	775.530	22.971	7.527	5.582	19.457
239	65	255	338.885	773.838	28.385	10.095	8.198	100.463
240	81	255	972.043	774.130	32.385	10.491	9.831	44.495
241	46	255	167.283	773.913	24.142	8.317	7.042	87.875
242	80	255	236.075	773.163	32.385	10.795	9.436	50.035
243	23	255	1178.413	774.283	17.314	5.892	4.970	127.316
244	52	255	271.058	771.577	28.385	8.885	7.452	18.212
245	41	255	532.110	771.500	30.627	7.728	6.755	115.142
246	27	255	1054.093	773.056	18.142	6.441	5.337	50.287
247	77	255	1113.526	770.526	31.799	11.177	8.771	106.039
248	59	255	143.924	770.381	27.556	9.460	7.941	102.555
249	10	255	551.100	773.500	13.899	4.918	2.589	16.414
250	42	255	917.500	771.405	22.728	7.717	6.930	142.804
251	87	255	666.868	768.879	32.971	10.603	10.447	147.727
252	55	255	7.664	768.809	27.213	8.997	7.783	58.283
253	56	255	379.036	769.071	30.385	8.839	8.067	127.033
254	71	255	393.063	768.528	29.799	10.211	8.853	29.587
255	43	255	513.198	769.593	22.971	7.891	6.938	7.775
256	66	255	827.621	767.515	37.456	11.411	7.364	134.502
257	35	255	843.157	769.100	29.556	7.256	6.142	57.202
258	26	255	64.500	769.154	19.556	8.641	3.831	146.555
259	45	255	49.967	766.722	24.971	8.443	6.786	56.009
260	46	255	127.739	766.913	24.728	8.526	6.869	94.217
261	53	255	280.142	767.047	25.556	8.638	7.812	39.285
262	37	255	849.905	767.122	22.142	8.179	5.760	105.358
263	71	255	1181.570	766.514	32.385	10.260	8.811	35.417
264	60	255	1202.567	765.467	28.385	9.280	8.232	37.693
265	15	255	549.500	766.500	17.899	5.873	3.252	10.519
266	58	255	585.603	764.293	38.870	11.183	6.603	139.877
267	26	255	601.654	764.154	18.142	5.936	5.577	78.462
268	58	255	978.328	761.293	40.284	11.423	6.465	95.158
269	79	255	556.019	759.158	32.971	11.920	8.439	88.704
270	54	255	1165.222	760.778	26.971	9.364	7.342	103.647
271	1	255	588.500	763.500	2.828	1.128	1.128	0.000
272	51	255	471.931	759.225	25.556	8.538	7.605	124.489
273	45	255	792.344	759.900	32.042	10.879	5.267	177.621
274	74	255	569.770	756.203	32.042	11.846	7.953	63.747
275	77	255	835.838	755.760	44.284	10.285	9.532	132.342
276	32	255	774.188	756.812	20.971	7.610	5.354	77.443
277	45	255	1041.789	756.700	26.385	7.753	7.390	174.360
278	69	255	484.616	753.891	30.971	11.011	7.979	91.611
279	82	255	517.463	754.634	32.971	11.537	9.049	7.067
280	33	255	753.227	756.167	20.728	6.785	6.192	10.763
281	50	255	991.920	754.600	30.627	8.727	7.295	5.749
282	61	255	1097.336	754.041	28.627	10.384	7.479	32.880
283	55	255	323.482	752.682	26.971	9.799	7.146	27.068
284	38	255	338.842	753.132	22.142	7.799	6.204	69.963
285	61	255	1135.762	751.107	37.113	9.292	8.359	7.121
286	41	255	87.817	751.963	22.385	8.243	6.333	120.564
287	28	255	870.321	751.393	18.728	7.042	5.062	94.716
288	54	255	916.093	748.111	29.799	9.010	7.631	150.579
289	36	255	1221.194	747.667	24.142	7.155	6.407	90.377
290	93	255	77.005	745.403	36.627	11.576	10.229	15.989
291	69	255	197.732	746.080	29.799	9.993	8.792	75.630
292	59	255	1109.297	746.669	28.627	10.178	7.381	156.779
293	76	255	890.684	745.145	31.213	10.296	9.398	111.561
294	63	255	1007.373	745.897	27.799	9.491	8.452	149.337
295	37	255	54.959	744.716	21.314	7.614	6.188	65.947
296	45	255	691.211	742.367	32.870	9.709	5.901	90.972
297	7	255	698.929	743.214	9.899	3.855	2.312	149.036
298	53	255	147.651	739.330	27.213	9.493	7.108	130.590
299	75	255	726.393	738.127	32.627	10.250	9.316	143.477
300	59	255	814.025	738.754	36.627	9.834	7.639	9.500
301	42	255	874.714	738.929	25.213	8.176	6.541	131.009
302	40	255	260.125	738.025	24.385	8.635	5.898	22.183
303	44	255	437.295	737.386	23.556	7.850	7.137	149.743
304	94	255	1186.628	736.234	40.627	14.370	8.329	18.261
305	56	255	1201.786	736.268	26.971	9.450	7.545	70.481
306	59	255	510.703	735.466	27.556	9.291	8.086	110.146
307	42	255	354.357	735.000	23.556	8.741	6.118	119.203
308	61	255	376.270	734.352	27.799	9.158	8.480	14.004
309	30	255	542.333	735.933	19.556	6.463	5.910	34.367
310	18	255	698.056	736.944	14.728	5.692	4.027	169.529
311	47	255	227.564	733.862	24.971	9.281	6.448	112.218
312	85	255	1095.653	732.865	40.870	11.658	9.284	177.394
313	33	255	800.439	733.742	24.385	7.896	5.321	173.978
314	65	255	465.838	731.115	28.385	10.095	8.198	10.463
315	110	255	855.891	728.273	38.284	12.385	11.309	79.175
316	45	255	677.322	728.967	24.728	8.719	6.571	106.040
317	30	255	1169.133	728.867	18.728	6.529	5.850	45.001
318	66	255	317.076	725.545	30.142	10.482	8.017	84.919
319	73	255	821.075	725.966	31.213	10.132	9.173	75.011
320	64	255	485.016	724.531	30.971	10.230	7.965	94.634
321	100	255	643.070	723.300	36.870	12.591	10.112	48.993
322	35	255	564.014	722.129	20.971	7.833	5.689	106.729
323	70	255	992.114	721.229	29.799	10.210	8.730	4.932
324	39	255	48.218	718.885	26.728	11.237	4.419	103.271
325	53	255	519.123	720.651	26.385	9.250	7.295	138.478
326	46	255	338.870	720.587	24.971	8.526	6.870	166.577
327	60	255	129.567	718.850	28.385	9.540	8.008	4.235
328	7	255	182.500	721.500	8.485	3.772	2.363	135.000
329	69	255	1187.254	717.268	31.556	11.791	7.451	98.977
330	41	255	752.817	718.378	24.142	8.234	6.340	130.627
331	25	255	1041.260	718.260	20.142	7.175	4.436	94.352
332	27	255	1123.833	719.241	18.142	6.252	5.499	8.742
333	61	255	416.385	716.025	28.385	10.236	7.587	103.024
334	39	255	774.295	717.987	23.556	8.133	6.106	173.710
335	34	255	882.941	717.765	20.971	7.211	6.003	139.556
336	55	255	1068.591	716.100	29.213	12.209	5.736	48.556
337	49	255	70.276	715.724	25.556	9.031	6.908	40.745
338	86	255	406.465	714.628	33.213	11.158	9.814	164.956
339	76	255	595.289	714.868	31.799	10.395	9.309	49.755
340	62	255	88.645	714.484	28.385	9.017	8.755	47.018
341	61	255	765.434	714.025	28.971	10.687	7.268	105.122
342	59	255	314.127	713.602	28.385	9.724	7.725	115.878
343	42	255	58.667	713.167	22.385	7.882	6.784	173.807
344	60	255	807.133	712.583	28.385	9.809	7.788	13.842
345	46	255	1198.870	712.717	27.799	8.056	7.270	172.859
346	52	255	540.154	712.538	26.971	10.048	6.589	16.698
347	56	255	955.464	709.857	30.042	9.381	7.601	101.042
348	40	255	6.325	708.600	25.799	7.400	6.883	117.268
349	50	255	1051.120	708.820	26.971	9.381	6.786	116.191
350	94	255	1176.372	707.979	35.213	12.478	9.592	24.994
351	36	255	337.000	708.306	21.556	8.198	5.591	121.982
352	52	255	426.327	705.192	27.799	11.698	5.660	134.702
353	42	255	845.833	706.190	24.627	7.415	7.212	175.468
354	60	255	386.467	704.983	28.385	9.881	7.732	149.149
355	40	255	407.750	706.075	22.728	8.264	6.163	171.380
356	57	255	365.254	703.991	37.456	9.435	7.692	32.925
357	41	255	501.207	704.329	27.213	9.420	5.542	148.227
358	60	255	818.117	702.083	27.556	9.217	8.289	77.278
359	65	255	1191.946	701.900	28.385	9.949	8.318	86.065
360	1	255	1207.500	706.500	2.828	1.128	1.128	0.000
361	30	255	103.133	703.133	18.728	6.529	5.850	135.000
362	56	255	452.464	700.464	28.385	9.951	7.165	40.373
363	77	255	87.799	699.006	31.799	10.132	9.677	155.469
364	44	255	904.614	699.932	24.971	8.567	6.539	45.119
365	60	255	1204.650	698.083	32.284	10.065	7.590	60.763
366	61	255	559.025	696.861	28.870	11.322	6.860	43.632
367	41	255	495.256	696.476	28.971	9.768	5.344	147.110
368	108	255	986.778	694.361	42.042	13.058	10.530	168.938
369	60	255	231.150	693.583	28.385	10.027	7.619	67.430
370	61	255	677.500	693.795	29.213	9.641	8.056	92.067
371	63	255	1180.183	694.786	30.627	11.919	6.730	31.712
372	73	255	416.733	693.390	30.385	10.048	9.250	155.116
373	41	255	357.793	692.744	29.799	7.954	6.563	137.277
374	6	255	17.333	694.000	10.485	3.853	1.983	5.310
375	35	255	28.900	691.843	21.314	6.890	6.468	5.428
376	60	255	640.700	690.367	28.385	9.083	8.411	62.128
377	58	255	452.724	689.190	26.971	9.103	8.113	99.141
378	33	255	783.985	690.258	20.728	6.802	6.177	125.146
379	67	255	387.291	688.201	28.971	9.339	9.135	10.278
380	33	255	632.076	689.833	20.142	7.010	5.994	96.868
381	66	255	653.985	687.879	29.799	10.310	8.151	102.939
382	68	255	1016.309	688.103	29.799	10.173	8.510	16.641
383	63	255	1114.532	687.198	31.799	9.303	8.623	16.262
384	81	255	1185.772	687.117	33.213	10.625	9.706	162.519
385	91	255	1213.929	685.434	35.213	11.452	10.118	94.275
386	48	255	88.667	685.750	25.556	9.032	6.767	123.926
387	60	255	805.067	685.500	28.971	9.860	7.748	100.658
388	45	255	408.789	684.122	31.213	8.799	6.512	162.522
389	39	255	750.577	683.321	22.728	9.275	5.354	85.748
390	71	255	1198.317	681.754	34.870	9.736	9.285	32.999
391	44	255	2.545	681.659	24.728	9.239	6.064	86.062
392	71	255	792.500	681.613	30.142	9.585	9.432	90.000
393	11	255	1159.136	683.409	11.071	4.384	3.195	15.071
394	59	255	496.229	678.653	27.799	10.310	7.286	97.036
395	94	255	61.670	676.564	35.799	13.263	9.024	171.419
396	74	255	578.662	674.581	49.113	10.504	8.970	125.860
397	39	255	1010.628	677.628	21.556	7.379	6.729	45.002
398	67	255	1206.545	675.918	33.213	10.476	8.143	151.467
399	55	255	395.809	676.082	26.728	8.986	7.793	52.248
400	48	255	667.958	674.667	24.385	8.875	6.886	144.444
401	109	255	1194.821	672.133	47.941	16.877	8.223	141.334
402	78	255	609.436	673.013	31.799	11.368	8.736	2.094
403	66	255	3.076	670.667	30.728	11.629	7.226	86.182
404	79	255	459.614	669.741	33.213	11.168	9.006	102.129
405	31	255	757.113	672.177	23.556	6.732	5.863	159.864
406	40	255	507.550	670.500	25.799	7.770	6.554	10.706
407	59	255	1175.008	670.466	33.456	9.196	8.169	102.344
408	69	255	22.949	668.877	30.142	10.678	8.228	80.123
409	34	255	935.706	671.000	21.556	6.653	6.507	157.778
410	56	255	1001.179	669.554	26.971	8.946	7.970	101.001
411	28	255	1124.143	671.357	20.971	6.573	5.424	172.331
412	56	255	12.054	667.321	30.627	11.446	6.229	71.415
413	55	255	45.627	668.209	27.213	8.512	8.227	61.639
414	68	255	180.074	668.250	29.213	9.735	8.893	0.633
415	32	255	415.375	669.719	19.556	6.895	5.909	1.923
416	50	255	651.440	666.900	26.971	9.514	6.692	94.617
417	37	255	343.743	667.365	22.142	7.799	6.040	130.308
418	58	255	717.448	666.707	26.385	9.571	7.716	154.846
419	50	255	1159.820	666.260	29.799	8.645	7.364	109.120
420	42	255	1208.548	667.667	22.728	7.484	7.145	126.384
421	51	255	529.029	665.931	24.971	8.201	7.917	23.199
422	63	255	93.071	665.310	28.728	10.657	7.527	6.992
423	56	255	801.107	663.625	32.042	9.198	7.751	103.849
424	76	255	1011.316	663.289	38.284	10.665	9.073	170.285
425	37	255	113.824	663.554	21.556	7.121	6.616	153.767
426	74	255	601.811	661.324	31.799	9.933	9.486	4.205
427	55	255	788.245	662.336	26.385	9.046	7.741	73.765
428	36	255	668.056	660.972	24.142	8.333	5.501	76.441
429	75	255	405.820	659.500	32.385	10.194	9.367	114.149
430	63	255	355.246	658.421	28.385	9.714	8.258	45.181
431	87	255	656.224	657.040	36.042	13.597	8.147	35.818
432	58	255	131.310	655.948	28.142	9.596	7.696	48.551
433	82	255	382.183	655.878	34.042	11.328	9.217	128.419
434	33	255	440.773	657.712	21.556	7.150	5.877	83.416
435	60	255	37.867	655.217	32.042	9.796	7.799	31.265
436	62	255	428.565	655.161	29.213	10.699	7.378	152.748
437	69	255	514.486	653.674	29.799	9.692	9.064	102.384
438	49	255	862.541	653.765	24.971	8.340	7.480	68.773
439	53	255	1076.500	654.519	26.971	9.149	7.375	166.849
440	1	255	1181.500	656.500	2.828	1.128	1.128	0.000
441	2	255	1176.500	655.000	4.828	2.257	1.128	90.000
442	58	255	623.603	651.086	26.971	9.095	8.120	166.976
443	45	255	932.233	650.811	25.556	8.686	6.596	20.019
444	44	255	1090.864	650.886	25.314	8.611	6.506	179.262
445	48	255	367.938	648.479	25.213	8.594	7.111	74.862
446	35	255	901.214	648.386	22.142	7.618	5.850	116.905
447	68	255	24.985	645.941	29.799	10.234	8.460	83.771
448	39	255	767.064	647.141	22.971	7.917	6.272	23.579
449	36	255	781.972	647.389	29.799	7.995	5.733	160.498
450	1	255	785.500	650.500	2.828	1.128	1.128	0.000
451	96	255	1127.844	645.396	34.971	11.657	10.486	88.749
452	57	255	581.781	646.079	26.971	9.144	7.937	146.686
453	3	255	636.500	649.500	6.243	3.385	1.128	0.000
454	76	255	253.592	642.500	33.799	12.429	7.786	110.925
455	47	255	639.606	645.223	28.385	9.685	6.179	4.115
456	38	255	916.474	644.289	22.971	7.857	6.158	148.049
457	47	255	1211.564	643.053	30.627	9.190	6.512	115.957
458	29	255	390.810	643.948	18.728	6.269	5.890	145.305
459	40	255	409.500	643.400	22.728	7.999	6.367	149.689
460	48	255	669.271	643.104	26.385	9.617	6.355	122.873
461	48	255	731.938	642.542	32.385	9.715	6.291	22.739
462	50	255	596.600	641.220	27.213	11.201	5.683	45.717
463	67	255	1066.918	639.918	45.113	9.442	9.035	85.537
464	59	255	616.720	640.771	28.385	8.848	8.490	22.907
465	38	255	378.316	640.000	22.971	7.644	6.330	38.608
466	86	255	1173.977	638.605	33.213	10.849	10.093	104.858
467	64	255	559.016	638.922	31.799	10.337	7.883	5.193
468	76	255	509.092	637.579	30.971	10.364	9.336	168.120
469	28	255	605.179	637.500	18.485	6.503	5.482	0.000
470	72	255	1056.333	634.181	30.627	11.155	8.218	116.574
471	11	255	1223.136	635.318	15.657	6.680	2.097	87.660
472	88	255	422.625	632.580	35.213	11.887	9.426	164.162
473	47	255	700.330	633.649	25.556	8.231	7.271	48.271
474	45	255	228.567	633.367	30.627	8.170	7.013	17.285
475	34	255	20.324	632.235	25.213	6.747	6.416	7.648
476	57	255	374.412	630.921	26.971	9.292	7.811	155.500
477	60	255	393.733	629.500	29.556	11.239	6.797	97.171
478	35	255	897.386	631.443	20.385	6.685	6.666	116.565
479	63	255	404.833	629.802	28.971	9.422	8.514	73.705
480	58	255	471.397	629.690	28.385	9.730	7.590	121.219
481	36	255	625.750	630.500	21.314	7.510	6.103	106.397
482	27	255	605.093	629.981	18.142	6.727	5.110	50.404
483	72	255	851.431	627.931	31.456	10.307	8.894	108.425
484	49	255	1190.786	628.194	25.799	8.514	7.327	75.701
485	82	255	346.951	627.476	42.870	11.398	9.160	8.504
486	3	255	819.833	630.833	5.657	2.365	1.615	135.000
487	32	255	177.312	627.344	23.213	7.437	5.478	10.107
488	40	255	316.425	626.375	22.971	7.635	6.671	93.800
489	46	255	1081.522	625.739	30.385	8.438	6.941	37.708
490	51	255	196.598	624.755	27.213	8.653	7.505	62.180
491	68	255	538.412	623.309	42.284	10.001	8.658	98.145
492	68	255	572.882	624.309	38.870	10.110	8.564	155.399
493	61	255	964.041	624.648	27.556	9.514	8.164	71.971
494	56	255	793.446	622.446	26.728	9.552	7.464	101.726
495	94	255	1177.734	621.957	35.213	12.101	9.890	153.231
496	27	255	612.722	622.278	21.556	6.227	5.521	158.318
497	47	255	628.457	621.096	26.385	8.664	6.907	87.197
498	2	255	1157.500	625.000	4.828	2.257	1.128	90.000
499	60	255	1133.850	620.617	26.971	9.171	8.330	111.911
500	6	255	1161.667	623.500	8.485	3.718	2.055	53.130
501	32	255	13.625	619.219	21.314	8.367	4.870	92.871
502	85	255	123.124	616.876	32.385	10.731	10.085	45.006
503	44	255	385.750	617.636	27.213	11.385	4.921	47.208
504	59	255	894.161	616.534	27.556	9.321	8.059	109.024
505	77	255	26.071	615.175	32.627	10.886	9.006	170.276
506	70	255	398.571	613.814	35.456	12.749	6.991	109.481
507	86	255	410.535	614.384	40.284	12.100	9.049	108.873
508	39	255	675.115	615.321	25.799	7.501	6.620	170.061
509	78	255	101.295	613.346	32.385	10.083	9.850	6.340
510	85	255	158.982	612.806	33.799	10.669	10.144	88.580
511	33	255	172.561	614.136	21.556	6.709	6.263	7.879
512	50	255	187.520	613.520	26.385	8.285	7.684	99.252
513	51	255	454.676	613.912	30.385	9.074	7.156	54.394
514	96	255	498.719	611.990	35.213	13.007	9.398	151.328
515	48	255	90.000	610.625	25.899	9.841	6.210	80.240
516	44	255	713.000	611.091	23.556	8.024	6.982	0.000
517	33	255	819.833	611.197	26.385	6.927	6.065	109.349
518	70	255	873.614	609.829	29.799	10.269	8.679	62.888
519	1	255	1153.500	611.500	2.828	1.128	1.128	0.000
520	3	255	457.167	609.833	5.657	2.365	1.615	45.000
521	44	255	562.136	606.545	24.385	7.808	7.175	17.378
522	2	255	1152.500	609.000	4.828	2.257	1.128	90.000
523	2	255	417.000	607.000	5.657	2.596	0.981	45.000
524	27	255	1039.537	604.685	18.728	6.161	5.580	137.055
525	1	255	1155.500	607.500	2.828	1.128	1.128	0.000
526	91	255	390.313	603.082	34.971	13.614	8.510	175.576
527	45	255	1130.278	602.678	24.971	8.920	6.423	85.498
528	2	255	1157.500	606.000	4.828	2.257	1.128	90.000
529	34	255	1175.559	603.882	24.142	7.406	5.846	172.943
530	62	255	372.645	601.355	27.799	8.967	8.804	134.984
531	56	255	1144.607	601.446	28.728	10.151	7.024	91.663
532	40	255	181.850	601.125	22.971	7.988	6.376	57.004
533	93	255	193.554	598.769	35.456	12.440	9.519	53.058
534	27	255	353.352	600.759	18.728	6.456	5.325	54.705
535	41	255	599.963	598.354	22.971	8.060	6.477	14.559
536	50	255	482.400	597.000	25.314	8.875	7.173	65.871
537	47	255	511.096	596.628	31.799	8.945	6.690	106.410
538	62	255	624.081	595.129	29.213	9.462	8.343	61.515
539	30	255	809.300	596.333	19.556	6.998	5.458	102.809
540	39	255	566.833	595.167	24.971	9.340	5.317	143.454
541	35	255	401.357	594.129	20.971	7.027	6.342	39.267
542	58	255	414.655	594.155	29.799	11.794	6.261	28.941
543	39	255	446.859	594.244	22.971	8.193	6.061	30.402
544	77	255	1035.058	592.305	32.627	11.692	8.385	48.453
545	78	255	787.949	591.487	32.042	10.383	9.565	44.891
546	36	255	1142.194	592.556	22.971	6.927	6.617	57.371
547	41	255	427.622	591.402	22.971	8.112	6.435	153.090
548	49	255	383.622	590.214	25.213	8.437	7.395	167.237
549	53	255	641.858	589.538	27.799	8.689	7.766	39.476
550	67	255	589.425	589.007	29.556	9.575	8.910	16.764
551	60	255	736.367	587.883	28.042	9.487	8.052	128.044
552	57	255	900.956	588.851	26.728	8.673	8.368	127.569
553	67	255	157.306	587.560	29.799	9.850	8.661	15.462
554	44	255	1114.818	587.932	30.627	8.260	6.783	82.750
555	113	255	189.969	585.580	63.598	14.925	9.640	177.558
556	61	255	605.418	584.730	29.213	10.855	7.155	45.677
557	50	255	1163.880	584.980	27.799	8.977	7.092	117.112
558	148	255	500.682	581.730	44.042	14.176	13.293	112.526
559	74	255	696.311	581.770	43.113	10.176	9.259	62.054
560	106	255	581.585	581.717	38.870	14.470	9.327	161.737
561	61	255	1186.090	582.156	28.385	9.043	8.589	113.922
562	32	255	79.594	581.531	20.142	7.239	5.628	86.083
563	65	255	66.762	578.869	34.042	9.526	8.688	87.730
564	58	255	220.414	580.086	27.556	10.112	7.303	31.352
565	47	255	382.245	580.245	24.971	8.728	6.856	9.178
566	37	255	623.365	578.635	20.971	7.472	6.305	147.393
567	51	255	664.775	577.951	32.385	10.046	6.464	40.636
568	26	255	787.154	578.346	17.899	6.366	5.200	176.492
569	76	255	1087.513	576.145	31.799	11.621	8.327	25.514
570	35	255	37.614	576.614	20.971	6.894	6.464	134.997
571	72	255	180.347	575.833	34.627	11.274	8.132	20.532
572	58	255	571.397	575.293	28.385	9.586	7.704	125.493
573	41	255	21.793	573.915	22.385	7.897	6.610	68.083
574	56	255	766.429	573.000	41.698	9.369	7.610	31.579
575	62	255	115.403	572.323	28.385	10.177	7.757	47.294
576	56	255	983.232	572.964	29.213	8.666	8.228	30.693
577	63	255	1056.119	571.976	34.870	9.878	8.120	69.546
578	50	255	1017.720	572.060	25.799	8.806	7.229	168.516
579	48	255	522.979	572.208	26.142	10.466	5.840	8.444
580	46	255	793.304	569.674	24.385	8.056	7.270	75.681
581	68	255	390.485	567.794	29.799	10.217	8.474	83.316
582	54	255	782.889	567.889	25.556	8.594	8.000	45.000
583	68	255	1115.235	566.662	29.799	10.307	8.400	115.923
584	105	255	410.986	566.652	37.799	14.493	9.224	8.941
585	8	255	1223.250	568.000	13.657	5.468	1.863	90.000
586	40	255	181.525	565.825	24.971	8.025	6.346	151.760
587	36	255	64.583	565.694	22.385	7.413	6.183	120.879
588	50	255	159.100	565.100	25.556	8.783	7.248	41.347
589	39	255	527.372	564.372	21.556	7.379	6.729	45.002
590	58	255	683.793	563.862	27.213	9.070	8.142	32.683
591	23	255	964.804	564.935	17.556	6.073	4.822	17.340
592	100	255	83.000	561.000	35.799	12.699	10.026	108.135
593	40	255	170.025	564.000	23.556	8.423	6.046	16.410
594	30	255	648.200	563.500	19.556	6.270	6.092	7.101E-13
595	31	255	276.823	562.242	21.556	7.047	5.601	168.465
596	40	255	1203.625	561.075	23.556	7.757	6.566	68.917
597	63	255	51.262	559.373	28.385	9.978	8.039	51.122
598	56	255	622.357	558.679	28.142	10.236	6.966	93.278
599	36	255	188.472	559.361	22.385	7.223	6.346	14.544
600	105	255	473.814	556.767	37.213	12.578	10.629	34.034
601	55	255	9.664	555.482	27.799	8.930	7.842	80.017
602	68	255	142.044	555.382	29.556	9.707	8.919	115.404
603	64	255	517.031	555.109	32.627	9.972	8.171	110.757
604	77	255	744.149	555.201	31.799	10.201	9.610	35.096
605	79	255	885.057	554.475	32.042	10.309	9.757	99.358
606	67	255	98.575	553.978	29.213	9.769	8.733	124.952
607	34	255	360.147	556.471	22.971	9.150	4.731	15.624
608	33	255	443.742	555.288	22.142	7.105	5.914	108.445
609	40	255	166.925	553.575	25.799	11.525	4.419	131.420
610	64	255	1079.891	552.359	34.042	10.456	7.793	57.674
611	29	255	1196.741	553.190	30.042	6.817	5.417	114.675
612	65	255	176.854	552.515	32.627	9.403	8.801	148.562
613	6	255	298.833	555.000	9.657	3.718	2.055	90.000
614	60	255	504.233	552.500	34.627	9.131	8.366	125.322
615	32	255	898.000	554.000	19.314	6.383	6.383	0.000
616	70	255	932.871	552.171	29.799	10.970	8.125	148.647
617	45	255	1160.033	553.344	28.385	8.845	6.478	22.175
618	46	255	534.413	550.587	28.627	11.554	5.069	55.297
619	48	255	708.375	552.312	25.799	8.792	6.951	39.349
620	35	255	963.929	552.271	24.142	8.771	5.081	72.442
621	56	255	979.518	550.893	30.627	12.320	5.787	117.761
622	1	255	296.500	554.500	2.828	1.128	1.128	0.000
623	59	255	425.585	551.059	27.799	9.984	7.524	151.008
624	43	255	691.012	550.663	26.142	10.861	5.041	166.249
625	71	255	33.599	547.655	36.042	9.735	9.287	134.297
626	43	255	544.733	548.291	27.556	8.594	6.371	98.124
627	9	255	967.500	550.167	12.485	5.081	2.255	61.845
628	82	255	1046.390	548.671	33.213	11.262	9.270	10.615
629	41	255	413.256	548.646	22.971	8.009	6.518	152.286
630	20	255	212.350	547.300	16.142	5.377	4.736	93.949
631	116	255	335.069	543.974	38.042	12.359	11.951	155.522
632	59	255	354.636	545.314	27.799	9.728	7.722	42.390
633	27	255	974.907	546.907	18.728	7.016	4.900	127.197
634	58	255	1032.414	545.776	26.971	9.429	7.832	3.041
635	32	255	901.844	545.094	20.728	7.246	5.623	102.603
636	61	255	1093.959	543.352	27.556	9.514	8.164	71.971
637	34	255	5.118	543.529	20.728	7.033	6.155	66.038
638	84	255	94.119	541.643	33.799	11.206	9.544	84.185
639	48	255	504.021	543.271	25.556	8.450	7.232	23.866
640	55	255	557.082	542.482	34.042	8.844	7.918	85.630
641	66	255	1215.288	537.970	40.870	11.608	7.239	79.991
642	89	255	205.500	541.354	34.142	11.648	9.728	6.214
643	22	255	269.818	543.318	16.728	5.567	5.032	147.575
644	61	255	151.615	541.074	28.142	9.714	7.995	157.371
645	32	255	163.969	542.156	19.899	6.780	6.009	141.782
646	45	255	967.011	540.767	30.627	8.677	6.603	72.848
647	58	255	1115.362	540.034	28.385	9.309	7.933	142.204
648	46	255	79.022	539.587	24.971	9.017	6.496	36.118
649	62	255	183.000	539.387	29.213	9.322	8.469	120.778
650	58	255	639.793	540.190	27.213	9.520	7.757	171.366
651	57	255	652.237	538.781	33.213	9.094	7.980	11.114
652	52	255	1148.327	538.423	27.213	8.457	7.829	134.798
653	68	255	13.250	537.824	29.799	10.117	8.558	32.862
654	47	255	54.138	538.798	24.385	8.933	6.699	177.315
655	32	255	597.000	539.000	19.314	6.383	6.383	0.000
656	61	255	929.746	537.615	28.627	9.425	8.241	166.441
657	63	255	101.913	535.960	30.385	9.757	8.221	66.129
658	70	255	223.757	536.929	30.142	10.427	8.548	1.550
659	45	255	438.922	536.278	26.385	8.478	6.758	111.658
660	33	255	910.773	536.652	26.385	7.473	5.623	74.892
661	45	255	1046.456	535.389	26.385	8.575	6.682	126.650
662	63	255	1175.627	536.024	28.728	9.544	8.404	4.757
663	21	255	388.738	536.452	16.142	5.407	4.945	21.331
664	23	255	482.978	536.891	17.314	6.363	4.602	167.176
665	100	255	521.470	531.160	60.426	15.126	8.417	137.591
666	2	255	1050.000	538.500	4.243	2.257	1.128	0.000
667	1	255	521.500	537.500	2.828	1.128	1.128	0.000
668	57	255	370.096	532.149	30.627	10.806	6.716	142.346
669	55	255	831.100	532.427	27.213	8.466	8.271	24.797
670	36	255	885.556	532.000	30.042	9.010	5.087	38.972
671	54	255	24.852	530.685	27.799	9.111	7.546	89.076
672	47	255	452.798	531.947	35.213	9.554	6.264	3.816
673	71	255	168.373	528.669	31.213	11.463	7.887	30.138
674	61	255	261.910	527.844	27.799	9.516	8.162	13.638
675	66	255	475.591	527.136	32.042	10.594	7.932	161.402
676	50	255	962.920	528.040	25.556	8.499	7.490	41.798
677	41	255	104.378	527.671	23.314	8.077	6.463	145.589
678	40	255	1219.000	528.150	24.385	8.564	5.947	174.842
679	36	255	70.444	525.944	22.728	8.790	5.215	87.570
680	36	255	211.333	524.778	26.385	8.363	5.481	27.949
681	59	255	318.856	524.110	32.042	9.295	8.082	120.912
682	45	255	650.322	525.233	24.385	8.105	7.069	142.450
683	56	255	861.714	524.375	30.627	9.569	7.451	93.225
684	42	255	934.714	525.548	24.971	8.877	6.024	30.733
685	46	255	430.826	525.152	24.971	9.804	5.974	171.336
686	66	255	1165.970	522.758	28.971	10.461	8.033	71.639
687	52	255	123.346	522.538	27.213	9.184	7.209	44.777
688	74	255	979.797	521.392	32.042	10.440	9.025	57.559
689	43	255	527.988	521.337	24.385	8.775	6.239	125.601
690	31	255	885.565	521.855	20.142	7.972	4.951	34.187
691	59	255	906.331	520.042	39.698	10.883	6.902	49.809
692	50	255	102.660	519.760	26.142	8.729	7.293	125.230
693	30	255	110.733	520.900	20.142	7.005	5.453	29.050
694	35	255	157.643	520.014	22.385	8.128	5.483	141.771
695	47	255	195.947	519.840	24.971	8.558	6.993	157.708
696	54	255	925.500	520.481	26.971	9.154	7.511	19.705
697	36	255	239.111	518.167	23.799	7.543	6.076	88.456
698	84	255	404.643	517.512	33.799	12.131	8.816	21.973
699	66	255	459.530	515.682	38.870	11.176	7.519	88.098
700	87	255	737.833	515.707	35.456	12.801	8.653	52.212
701	55	255	826.518	517.755	26.385	8.936	7.836	176.245
702	33	255	174.773	517.379	20.728	7.632	5.506	64.339
703	33	255	1071.864	517.591	20.142	7.398	5.680	127.087
704	69	255	1092.587	516.181	32.042	9.826	8.941	37.781
705	53	255	443.557	515.858	26.385	9.254	7.292	136.725
706	95	255	725.532	512.805	36.627	14.032	8.620	103.151
707	34	255	303.647	516.265	22.142	7.795	5.554	8.802
708	1	255	0.500	517.500	2.828	1.128	1.128	0.000
709	36	255	152.750	514.722	22.142	7.063	6.490	149.028
710	91	255	331.995	511.929	39.456	13.071	8.864	105.287
711	66	255	939.682	511.606	44.527	9.651	8.707	58.477
712	62	255	1045.839	513.468	36.284	11.395	6.928	169.109
713	42	255	950.619	513.190	22.971	7.736	6.913	58.301
714	32	255	2.656	512.250	20.728	7.029	5.796	63.370
715	56	255	38.107	511.375	33.213	8.955	7.962	82.636
716	26	255	323.423	509.577	38.870	9.580	3.456	108.707
717	76	255	164.395	508.092	33.799	13.005	7.441	66.919
718	50	255	221.820	510.300	25.799	8.824	7.215	160.752
719	32	255	265.875	510.844	19.314	6.492	6.276	20.608
720	25	255	50.540	509.900	17.314	6.042	5.268	79.130
721	58	255	514.328	508.052	27.556	10.485	7.043	76.832
722	55	255	961.664	508.682	30.385	9.304	7.527	23.487
723	36	255	494.528	508.611	25.799	7.068	6.485	37.342
724	53	255	985.802	508.594	26.728	8.966	7.527	1.767
725	52	255	87.250	507.673	29.556	11.444	5.786	174.805
726	49	255	241.276	507.051	27.799	8.916	6.998	140.434
727	59	255	891.941	506.314	26.971	8.938	8.405	72.633
728	41	255	75.280	505.500	22.971	7.810	6.684	23.896
729	35	255	173.986	504.414	20.728	8.009	5.564	126.402
730	51	255	258.657	502.578	29.213	9.699	6.695	115.110
731	64	255	605.375	499.625	35.456	9.377	8.690	43.977
732	69	255	762.036	499.688	29.799	9.852	8.917	72.600
733	53	255	993.689	499.443	37.456	9.160	7.367	105.489
734	73	255	151.870	499.664	31.556	10.797	8.609	15.697
735	55	255	233.882	499.791	26.385	9.290	7.538	122.895
736	46	255	881.152	499.978	29.799	8.709	6.725	106.243
737	87	255	421.833	497.466	33.213	11.170	9.917	102.616
738	30	255	632.333	500.300	24.385	7.586	5.035	10.552
739	35	255	102.843	498.643	22.385	7.852	5.676	161.149
740	133	255	250.801	496.034	49.598	17.489	9.683	152.175
741	67	255	619.858	497.560	31.213	10.894	7.831	157.401
742	30	255	906.233	499.000	18.971	6.994	5.461	153.353
743	52	255	980.385	497.769	25.799	9.253	7.156	155.434
744	38	255	7.895	496.158	21.556	7.920	6.109	100.358
745	73	255	789.199	495.103	31.213	10.771	8.629	38.736
746	38	255	855.947	496.289	27.213	7.157	6.760	152.630
747	23	255	1092.500	496.457	18.142	6.353	4.610	134.087
748	70	255	356.571	494.314	30.385	10.443	8.535	37.449
749	36	255	962.861	494.472	29.213	9.046	5.067	152.914
750	35	255	932.871	492.871	28.385	6.950	6.412	86.659
751	87	255	950.167	491.385	33.213	10.911	10.152	96.793
752	76	255	221.132	490.724	31.213	10.697	9.046	137.267
753	62	255	445.194	489.661	43.698	11.541	6.840	58.968
754	41	255	876.354	491.451	25.799	7.521	6.941	179.278
755	32	255	147.219	490.688	20.142	6.594	6.179	81.015
756	26	255	165.923	490.538	18.142	6.133	5.398	161.076
757	3	255	634.833	492.500	7.657	3.213	1.189	61.845
758	56	255	3.571	487.607	30.385	9.808	7.270	129.021
759	39	255	777.859	489.526	22.728	7.685	6.462	39.764
760	72	255	1014.764	488.333	30.385	9.972	9.193	164.202
761	88	255	676.602	486.693	34.627	12.040	9.306	133.800
762	78	255	1065.872	487.064	31.799	10.704	9.278	21.677
763	21	255	61.500	488.500	15.314	5.171	5.171	0.000
764	91	255	234.786	485.456	34.627	11.338	10.220	65.011
765	81	255	247.216	482.685	44.284	12.870	8.014	112.773
766	24	255	637.333	488.625	17.314	6.034	5.065	5.090
767	37	255	702.230	487.068	22.728	8.247	5.712	73.295
768	51	255	126.775	484.206	27.213	9.609	6.757	72.242
769	57	255	523.360	483.763	27.799	9.847	7.370	27.280
770	24	255	555.000	485.000	16.971	5.528	5.528	0.000
771	36	255	572.472	484.194	20.971	7.518	6.097	137.137
772	37	255	621.878	483.824	22.385	7.672	6.140	88.375
773	66	255	764.606	481.530	29.799	10.796	7.783	91.751
774	39	255	976.295	482.808	25.799	7.867	6.312	119.807
775	64	255	960.547	480.844	29.213	9.799	8.316	125.562
776	74	255	19.919	479.973	31.213	10.966	8.592	123.624
777	69	255	187.659	479.630	29.799	9.748	9.012	79.761
778	40	255	393.325	481.350	28.971	9.704	5.249	116.946
779	64	255	706.062	478.750	38.284	10.769	7.567	76.252
780	43	255	734.570	481.221	23.556	8.707	6.288	125.668
781	67	255	830.515	480.082	30.627	9.286	9.186	101.698
782	65	255	908.792	479.192	35.456	9.247	8.950	105.552
783	40	255	984.850	479.825	25.556	8.066	6.314	167.486
784	66	255	1054.742	478.591	36.870	9.505	8.841	137.265
785	81	255	156.179	478.117	31.799	10.468	9.852	132.549
786	43	255	388.826	477.198	26.971	10.087	5.428	118.672
787	59	255	416.754	478.534	28.971	10.416	7.212	51.363
788	69	255	476.225	476.384	32.627	11.894	7.387	63.087
789	62	255	495.613	477.097	27.556	9.462	8.343	15.253
790	54	255	773.574	475.463	26.971	9.472	7.259	118.448
791	54	255	793.852	475.926	26.971	9.906	6.941	141.222
792	32	255	511.750	476.406	22.971	7.339	5.552	176.388
793	62	255	679.387	472.774	51.598	10.937	7.218	108.439
794	60	255	1070.250	474.533	29.799	8.894	8.590	94.126
795	53	255	581.972	472.632	31.799	9.153	7.373	5.227
796	66	255	690.015	472.227	29.556	9.561	8.789	75.757
797	51	255	140.676	472.676	25.556	9.066	7.163	10.164
798	63	255	1205.310	471.214	27.799	9.376	8.555	142.322
799	39	255	714.321	470.603	22.728	8.323	5.966	41.611
800	52	255	464.769	468.346	26.142	9.571	6.918	104.767
801	33	255	745.136	468.742	20.971	7.503	5.600	37.921
802	43	255	852.174	467.802	23.799	7.700	7.111	96.592
803	49	255	436.622	467.194	25.799	8.719	7.156	153.468
804	35	255	117.529	465.157	24.728	8.419	5.293	85.778
805	72	255	307.028	463.764	31.799	12.276	7.468	66.382
806	44	255	406.045	465.795	23.799	8.881	6.308	129.189
807	57	255	1041.570	464.518	35.213	9.878	7.347	90.354
808	68	255	319.441	462.029	30.385	10.236	8.458	70.717
809	47	255	601.628	462.798	24.728	8.238	7.264	84.651
810	52	255	691.115	462.712	26.385	9.078	7.293	141.253
811	49	255	272.745	462.133	24.385	8.064	7.737	16.406
812	57	255	920.044	460.149	35.213	9.658	7.514	66.003
813	46	255	1118.739	460.239	24.385	7.957	7.361	152.425
814	45	255	473.967	458.833	23.799	8.688	6.595	133.507
815	29	255	741.190	459.603	20.728	6.626	5.573	13.383
816	26	255	1049.500	458.923	18.728	6.433	5.146	99.095
817	62	255	143.742	456.516	28.385	9.792	8.062	33.887
818	68	255	164.956	456.015	29.799	10.018	8.642	15.163
819	32	255	496.312	457.562	20.485	7.629	5.341	85.919
820	52	255	852.288	455.769	26.385	8.947	7.400	101.235
821	45	255	1021.411	454.767	24.728	7.911	7.242	54.013
822	59	255	203.856	452.619	29.799	9.801	7.665	115.024
823	73	255	312.651	451.610	32.042	12.099	7.682	31.379
824	31	255	709.048	452.887	22.142	7.038	5.608	110.146
825	53	255	880.877	449.481	26.385	8.447	7.989	138.915
826	39	255	409.218	449.372	26.971	7.765	6.395	159.315
827	51	255	440.206	448.657	25.213	9.085	7.147	147.585
828	2	255	484.500	452.000	4.828	2.257	1.128	90.000
829	49	255	682.500	448.663	24.971	8.538	7.307	90.000
830	34	255	972.559	448.853	22.971	7.907	5.475	105.836
831	65	255	1125.023	448.085	39.698	9.297	8.902	121.940
832	49	255	296.337	448.276	25.799	8.258	7.555	52.977
833	33	255	482.591	447.348	22.142	7.993	5.257	110.923
834	31	255	570.597	448.113	24.385	6.683	5.906	17.688
835	60	255	699.933	447.183	36.042	8.949	8.537	95.183
836	63	255	1207.548	447.659	28.971	9.222	8.698	159.371
837	35	255	593.671	448.186	26.385	9.668	4.609	26.189
838	60	255	865.550	446.583	27.799	9.190	8.313	150.468
839	59	255	947.212	446.229	34.870	8.863	8.475	73.949
840	37	255	319.581	446.257	24.385	7.718	6.104	108.435
841	45	255	926.522	445.856	32.042	8.090	7.082	145.222
842	41	255	1033.476	446.280	27.556	8.767	5.954	47.363
843	45	255	156.322	444.678	25.799	8.714	6.575	42.732
844	40	255	839.350	444.225	25.556	9.374	5.433	90.955
845	42	255	558.024	444.262	23.556	8.235	6.494	15.894
846	1	255	993.500	447.500	2.828	1.128	1.128	0.000
847	48	255	533.896	440.646	26.385	8.616	7.093	135.569
848	36	255	912.417	439.972	25.556	8.964	5.113	114.455
849	69	255	67.065	436.674	30.971	10.530	8.343	85.486
850	54	255	190.204	436.778	29.799	9.195	7.477	86.880
851	47	255	414.160	437.734	26.385	8.723	6.860	97.965
852	31	255	599.274	438.500	22.142	7.966	4.955	157.824
853	87	255	617.305	436.270	34.627	11.869	9.333	133.105
854	59	255	811.263	437.347	27.799	10.093	7.443	111.263
855	52	255	1019.769	437.827	26.385	9.275	7.139	143.080
856	28	255	1074.071	438.214	19.556	7.418	4.806	42.515
857	45	255	268.833	436.678	23.556	8.172	7.011	169.961
858	49	255	459.051	435.684	26.385	8.287	7.528	146.180
859	33	255	401.076	435.076	21.799	8.475	4.958	128.244
860	69	255	381.659	432.819	30.385	9.665	9.090	115.610
861	35	255	590.243	434.900	21.314	7.488	5.952	165.833
862	68	255	316.382	432.250	29.556	9.653	8.969	35.302
863	44	255	361.750	433.727	24.142	8.151	6.873	172.031
864	72	255	478.111	432.722	30.385	9.990	9.177	165.916
865	45	255	165.678	431.100	23.556	8.297	6.906	71.477
866	54	255	236.278	429.407	30.385	9.913	6.936	90.351
867	54	255	285.852	429.722	38.870	11.037	6.229	157.908
868	60	255	493.350	428.117	33.213	11.175	6.836	99.945
869	85	255	713.371	428.559	34.042	10.922	9.909	156.820
870	66	255	348.712	426.636	30.627	11.029	7.620	114.077
871	92	255	33.837	425.837	35.456	12.933	9.057	148.517
872	52	255	603.442	426.519	26.971	9.458	7.000	113.045
873	68	255	687.838	426.809	30.385	10.386	8.336	160.502
874	50	255	539.320	426.080	26.142	8.518	7.474	28.920
875	53	255	895.953	425.896	30.385	8.557	7.886	87.845
876	64	255	107.984	423.938	30.627	9.189	8.868	144.800
877	48	255	181.854	424.521	26.142	10.006	6.108	86.286
878	39	255	305.679	425.808	22.728	7.364	6.743	166.031
879	55	255	324.755	424.118	28.627	9.568	7.319	91.532
880	67	255	253.261	422.381	31.799	12.074	7.065	120.669
881	34	255	665.559	423.735	21.556	7.317	5.917	179.355
882	52	255	987.058	422.577	26.971	9.035	7.328	94.426
883	72	255	1141.597	422.194	30.385	10.275	8.922	109.889
884	76	255	554.579	421.553	31.556	10.369	9.332	27.795
885	58	255	572.672	421.638	32.870	9.787	7.546	133.791
886	55	255	876.355	420.845	31.456	9.178	7.630	28.143
887	32	255	1002.531	421.812	20.728	7.457	5.464	141.471
888	58	255	978.500	420.052	38.284	9.051	8.159	173.603
889	102	255	127.902	417.529	36.627	13.175	9.857	36.866
890	55	255	304.318	417.336	27.213	9.474	7.391	134.692
891	58	255	731.517	417.224	27.556	9.614	7.681	108.066
892	32	255	852.594	418.219	21.556	8.058	5.056	146.811
893	43	255	364.756	417.267	24.728	8.676	6.311	60.585
894	79	255	760.639	415.386	32.627	11.347	8.865	134.047
895	39	255	813.654	416.346	28.042	10.152	4.891	142.192
896	14	255	1222.643	417.857	17.314	6.634	2.687	96.400
897	46	255	342.783	415.739	26.385	9.061	6.464	163.876
898	81	255	464.241	413.833	32.385	10.978	9.394	131.447
899	50	255	535.540	414.260	31.213	9.598	6.633	58.814
900	56	255	632.268	414.304	28.385	10.315	6.912	64.810
901	29	255	199.948	414.052	24.971	6.526	5.658	74.884
902	43	255	647.384	413.895	24.142	8.481	6.456	120.853
903	46	255	91.174	413.217	24.385	8.289	7.066	130.198
904	66	255	523.000	412.500	29.314	9.855	8.527	77.905
905	67	255	749.993	412.843	32.385	9.880	8.634	26.875
906	47	255	946.415	411.968	35.698	8.684	6.891	39.230
907	56	255	245.964	410.839	28.142	11.059	6.448	92.358
908	56	255	1130.321	412.161	26.971	9.265	7.696	161.077
909	48	255	546.354	411.625	24.728	8.365	7.306	4.343
910	74	255	670.081	409.878	31.213	10.530	8.948	146.927
911	67	255	1036.993	408.799	29.799	9.898	8.619	83.671
912	7	255	340.786	411.214	10.485	4.439	2.008	150.128
913	41	255	773.793	409.037	26.971	8.917	5.855	82.075
914	31	255	435.984	409.242	19.899	6.799	5.805	148.972
915	34	255	555.500	408.118	22.142	7.623	5.679	90.000
916	51	255	821.814	408.069	25.556	8.370	7.758	105.235
917	52	255	969.404	407.269	35.456	8.911	7.430	95.096
918	48	255	5.646	406.938	24.971	8.437	7.243	116.870
919	49	255	722.806	406.704	24.971	8.319	7.499	50.361
920	54	255	993.944	406.537	37.456	9.392	7.321	60.776
921	39	255	380.782	406.885	22.971	7.923	6.268	26.950
922	55	255	583.227	406.082	28.385	10.210	6.858	26.912
923	42	255	601.952	406.405	22.971	7.715	6.932	1.505
924	45	255	981.078	406.167	31.799	8.466	6.768	169.015
925	64	255	413.625	404.234	30.042	9.322	8.741	26.127
926	27	255	612.426	406.167	18.971	6.389	5.380	169.863
927	52	255	217.538	403.846	27.799	9.908	6.682	32.302
928	92	255	312.587	402.272	34.627	11.059	10.592	138.468
929	54	255	743.667	403.889	31.799	9.380	7.330	157.449
930	80	255	102.350	401.575	32.385	12.178	8.364	29.272
931	42	255	149.286	401.429	24.142	9.201	5.812	81.412
932	92	255	763.859	399.043	40.042	14.510	8.073	80.338
933	62	255	1016.419	401.500	28.385	9.716	8.125	55.196
934	51	255	228.186	401.127	26.385	8.552	7.593	40.988
935	56	255	493.357	401.036	26.971	9.778	7.292	140.924
936	29	255	645.224	401.741	20.971	7.527	4.905	61.224
937	52	255	755.327	400.673	25.556	8.275	8.001	134.993
938	72	255	922.292	399.722	30.971	10.142	9.039	88.025
939	61	255	1149.287	399.418	42.527	9.028	8.603	133.131
940	74	255	472.770	399.149	30.971	10.411	9.050	91.370
941	52	255	545.385	399.327	41.698	8.746	7.570	93.674
942	49	255	567.194	400.398	25.556	9.249	6.745	144.125
943	50	255	904.140	399.540	37.456	8.514	7.477	27.565
944	72	255	449.972	397.708	32.042	12.211	7.508	131.627
945	51	255	715.637	397.539	25.556	9.248	7.021	86.266
946	60	255	431.400	395.150	27.799	8.877	8.606	134.607
947	22	255	735.273	396.364	20.385	5.996	4.672	21.962
948	52	255	1167.000	395.500	25.314	8.682	7.626	0.000
949	67	255	348.276	393.843	29.799	10.235	8.335	161.672
950	44	255	50.091	392.045	23.799	8.228	6.809	135.820
951	33	255	110.924	393.076	19.899	6.707	6.264	134.998
952	45	255	125.967	391.833	23.799	8.688	6.595	133.507
953	2	255	405.000	395.000	5.657	2.596	0.981	45.000
954	65	255	587.885	391.577	29.799	10.297	8.038	24.297
955	52	255	943.692	392.192	27.799	9.467	6.994	0.438
956	1	255	407.500	394.500	2.828	1.128	1.128	0.000
957	25	255	555.620	392.780	18.142	7.371	4.318	168.082
958	54	255	607.444	390.463	26.142	9.655	7.121	106.762
959	40	255	1115.650	390.575	28.627	8.046	6.330	80.094
960	44	255	194.568	389.500	25.213	8.105	6.912	90.000
961	55	255	252.427	388.955	26.385	9.403	7.447	30.993
962	39	255	401.654	389.551	24.385	7.172	6.923	27.477
963	56	255	735.643	387.482	28.627	9.123	7.815	101.582
964	3	255	905.500	392.500	6.243	3.385	1.128	0.000
965	48	255	1103.167	388.771	24.971	8.609	7.099	117.094
966	49	255	573.765	388.153	30.627	8.062	7.738	88.336
967	26	255	767.192	388.346	26.385	6.005	5.513	71.281
968	32	255	861.781	388.469	20.728	6.972	5.844	20.593
969	58	255	981.983	388.103	39.698	8.988	8.216	164.756
970	42	255	26.643	387.500	23.556	8.154	6.558	121.774
971	39	255	779.372	387.372	21.556	7.379	6.729	45.002
972	51	255	872.637	387.206	26.385	8.530	7.613	27.809
973	58	255	227.103	386.103	26.728	8.884	8.312	135.000
974	65	255	1140.131	385.115	29.799	10.191	8.121	96.734
975	24	255	955.792	386.708	17.899	6.222	4.911	162.896
976	52	255	283.615	383.788	24.971	8.570	7.726	139.152
977	53	255	415.066	384.236	31.213	9.586	7.040	137.389
978	60	255	914.167	380.200	47.355	12.180	6.272	122.888
979	44	255	996.091	383.500	29.799	8.010	6.994	143.825
980	40	255	15.675	383.075	22.728	7.925	6.426	9.522
981	51	255	112.225	381.284	26.627	9.369	6.931	122.403
982	42	255	562.524	382.190	28.385	8.334	6.417	76.836
983	65	255	691.392	381.885	28.971	9.941	8.325	39.118
984	40	255	834.525	382.175	22.142	7.330	6.948	14.297
985	51	255	965.951	381.147	30.627	9.818	6.614	61.019
986	56	255	167.982	380.268	27.799	8.679	8.215	85.399
987	46	255	547.109	380.630	30.627	8.384	6.986	1.076
988	26	255	788.385	382.577	21.799	7.520	4.402	15.474
989	71	255	1175.796	380.585	30.385	9.959	9.077	13.555
990	43	255	676.453	380.221	27.213	8.241	6.643	42.078
991	42	255	1116.286	379.738	29.456	7.343	7.283	28.784
992	62	255	146.629	377.435	30.385	11.759	6.713	72.345
993	57	255	474.763	378.254	26.971	9.199	7.889	102.613
994	38	255	722.763	379.342	26.971	7.236	6.686	173.297
995	83	255	104.151	376.898	32.627	10.900	9.696	156.891
996	54	255	409.444	377.333	26.627	8.444	8.142	178.349
997	46	255	764.957	377.130	26.385	8.748	6.695	58.163
998	86	255	1042.895	375.953	32.971	10.683	10.250	114.178
999	41	255	586.549	376.280	29.213	7.978	6.544	121.493
1000	50	255	752.340	376.040	25.213	8.872	7.176	147.290
1001	21	255	599.643	375.310	18.142	6.043	4.425	111.042
1002	46	255	1094.848	373.304	34.284	9.627	6.084	112.791
1003	53	255	300.934	373.349	29.213	9.646	6.996	179.804
1004	50	255	184.540	371.160	24.971	8.865	7.181	105.671
1005	62	255	525.065	371.629	28.142	9.396	8.402	67.720
1006	48	255	115.583	369.229	25.556	9.053	6.751	12.156
1007	41	255	414.817	369.207	24.971	8.510	6.135	113.948
1008	51	255	676.324	368.775	26.385	8.460	7.675	124.659
1009	43	255	809.360	367.547	28.627	7.846	6.978	62.469
1010	33	255	894.470	369.167	20.971	7.078	5.937	175.804
1011	71	255	395.387	366.768	32.385	12.330	7.332	163.352
1012	28	255	796.750	367.643	20.385	6.758	5.276	157.393
1013	92	255	934.924	365.413	34.870	11.963	9.792	138.873
1014	75	255	727.673	365.020	31.213	10.018	9.532	146.734
1015	53	255	562.047	364.915	30.385	8.503	7.936	14.699
1016	31	255	581.952	366.113	20.142	6.696	5.894	44.557
1017	40	255	661.250	364.800	28.385	8.380	6.077	34.475
1018	69	255	163.167	362.949	29.556	10.562	8.318	2.892
1019	67	255	294.530	362.470	28.385	9.442	9.035	134.993
1020	34	255	349.941	364.059	20.971	7.331	5.905	172.469
1021	50	255	699.400	363.020	25.314	8.505	7.485	90.441
1022	43	255	972.453	362.616	28.870	8.463	6.469	138.577
1023	54	255	1140.278	361.315	32.627	8.803	7.810	69.902
1024	45	255	839.700	359.167	26.385	9.083	6.308	124.764
1025	41	255	872.744	359.939	23.556	9.162	5.698	20.978
1026	83	255	904.054	358.247	32.627	11.835	8.929	170.173
1027	6	255	844.667	360.500	8.485	3.718	2.055	126.870
1028	38	255	1153.684	358.395	23.799	7.636	6.336	141.409
1029	70	255	133.157	356.357	31.213	10.168	8.766	95.536
1030	40	255	336.025	357.250	25.799	8.221	6.195	91.229
1031	28	255	714.893	357.714	22.385	9.971	3.576	40.668
1032	43	255	1030.198	357.291	23.556	7.674	7.135	157.967
1033	45	255	760.433	355.967	26.385	8.552	6.700	81.625
1034	42	255	1069.381	355.690	22.971	8.003	6.682	61.297
1035	65	255	97.208	353.746	29.799	9.860	8.394	132.260
1036	86	255	719.151	351.326	39.213	13.354	8.200	61.839
1037	111	255	1016.131	354.590	44.042	17.213	8.211	11.045
1038	36	255	1095.667	353.917	22.385	7.203	6.364	55.653
1039	60	255	288.717	352.050	29.213	10.088	7.573	85.668
1040	36	255	347.250	353.889	20.728	7.690	5.961	155.719
1041	34	255	988.735	353.588	22.142	9.635	4.493	160.570
1042	33	255	119.924	351.167	22.142	7.159	5.869	22.821
1043	40	255	390.275	351.325	24.385	8.226	6.191	155.984
1044	55	255	745.936	350.991	27.799	10.840	6.460	140.599
1045	6	255	0.500	351.000	12.828	6.770	1.128	90.000
1046	79	255	67.589	348.652	32.142	10.493	9.586	72.807
1047	72	255	360.528	348.125	31.213	10.427	8.792	120.707
1048	49	255	461.643	349.316	24.971	7.925	7.872	37.875
1049	43	255	733.430	349.058	31.213	8.641	6.336	117.428
1050	37	255	142.851	348.581	26.971	7.091	6.644	90.190
1051	78	255	531.679	346.564	32.627	11.206	8.863	51.322
1052	51	255	276.931	346.696	27.799	11.446	5.673	133.279
1053	32	255	338.875	347.750	20.728	7.117	5.725	161.348
1054	35	255	373.129	347.386	24.728	8.711	5.116	132.358
1055	70	255	571.043	346.086	30.627	10.685	8.341	132.179
1056	60	255	175.533	345.267	31.799	10.375	7.363	70.383
1057	42	255	672.595	345.881	29.799	7.781	6.872	110.884
1058	2	255	710.500	349.000	4.828	2.257	1.128	90.000
1059	56	255	90.804	343.625	26.971	9.863	7.229	82.522
1060	65	255	126.454	344.331	30.385	10.344	8.001	158.479
1061	36	255	215.889	345.361	20.728	7.372	6.218	107.029
1062	52	255	1015.346	344.654	25.799	8.748	7.568	172.965
1063	37	255	1070.203	346.122	21.556	8.293	5.681	154.841
1064	47	255	604.245	343.181	25.556	9.018	6.636	79.517
1065	53	255	403.934	342.953	25.556	8.381	8.052	35.538
1066	59	255	795.805	340.263	36.042	10.931	6.872	129.688
1067	31	255	865.210	341.274	21.556	7.396	5.337	112.140
1068	63	255	424.087	339.135	28.385	9.848	8.145	94.446
1069	52	255	1037.635	340.538	26.971	9.104	7.273	171.188
1070	56	255	778.071	337.625	28.385	9.820	7.261	112.448
1071	65	255	1104.485	337.331	30.627	10.144	8.158	76.787
1072	91	255	1058.797	334.731	36.042	13.973	8.292	63.889
1073	48	255	1115.604	336.333	25.799	8.503	7.188	74.074
1074	46	255	1193.739	336.022	31.213	7.937	7.379	69.367
1075	48	255	379.000	336.708	24.142	8.720	7.009	180.000
1076	46	255	50.130	333.609	23.556	8.219	7.126	17.262
1077	58	255	140.741	331.897	27.799	10.106	7.307	155.894
1078	36	255	670.833	332.750	21.556	6.971	6.576	90.000
1079	39	255	706.269	331.372	23.556	7.679	6.466	119.271
1080	53	255	848.009	330.858	29.799	8.881	7.599	167.789
1081	30	255	90.733	330.567	19.556	7.039	5.427	113.757
1082	55	255	547.845	329.827	33.556	9.756	7.178	54.730
1083	28	255	807.571	331.000	19.556	7.011	5.085	30.619
1084	86	255	102.267	327.116	34.042	11.119	9.848	114.767
1085	29	255	946.466	327.983	24.142	10.481	3.523	72.557
1086	48	255	115.229	327.646	25.556	8.428	7.251	161.532
1087	1	255	229.500	330.500	2.828	1.128	1.128	0.000
1088	75	255	199.100	324.700	33.556	13.147	7.263	163.562
1089	2	255	227.500	328.000	4.828	2.257	1.128	90.000
1090	60	255	755.700	324.317	29.213	10.001	7.638	77.234
1091	47	255	496.649	323.862	32.042	10.795	5.544	169.264
1092	56	255	778.286	322.571	35.456	9.656	7.384	40.777
1093	47	255	820.670	322.819	25.556	8.688	6.888	75.791
1094	33	255	407.288	323.288	20.728	7.176	5.855	17.515
1095	91	255	857.764	318.973	36.042	13.067	8.867	53.361
1096	1	255	229.500	323.500	2.828	1.128	1.128	0.000
1097	57	255	995.833	318.307	31.799	13.558	5.353	114.431
1098	60	255	512.050	318.200	28.385	9.787	7.805	70.536
1099	76	255	845.526	316.474	31.213	10.696	9.047	67.228
1100	40	255	97.375	315.625	27.799	7.774	6.551	88.212
1101	62	255	1095.113	317.306	28.971	9.490	8.319	7.168
1102	69	255	831.601	315.529	29.556	9.647	9.107	58.199
1103	71	255	73.148	314.401	31.799	10.177	8.883	5.928
1104	56	255	527.768	314.161	31.213	8.817	8.087	71.565
1105	45	255	765.367	314.189	25.556	9.137	6.271	107.219
1106	55	255	136.391	313.682	27.799	9.699	7.220	121.389
1107	53	255	782.406	312.821	34.627	8.658	7.794	120.130
1108	50	255	370.200	313.080	24.971	8.518	7.474	130.847
1109	39	255	741.244	312.859	24.385	7.957	6.240	90.359
1110	9	255	1218.722	314.389	13.314	5.541	2.068	133.050
1111	60	255	626.883	311.600	28.142	9.538	8.010	67.860
1112	21	255	712.643	313.071	18.728	7.417	3.605	132.043
1113	2	255	1222.000	315.500	4.243	2.257	1.128	0.000
1114	58	255	773.379	309.569	29.213	9.278	7.959	120.824
1115	2	255	745.500	312.000	4.828	2.257	1.128	90.000
1116	57	255	83.553	307.658	28.385	9.234	7.859	171.660
1117	51	255	752.539	305.755	30.627	8.609	7.542	88.619
1118	94	255	426.319	303.883	37.456	13.969	8.568	164.349
1119	51	255	406.147	302.794	28.385	8.593	7.557	151.076
1120	58	255	844.052	302.517	27.213	8.950	8.251	91.989
1121	41	255	741.256	302.500	22.142	7.258	7.193	90.000
1122	59	255	993.754	299.788	30.042	11.256	6.674	68.622
1123	77	255	179.188	299.370	31.799	10.444	9.387	28.472
1124	25	255	141.620	301.060	17.899	7.369	4.320	4.349
1125	45	255	733.722	298.656	31.213	8.711	6.578	101.069
1126	32	255	1098.000	300.000	19.314	6.383	6.383	0.000
1127	79	255	159.703	297.627	32.627	11.200	8.981	173.099
1128	73	255	106.705	295.295	30.627	9.981	9.312	153.482
1129	29	255	551.086	297.431	19.071	6.697	5.514	11.170
1130	25	255	802.020	297.060	18.142	6.122	5.200	77.476
1131	51	255	325.304	294.833	26.142	9.175	7.077	45.837
1132	84	255	290.369	292.833	38.042	10.793	9.909	71.786
1133	61	255	54.762	292.303	27.799	9.393	8.269	50.139
1134	50	255	372.400	292.920	29.799	9.025	7.054	117.758
1135	43	255	456.058	290.965	24.971	8.487	6.451	107.839
1136	87	255	728.328	289.178	54.770	13.438	8.243	90.875
1137	8	255	744.375	294.000	10.485	3.651	2.790	124.722
1138	36	255	1179.917	293.444	22.728	8.986	5.101	173.173
1139	1	255	459.500	294.500	2.828	1.128	1.128	0.000
1140	28	255	739.250	291.607	21.556	6.913	5.157	41.857
1141	39	255	943.269	291.141	22.142	7.622	6.515	140.838
1142	96	255	1202.365	289.167	36.042	12.879	9.491	9.024
1143	37	255	216.689	289.311	22.142	7.246	6.501	71.890
1144	49	255	767.704	288.520	30.385	12.565	4.965	169.909
1145	45	255	1142.833	288.256	24.385	9.568	5.988	42.545
1146	48	255	331.688	287.667	27.213	9.174	6.662	166.970
1147	43	255	602.221	286.593	23.556	8.068	6.786	103.418
1148	50	255	714.100	287.180	24.971	8.037	7.921	59.490
1149	32	255	1079.844	287.156	20.142	7.070	5.763	173.031
1150	31	255	361.758	285.403	20.971	8.177	4.827	2.988
1151	54	255	570.537	283.111	27.799	8.565	8.028	63.248
1152	66	255	632.303	283.758	28.971	9.443	8.899	38.218
1153	2	255	166.500	286.000	4.828	2.257	1.128	90.000
1154	76	255	933.382	282.947	31.556	11.810	8.194	164.033
1155	58	255	1214.293	281.759	27.799	9.781	7.550	98.827
1156	43	255	42.779	282.756	23.556	8.842	6.192	31.360
1157	85	255	129.076	280.218	32.627	10.675	10.138	113.803
1158	37	255	886.851	281.338	24.142	9.650	4.882	95.800
1159	44	255	29.227	281.500	23.556	8.281	6.765	155.837
1160	1	255	164.500	284.500	2.828	1.128	1.128	0.000
1161	101	255	428.322	277.005	41.113	15.398	8.351	117.195
1162	31	255	78.629	280.855	19.899	6.748	5.849	122.618
1163	11	255	166.500	281.318	15.314	5.076	2.759	64.866
1164	29	255	405.810	281.017	20.142	6.902	5.350	78.626
1165	40	255	1048.725	280.550	24.385	7.266	7.010	9.430
1166	45	255	98.767	279.433	24.142	8.550	6.701	150.410
1167	72	255	114.708	278.403	30.627	9.686	9.464	111.085
1168	50	255	152.980	277.080	25.799	9.110	6.988	44.923
1169	42	255	1187.405	276.952	28.971	8.840	6.049	61.153
1170	56	255	281.125	273.357	33.456	10.127	7.040	84.241
1171	31	255	63.629	274.855	20.142	6.553	6.024	11.310
1172	78	255	1054.141	269.821	42.870	11.831	8.394	89.557
1173	28	255	687.000	272.179	20.142	6.554	5.439	5.679
1174	91	255	1006.500	269.390	34.042	10.931	10.600	90.000
1175	69	255	36.964	269.399	30.627	10.063	8.730	44.256
1176	57	255	226.605	269.482	29.213	9.496	7.643	125.403
1177	34	255	407.559	270.618	24.971	7.937	5.455	150.734
1178	1	255	412.500	273.500	2.828	1.128	1.128	0.000
1179	52	255	965.442	270.115	40.284	9.714	6.816	146.915
1180	37	255	15.068	269.554	21.314	7.478	6.300	97.795
1181	45	255	82.456	268.678	24.971	8.884	6.449	95.125
1182	89	255	559.758	263.927	36.627	13.738	8.249	68.395
1183	41	255	1065.744	267.305	22.728	7.807	6.687	50.981
1184	46	255	145.478	266.261	24.385	8.619	6.795	177.758
1185	28	255	162.714	266.500	25.799	7.792	4.575	70.631
1186	38	255	306.132	265.921	22.142	8.086	5.983	87.715
1187	82	255	24.012	263.463	37.456	12.875	8.109	123.072
1188	29	255	124.845	265.397	20.971	6.511	5.671	45.197
1189	7	255	169.786	267.214	10.485	4.439	2.008	150.128
1190	50	255	51.680	264.300	24.971	8.138	7.823	53.248
1191	69	255	335.703	263.674	29.556	9.469	9.278	72.200
1192	52	255	13.596	260.231	27.799	8.643	7.661	31.745
1193	57	255	764.553	259.289	28.971	10.009	7.251	79.794
1194	55	255	930.609	260.464	32.385	9.837	7.119	11.186
1195	67	255	69.037	258.769	29.556	10.413	8.192	2.711
1196	105	255	112.586	257.881	38.627	13.984	9.560	29.603
1197	80	255	133.575	256.462	44.870	13.183	7.726	111.061
1198	7	255	168.357	262.071	11.071	4.934	1.806	14.679
1199	68	255	188.118	257.676	29.799	10.830	7.994	71.086
1200	39	255	36.910	258.551	22.971	7.547	6.579	171.981
1201	41	255	100.305	257.841	24.142	8.456	6.173	3.027
1202	44	255	724.591	257.091	25.799	7.659	7.315	140.757
1203	4	255	514.000	259.000	5.657	2.257	2.257	0.000
1204	86	255	683.465	254.756	33.213	11.454	9.560	153.559
1205	38	255	636.316	254.421	21.556	7.424	6.517	45.976
1206	78	255	706.692	252.744	32.042	10.479	9.477	9.613
1207	77	255	1080.981	252.344	32.042	10.199	9.613	107.344
1208	82	255	18.098	251.659	34.385	11.435	9.130	71.147
1209	48	255	257.062	252.125	27.799	8.194	7.459	1.761
1210	55	255	296.536	250.973	27.556	9.501	7.370	81.742
1211	37	255	875.473	252.284	21.556	7.392	6.373	147.893
1212	58	255	161.414	251.103	26.971	9.190	8.036	12.122
1213	40	255	223.150	251.375	22.385	8.358	6.093	144.290
1214	86	255	331.791	248.988	34.385	12.019	9.111	82.103
1215	27	255	1156.759	251.611	21.556	6.140	5.599	58.846
1216	37	255	86.176	250.284	21.314	7.384	6.380	84.022
1217	59	255	1036.178	249.280	29.213	9.706	7.740	159.121
1218	38	255	95.579	249.711	27.799	8.729	5.543	169.211
1219	29	255	148.638	249.948	20.971	6.906	5.347	69.316
1220	82	255	209.476	247.427	34.042	12.253	8.521	51.104
1221	31	255	236.500	249.403	22.142	7.561	5.220	166.977
1222	72	255	617.250	248.153	30.627	10.565	8.677	37.848
1223	63	255	26.802	247.357	28.971	9.307	8.618	65.460
1224	35	255	105.129	248.043	22.971	7.476	5.961	87.576
1225	39	255	345.628	246.936	24.142	7.313	6.790	145.120
1226	63	255	501.310	244.627	32.627	9.985	8.034	135.139
1227	63	255	573.421	246.754	29.556	11.305	7.095	2.441
1228	47	255	1007.372	245.606	36.627	8.501	7.040	80.274
1229	60	255	884.700	244.450	27.556	9.461	8.075	108.032
1230	67	255	798.187	243.515	30.385	11.225	7.600	40.692
1231	38	255	913.632	244.711	22.385	8.036	6.021	175.096
1232	75	255	407.153	242.447	30.971	10.181	9.379	8.300
1233	42	255	93.738	243.286	23.899	8.530	6.269	13.007
1234	62	255	116.226	241.016	32.042	9.518	8.294	96.604
1235	59	255	18.212	240.534	30.042	9.786	7.677	164.999
1236	40	255	277.475	241.425	21.556	7.927	6.425	139.305
1237	96	255	704.844	239.406	35.213	11.283	10.833	48.082
1238	59	255	722.229	239.873	27.799	8.918	8.423	140.182
1239	40	255	1215.100	238.925	27.213	8.536	5.966	114.128
1240	25	255	746.900	239.620	18.142	6.022	5.286	7.540
1241	86	255	470.465	237.047	33.799	11.211	9.767	139.467
1242	56	255	28.893	236.893	28.627	8.902	8.009	24.258
1243	29	255	149.914	238.707	20.142	7.500	4.923	8.147
1244	46	255	161.174	238.000	34.627	9.423	6.216	2.455
1245	64	255	230.125	236.234	28.385	9.918	8.216	103.489
1246	60	255	294.533	236.233	27.799	8.893	8.590	113.629
1247	58	255	537.828	236.500	26.971	9.574	7.714	117.103
1248	41	255	849.427	237.085	27.213	7.417	7.038	23.375
1249	48	255	9.854	236.438	24.728	8.545	7.152	154.553
1250	53	255	48.519	235.651	26.142	9.223	7.316	72.895
1251	45	255	141.411	236.811	24.142	8.990	6.373	178.640
1252	56	255	517.732	235.357	28.385	8.986	7.934	119.856
1253	63	255	1139.690	235.548	27.799	9.420	8.515	142.474
1254	52	255	1203.942	234.538	32.627	9.197	7.199	56.914
1255	71	255	215.275	233.430	31.213	9.791	9.233	91.337
1256	56	255	97.107	232.804	27.799	9.494	7.510	52.280
1257	40	255	252.525	232.425	22.142	7.927	6.425	40.695
1258	84	255	323.798	230.488	34.042	10.621	10.069	53.282
1259	81	255	428.969	229.846	33.213	10.928	9.437	63.119
1260	88	255	1023.091	230.045	33.799	10.809	10.366	163.266
1261	76	255	1106.539	230.303	30.971	10.612	9.119	120.859
1262	50	255	441.760	230.040	24.971	8.784	7.247	137.636
1263	27	255	555.944	230.685	18.971	6.557	5.243	44.384
1264	55	255	626.373	229.845	26.728	8.427	8.310	77.927
1265	29	255	935.017	230.603	19.314	6.586	5.607	155.196
1266	78	255	125.103	228.308	30.971	10.673	9.305	168.686
1267	48	255	140.979	229.688	25.314	8.646	7.069	24.276
1268	35	255	1044.129	229.186	22.385	6.855	6.501	106.683
1269	40	255	359.775	228.550	24.385	8.761	5.813	25.483
1270	44	255	654.205	228.523	25.799	8.251	6.790	0.264
1271	55	255	815.918	227.591	27.213	8.948	7.826	56.075
1272	45	255	182.789	226.500	30.385	9.169	6.249	119.121
1273	80	255	575.038	225.800	39.456	11.020	9.244	56.973
1274	37	255	105.365	227.014	21.556	7.267	6.483	24.123
1275	60	255	1214.483	224.850	33.456	9.179	8.322	53.820
1276	259	255	307.770	219.593	61.113	19.293	17.093	102.397
1277	30	255	115.000	224.900	22.142	6.946	5.499	110.453
1278	51	255	220.480	223.245	27.213	8.539	7.605	65.550
1279	65	255	743.931	222.423	29.799	10.130	8.170	12.709
1280	56	255	772.929	223.107	27.799	9.051	7.878	160.044
1281	40	255	370.425	222.525	22.142	7.927	6.425	49.305
1282	47	255	983.330	222.457	26.385	8.062	7.422	3.083
1283	48	255	80.604	221.583	25.556	9.452	6.466	23.661
1284	40	255	205.100	221.625	23.556	8.711	5.846	40.469
1285	72	255	485.708	217.861	32.042	12.668	7.237	50.706
1286	87	255	762.385	217.293	33.799	11.652	9.507	91.851
1287	53	255	915.462	219.406	26.142	9.427	7.158	15.091
1288	58	255	1120.672	217.879	29.213	11.035	6.692	121.931
1289	66	255	278.227	216.652	29.213	9.592	8.761	42.028
1290	42	255	100.810	216.238	23.556	8.103	6.600	76.615
1291	51	255	1138.833	215.069	29.799	8.230	7.890	136.220
1292	47	255	516.798	215.670	24.728	8.081	7.406	26.373
1293	44	255	225.955	213.727	23.799	7.965	7.034	62.368
1294	74	255	403.162	213.000	31.213	10.139	9.293	169.038
1295	54	255	325.556	212.556	26.142	9.468	7.262	78.411
1296	77	255	1210.565	212.760	31.799	11.075	8.852	8.812
1297	49	255	617.684	211.765	30.627	9.057	6.889	125.795
1298	69	255	234.732	209.543	30.385	9.643	9.111	163.995
1299	98	255	743.122	207.469	38.627	13.356	9.343	84.547
1300	80	255	829.312	208.663	32.627	10.875	9.366	76.141
1301	44	255	873.614	209.977	26.385	8.068	6.944	105.105
1302	38	255	1181.737	209.816	23.556	7.656	6.320	108.276
1303	57	255	1194.237	208.623	30.627	9.542	7.606	71.500
1304	50	255	703.740	208.200	33.456	8.202	7.762	128.880
1305	82	255	817.683	207.829	32.870	10.877	9.599	177.925
1306	28	255	955.786	208.714	18.142	6.601	5.400	142.696
1307	77	255	1150.175	205.526	35.213	11.306	8.671	83.031
1308	90	255	332.644	204.900	34.385	11.580	9.896	21.327
1309	67	255	927.246	205.082	30.385	10.709	7.966	113.479
1310	58	255	213.879	204.552	26.971	9.281	7.957	82.510
1311	68	255	350.059	204.471	35.213	10.480	8.262	7.022
1312	47	255	606.862	205.351	28.971	8.721	6.862	21.656
1313	67	255	642.888	204.530	31.799	12.804	6.663	158.858
1314	57	255	729.377	205.114	28.971	8.609	8.430	33.195
1315	53	255	714.953	204.066	26.142	8.912	7.572	129.627
1316	55	255	774.100	203.318	36.284	11.275	6.211	150.604
1317	57	255	190.219	201.886	32.042	14.412	5.036	138.627
1318	66	255	316.439	202.470	28.971	9.428	8.913	78.233
1319	72	255	691.903	201.736	30.971	10.504	8.727	163.844
1320	65	255	841.100	201.500	30.142	10.000	8.276	87.371
1321	56	255	416.696	201.143	26.971	9.297	7.669	10.649
1322	38	255	993.500	200.000	21.314	7.488	6.462	0.000
1323	22	255	1078.682	199.864	32.042	5.950	4.708	56.332
1324	99	255	229.712	196.874	36.627	11.876	10.614	7.560
1325	59	255	485.585	196.246	29.213	10.099	7.438	80.015
1326	62	255	517.790	195.677	28.385	9.774	8.077	52.337
1327	49	255	568.418	196.561	32.627	8.416	7.413	8.663
1328	86	255	331.907	194.349	33.556	10.474	10.454	160.250
1329	48	255	209.604	194.771	25.556	9.116	6.704	165.159
1330	44	255	384.818	194.136	24.971	8.282	6.765	98.779
1331	94	255	698.319	192.564	37.213	11.798	10.144	144.181
1332	53	255	787.387	193.500	26.142	9.090	7.424	90.000
1333	30	255	1001.233	195.133	19.314	6.884	5.549	139.371
1334	47	255	399.883	192.926	26.385	10.183	5.877	48.603
1335	40	255	554.925	194.100	26.971	9.482	5.371	170.937
1336	40	255	736.100	193.350	23.556	7.766	6.558	101.020
1337	81	255	984.241	192.006	31.799	10.455	9.865	130.928
1338	68	255	501.265	190.265	28.971	9.364	9.246	134.975
1339	60	255	1132.600	191.267	31.799	9.865	7.744	5.411
1340	40	255	997.575	189.500	24.385	7.529	6.764	5.889
1341	71	255	255.204	186.373	31.556	12.086	7.480	74.204
1342	39	255	556.782	186.551	23.899	9.549	5.200	90.197
1343	66	255	299.621	185.030	29.213	9.988	8.413	126.546
1344	60	255	531.450	185.833	34.042	8.854	8.628	93.459
1345	52	255	828.788	185.385	29.799	9.288	7.129	114.466
1346	70	255	90.943	183.957	31.213	10.523	8.470	133.998
1347	42	255	545.643	182.786	23.556	7.744	6.906	92.928
1348	29	255	483.017	182.672	20.142	6.883	5.364	26.897
1349	5	255	561.700	184.300	8.485	3.833	1.661	45.000
1350	54	255	630.148	181.278	31.213	9.201	7.473	127.613
1351	75	255	230.167	180.860	34.627	12.733	7.500	175.806
1352	42	255	950.452	181.119	22.971	7.705	6.940	87.641
1353	46	255	995.717	180.891	25.556	8.008	7.314	19.524
1354	79	255	1126.728	179.424	35.213	10.179	9.881	4.432
1355	55	255	727.100	179.700	27.556	10.023	6.987	173.498
1356	68	255	211.015	176.191	30.627	11.719	7.388	63.295
1357	81	255	176.858	174.685	32.385	10.923	9.442	177.273
1358	39	255	788.628	175.321	22.728	7.635	6.504	50.256
1359	42	255	1094.786	175.619	26.142	11.591	4.613	168.651
1360	61	255	304.615	171.746	30.385	11.573	6.711	68.702
1361	33	255	398.288	173.288	22.385	6.720	6.252	116.949
1362	33	255	591.924	173.833	20.142	7.010	5.994	83.132
1363	40	255	167.550	172.575	22.728	7.405	6.877	109.794
1364	63	255	77.579	170.722	28.971	9.013	8.900	22.658
1365	40	255	751.475	171.300	23.556	8.360	6.092	110.382
1366	55	255	1145.282	171.627	36.870	10.829	6.467	178.685
1367	79	255	938.285	168.247	35.213	12.048	8.349	38.572
1368	84	255	1067.905	168.452	33.213	11.864	9.015	125.038
1369	35	255	572.500	169.786	27.799	7.181	6.206	142.736
1370	55	255	606.445	168.900	26.385	8.935	7.837	158.767
1371	63	255	1042.119	169.151	28.971	9.886	8.114	175.341
1372	62	255	317.887	165.548	28.627	9.201	8.579	88.912
1373	37	255	684.770	167.743	21.556	7.451	6.323	138.469
1374	54	255	860.833	166.278	27.314	9.513	7.228	88.283
1375	59	255	1175.331	166.669	32.042	8.944	8.399	122.595
1376	49	255	233.439	166.051	24.728	8.544	7.302	67.500
1377	48	255	616.396	165.875	27.213	8.436	7.244	11.634
1378	40	255	563.150	164.550	24.971	7.471	6.817	151.325
1379	49	255	868.255	164.214	25.314	8.385	7.441	86.874
1380	38	255	98.789	164.000	22.142	8.151	5.936	7.890
1381	36	255	387.639	159.194	22.728	8.793	5.213	98.242
1382	31	255	892.952	161.081	19.314	6.461	6.109	30.964
1383	32	255	343.469	159.562	22.971	6.956	5.857	78.622
1384	74	255	590.392	158.284	31.799	10.591	8.896	58.958
1385	52	255	202.192	154.846	27.314	10.853	6.100	85.446
1386	73	255	1152.541	154.829	31.799	11.138	8.345	119.324
1387	49	255	610.316	154.786	24.971	8.322	7.497	133.142
1388	45	255	928.922	155.767	23.556	8.250	6.945	173.906
1389	44	255	1214.023	154.682	25.799	8.713	6.430	86.101
1390	8	255	1223.250	156.000	13.657	5.468	1.863	90.000
1391	36	255	432.861	154.972	21.556	7.560	6.063	12.236
1392	72	255	900.597	152.347	34.042	12.189	7.521	98.372
1393	47	255	843.670	153.181	31.799	9.184	6.516	160.645
1394	45	255	1016.033	152.811	26.971	8.972	6.386	96.977
1395	64	255	651.391	151.312	28.385	9.146	8.910	9.030
1396	41	255	25.744	151.207	22.385	7.773	6.716	165.063
1397	64	255	99.766	149.359	31.799	12.424	6.559	115.791
1398	58	255	599.241	150.483	27.213	9.294	7.946	51.691
1399	74	255	562.527	149.311	30.971	10.114	9.316	118.621
1400	49	255	817.969	150.418	26.142	8.615	7.242	10.879
1401	44	255	4.750	149.409	23.556	8.458	6.624	145.837
1402	50	255	266.540	148.420	25.556	9.165	6.946	87.909
1403	55	255	770.391	149.227	26.385	8.941	7.832	18.224
1404	36	255	128.000	147.278	31.213	7.457	6.147	82.871
1405	68	255	1202.603	147.456	40.042	9.674	8.949	62.407
1406	27	255	279.204	148.204	18.728	7.271	4.728	157.223
1407	34	255	633.265	147.882	21.556	6.822	6.346	118.171
1408	52	255	876.192	146.154	34.284	8.494	7.795	11.647
1409	52	255	992.769	146.558	28.142	8.978	7.374	149.848
1410	38	255	174.395	145.421	22.142	8.279	5.844	135.276
1411	72	255	191.764	143.222	30.385	10.456	8.768	176.628
1412	39	255	1091.141	144.500	22.142	7.117	6.977	90.000
1413	68	255	731.500	142.118	31.213	11.524	7.513	24.685
1414	32	255	1155.500	143.781	20.142	6.705	6.077	156.929
1415	56	255	350.000	142.000	26.142	9.049	7.880	45.002
1416	41	255	894.671	142.500	26.385	8.155	6.402	127.715
1417	41	255	904.817	140.159	30.627	9.054	5.766	85.176
1418	57	255	1140.763	140.991	31.799	9.545	7.604	6.701
1419	56	255	86.125	139.054	28.042	9.555	7.462	128.519
1420	31	255	1218.855	140.403	24.385	7.786	5.069	44.865
1421	64	255	486.000	137.141	28.971	9.965	8.177	82.281
1422	53	255	1166.462	137.462	26.142	9.537	7.075	70.175
1423	50	255	1034.300	137.420	29.213	9.390	6.780	8.141
1424	56	255	411.821	136.411	28.385	10.481	6.803	9.296
1425	69	255	805.949	135.920	30.385	10.337	8.499	8.000
1426	61	255	1158.074	135.549	28.142	9.527	8.152	108.067
1427	59	255	74.686	133.246	29.213	11.497	6.534	127.228
1428	32	255	533.531	133.531	22.385	8.423	4.837	124.001
1429	66	255	594.455	131.545	28.971	9.537	8.811	32.240
1430	47	255	1125.160	132.160	34.627	8.662	6.908	46.179
1431	38	255	316.658	131.658	22.385	7.039	6.873	67.128
1432	57	255	682.272	130.430	27.213	9.656	7.516	135.068
1433	36	255	204.806	130.278	23.556	7.631	6.006	93.851
1434	88	255	573.909	129.193	33.556	10.874	10.304	148.512
1435	30	255	768.167	128.300	22.142	7.669	4.981	93.164
1436	31	255	893.629	129.629	22.142	7.205	5.479	94.346
1437	64	255	1000.531	128.250	29.556	10.542	7.730	101.827
1438	68	255	1148.103	127.765	32.042	12.286	7.047	50.914
1439	66	255	255.667	127.545	28.971	9.378	8.961	108.239
1440	70	255	329.400	126.014	29.799	9.871	9.030	72.114
1441	34	255	467.118	127.500	21.899	6.993	6.190	44.965
1442	39	255	1137.244	126.679	26.142	8.261	6.011	68.627
1443	65	255	908.285	123.069	29.799	10.238	8.083	133.786
1444	35	255	972.386	123.757	20.971	7.265	6.134	47.636
1445	55	255	69.973	121.609	27.799	8.955	7.820	124.817
1446	51	255	751.127	120.147	26.385	8.429	7.703	46.280
1447	42	255	1127.929	120.500	23.556	7.687	6.956	27.920
1448	51	255	947.069	117.873	28.627	8.556	7.590	167.043
1449	73	255	426.048	115.445	30.385	11.163	8.326	149.338
1450	35	255	537.757	115.386	21.556	7.420	6.006	88.626
1451	41	255	522.671	114.280	22.971	7.493	6.966	151.246
1452	42	255	249.429	113.429	26.042	8.442	6.335	16.557
1453	79	255	273.487	111.968	33.213	11.282	8.916	14.803
1454	50	255	1203.140	113.000	24.971	8.189	7.774	90.000
1455	32	255	203.156	112.156	20.142	7.070	5.763	6.969
1456	83	255	189.512	107.548	33.799	12.385	8.533	5.764
1457	45	255	258.367	107.433	24.971	8.256	6.940	65.611
1458	50	255	484.080	107.280	30.385	8.461	7.525	44.097
1459	55	255	285.482	106.173	26.971	9.364	7.479	150.940
1460	47	255	698.713	105.798	25.799	9.937	6.022	29.155
1461	25	255	445.500	105.500	18.142	6.332	5.027	20.817
1462	39	255	914.449	104.115	37.698	7.560	6.568	85.944
1463	68	255	806.000	102.000	30.627	12.546	6.901	135.000
1464	78	255	835.859	101.564	32.385	10.282	9.659	7.738
1465	56	255	315.911	100.250	28.385	9.405	7.581	109.518
1466	56	255	534.143	101.161	36.627	10.041	7.101	5.007
1467	55	255	959.973	100.536	26.385	9.222	7.593	126.465
1468	75	255	668.687	98.967	34.627	9.982	9.566	50.296
1469	56	255	1087.339	99.036	27.556	10.322	6.908	102.940
1470	63	255	435.183	98.325	29.213	11.243	7.135	138.838
1471	43	255	302.430	98.593	24.142	8.711	6.285	141.686
1472	79	255	418.234	95.297	36.385	11.047	9.105	121.336
1473	52	255	256.077	95.827	26.385	9.101	7.275	136.508
1474	79	255	1191.867	95.272	31.799	10.439	9.635	120.405
1475	72	255	266.208	93.208	32.627	13.294	6.896	49.498
1476	40	255	615.075	95.100	33.213	7.991	6.373	81.971
1477	33	255	1169.076	94.591	23.556	7.734	5.433	124.675
1478	52	255	247.000	91.000	24.971	8.137	8.137	0.000
1479	56	255	473.446	89.411	28.385	11.019	6.471	104.958
1480	53	255	1148.896	90.764	34.870	9.112	7.406	123.065
1481	17	255	855.265	91.676	14.728	5.620	3.851	129.800
1482	54	255	331.907	88.259	25.799	8.723	7.882	130.899
1483	68	255	1123.235	88.485	30.627	11.122	7.785	26.302
1484	115	255	431.222	86.143	42.627	15.079	9.710	159.689
1485	52	255	580.269	87.404	26.385	9.255	7.154	114.450
1486	67	255	804.157	85.321	29.799	9.630	8.858	35.783
1487	68	255	1090.353	85.779	30.385	10.030	8.632	165.583
1488	41	255	607.500	85.012	26.385	7.839	6.659	43.952
1489	56	255	867.982	84.661	29.213	8.731	8.166	24.100
1490	85	255	913.900	83.206	33.213	10.819	10.004	68.662
1491	55	255	445.736	83.245	28.728	10.601	6.606	100.380
1492	53	255	759.425	82.915	27.799	10.291	6.557	116.972
1493	54	255	679.407	82.593	27.213	9.624	7.144	139.371
1494	34	255	417.147	81.647	22.385	7.106	6.092	136.409
1495	58	255	65.000	78.776	27.314	8.936	8.264	140.991
1496	64	255	472.781	76.906	28.971	9.294	8.768	11.709
1497	29	255	495.810	77.707	19.314	6.944	5.318	131.560
1498	41	255	815.232	77.549	24.142	7.747	6.739	63.756
1499	10	255	259.000	78.500	10.485	4.444	2.865	153.435
1500	43	255	1036.407	76.500	22.728	7.519	7.282	0.000
1501	38	255	792.763	75.895	22.385	7.873	6.145	25.146
1502	47	255	438.798	73.330	24.142	8.450	7.082	23.638
1503	45	255	461.611	72.900	24.971	8.228	6.964	163.901
1504	46	255	652.370	72.913	24.142	8.406	6.968	74.747
1505	64	255	1091.328	72.359	32.627	9.996	8.152	87.783
1506	71	255	895.627	70.063	29.799	10.141	8.914	118.416
1507	27	255	1184.981	70.611	22.385	6.548	5.250	81.533
1508	77	255	277.279	68.786	31.799	10.314	9.506	99.031
1509	92	255	323.304	67.957	34.870	11.566	10.128	75.837
1510	48	255	356.271	68.833	27.213	8.943	6.834	23.167
1511	55	255	1059.973	67.627	26.971	9.100	7.696	92.985
1512	61	255	751.320	67.254	28.385	9.990	7.775	166.123
1513	30	255	770.700	68.033	19.556	7.044	5.423	161.046
1514	49	255	913.031	66.888	24.385	8.178	7.629	148.743
1515	38	255	234.421	66.553	21.556	7.146	6.771	146.310
1516	53	255	444.840	65.764	26.142	8.303	8.127	127.875
1517	51	255	96.441	64.010	32.042	9.936	6.535	105.812
1518	34	255	214.471	65.971	20.728	7.808	5.544	156.733
1519	39	255	253.936	64.910	23.799	7.742	6.414	107.523
1520	38	255	379.184	65.974	22.142	7.879	6.141	159.594
1521	56	255	548.750	64.946	26.971	8.658	8.235	13.454
1522	73	255	1076.459	63.486	32.627	10.508	8.846	112.496
1523	49	255	1218.071	65.071	29.213	8.738	7.140	55.048
1524	54	255	289.741	63.167	27.213	9.130	7.531	103.083
1525	82	255	337.573	62.159	35.456	11.245	9.285	133.029
1526	58	255	622.207	63.207	27.799	8.674	8.514	50.636
1527	37	255	762.068	63.743	23.556	8.441	5.581	5.029
1528	65	255	265.654	62.038	28.728	9.678	8.551	172.919
1529	82	255	567.500	59.171	33.213	10.644	9.809	131.082
1530	49	255	902.010	59.418	26.385	10.487	5.949	54.922
1531	71	255	483.373	57.120	30.385	10.587	8.539	70.916
1532	72	255	860.708	57.083	30.385	10.903	8.408	60.899
1533	62	255	760.323	54.355	34.042	12.022	6.567	101.637
1534	50	255	979.860	57.040	24.971	8.250	7.716	73.776
1535	47	255	1034.074	57.734	24.142	8.155	7.338	173.440
1536	72	255	225.111	54.389	33.213	10.658	8.602	134.385
1537	69	255	601.225	54.123	30.042	10.104	8.695	154.582
1538	38	255	909.184	54.263	23.556	8.755	5.526	65.162
1539	74	255	1180.000	53.757	30.971	10.237	9.204	164.316
1540	60	255	402.033	51.750	29.799	9.879	7.733	74.152
1541	55	255	730.045	52.591	26.971	8.719	8.032	117.799
1542	78	255	429.679	50.756	32.627	10.609	9.361	22.533
1543	55	255	772.936	51.300	32.042	9.283	7.544	69.264
1544	39	255	509.321	50.449	25.799	8.506	5.838	77.656
1545	2	255	939.000	53.500	4.243	2.257	1.128	0.000
1546	82	255	987.476	48.939	32.042	10.736	9.724	178.342
1547	36	255	272.472	49.722	24.971	7.327	6.256	54.044
1548	64	255	443.453	47.297	29.556	10.338	7.883	46.800
1549	48	255	495.812	47.771	25.556	8.486	7.202	147.390
1550	94	255	642.809	43.596	38.042	13.872	8.628	84.717
1551	31	255	1221.726	47.113	20.728	7.518	5.250	80.427
1552	58	255	14.397	44.966	26.385	9.039	8.170	178.742
1553	59	255	83.161	45.144	28.385	9.992	7.518	14.993
1554	58	255	228.569	44.914	28.971	9.953	7.420	128.393
1555	48	255	670.917	45.125	24.971	7.923	7.714	81.309
1556	57	255	563.430	43.991	26.971	8.791	8.256	150.951
1557	17	255	1.147	42.676	18.485	7.869	2.751	93.479
1558	43	255	203.616	43.616	22.728	7.717	7.095	135.000
1559	44	255	1186.386	42.273	24.971	8.123	6.897	149.049
1560	39	255	29.500	41.731	22.142	7.351	6.755	60.625
1561	63	255	68.817	40.675	31.213	9.605	8.351	92.746
1562	35	255	106.814	41.500	20.971	8.032	5.549	172.393
1563	47	255	412.415	40.883	25.556	8.940	6.694	106.239
1564	28	255	454.500	40.821	18.485	6.503	5.482	90.000
1565	57	255	1138.465	38.886	28.385	9.614	7.549	97.246
1566	59	255	482.771	38.771	26.971	9.127	8.230	86.402
1567	51	255	465.559	37.951	25.314	8.668	7.491	82.827
1568	38	255	44.184	37.500	22.971	7.888	6.134	27.044
1569	26	255	517.346	38.038	17.899	6.518	5.079	107.108
1570	79	255	1058.791	35.968	32.385	10.158	9.902	131.245
1571	27	255	424.315	36.759	18.971	6.628	5.187	149.256
1572	137	255	6.653	29.909	64.184	14.486	12.042	168.894
1573	37	255	374.689	35.446	22.142	7.544	6.245	142.973
1574	70	255	1106.671	34.471	29.556	9.541	9.342	45.000
1575	36	255	434.361	34.083	23.556	8.026	5.711	33.818
1576	46	255	680.370	34.196	24.728	8.690	6.740	111.849
1577	2	255	505.000	36.500	4.243	2.257	1.128	0.000
1578	51	255	914.873	32.382	27.799	8.418	7.714	121.305
1579	50	255	277.220	31.860	25.556	8.157	7.805	96.334
1580	22	255	596.091	33.500	18.142	6.594	4.248	151.836
1581	61	255	637.418	31.107	30.042	12.213	6.359	150.026
1582	62	255	236.774	29.387	28.627	9.375	8.420	13.196
1583	39	255	1200.064	30.397	24.385	7.717	6.434	97.011
1584	76	255	780.408	26.789	30.971	10.276	9.417	88.573
1585	42	255	59.810	27.690	23.799	8.531	6.268	151.111
1586	72	255	26.153	24.611	31.456	11.315	8.102	125.596
1587	1	255	596.500	29.500	2.828	1.128	1.128	0.000
1588	113	255	163.668	22.757	42.527	14.850	9.689	60.585
1589	59	255	601.992	22.737	27.799	10.119	7.424	113.391
1590	30	255	1221.767	24.433	19.899	7.197	5.308	84.425
1591	75	255	904.033	20.407	40.870	11.382	8.390	125.537
1592	90	255	205.011	18.867	36.284	11.588	9.889	160.961
1593	74	255	1079.135	19.527	32.627	11.837	7.959	8.947
1594	49	255	666.704	17.949	27.799	8.369	7.455	24.653
1595	68	255	1024.485	16.882	32.385	12.474	6.941	157.234
1596	64	255	4.844	13.969	32.042	9.787	8.326	51.562
1597	46	255	68.717	14.935	24.385	8.129	7.205	124.099
1598	54	255	173.889	14.111	26.385	9.223	7.455	65.058
1599	59	255	686.992	13.703	28.627	8.804	8.532	25.888
1600	63	255	1106.230	12.659	29.799	9.561	8.390	122.414
1601	58	255	439.172	12.672	27.799	8.904	8.294	119.879
1602	60	255	674.733	10.100	30.142	11.851	6.446	72.858
1603	67	255	753.022	11.799	29.799	9.415	9.061	166.209
1604	56	255	1016.107	9.607	40.627	10.523	6.776	111.623
1605	85	255	242.994	9.276	33.799	10.657	10.155	19.006
1606	82	255	553.976	9.695	33.456	11.422	9.141	135.417
1607	52	255	395.962	10.000	26.385	8.279	7.998	33.534
1608	29	255	420.845	11.086	19.314	6.961	5.305	43.865
1609	114	255	410.588	6.026	45.698	15.921	9.117	141.896
1610	35	255	230.014	8.414	23.213	7.961	5.598	157.250
1611	3	255	571.500	11.167	7.071	3.213	1.189	28.155
1612	66	255	429.439	6.167	28.385	9.591	8.762	41.806
1613	32	255	56.375	6.406	20.142	7.086	5.750	79.127
1614	53	255	661.085	5.953	26.971	9.539	7.074	146.223
1615	66	255	741.197	4.833	34.627	11.066	7.594	65.653
1616	45	255	925.344	5.944	24.142	8.419	6.806	76.493
1617	64	255	973.328	3.188	29.556	9.557	8.526	118.968
1618	72	255	1047.986	3.319	29.799	10.019	9.150	15.300
1619	43	255	119.593	2.105	23.314	7.754	7.061	23.782
1620	45	255	571.278	2.411	25.556	8.349	6.863	154.568
1621	31	255	589.339	0.726	23.314	9.348	4.222	2.387
1622	25	255	704.620	0.940	17.899	7.369	4.320	175.651
1623	17	255	38.147	0.441	15.071	6.541	3.309	4.308
1624	12	255	419.917	0.333	13.071	5.065	3.017	17.137
1625	18	255	1029.000	0.278	17.899	7.241	3.165	1.716E-14
1626	7	255	403.786	-0.357	13.071	5.862	1.520	176.058
1627	11	255	558.773	-0.045	13.071	6.327	2.214	176.942
1628	7	255	689.786	-0.071	9.071	4.154	2.146	171.650
1629	2	255	553.000	-0.500	4.243	2.257	1.128	0.000
