 	Area	Mean	XM	YM	Perim.	Major	Minor	Angle
1	10	255	141.000	902.100	13.071	5.848	2.177	0.000
2	16	255	472.000	901.875	17.899	7.276	2.800	0.000
3	36	255	508.694	899.889	21.899	7.828	5.855	59.332
4	10	255	549.000	902.100	13.071	5.848	2.177	0.000
5	41	255	323.646	896.988	24.142	8.856	5.895	9.028
6	29	255	361.155	896.362	20.728	8.347	4.424	122.381
7	28	255	1022.857	895.071	20.142	6.684	5.333	39.836
8	33	255	218.894	892.227	21.556	8.477	4.957	41.243
9	33	255	823.076	891.288	28.627	8.271	5.080	137.897
10	31	255	1205.758	887.081	22.971	8.151	4.843	140.818
11	42	255	1054.095	886.143	22.728	8.415	6.355	98.649
12	35	255	302.014	883.243	24.971	8.184	5.445	87.125
13	37	255	1025.770	884.149	22.728	7.799	6.040	18.387
14	33	255	629.591	881.015	20.142	7.336	5.727	145.930
15	38	255	355.026	878.842	22.142	7.843	6.169	90.845
16	29	255	708.569	879.086	20.142	7.160	5.157	83.968
17	35	255	779.414	877.586	30.627	8.861	5.029	137.826
18	23	255	561.239	877.891	18.142	6.544	4.475	165.398
19	26	255	382.654	875.038	20.142	7.977	4.150	111.813
20	25	255	375.940	871.580	20.142	7.335	4.340	100.673
21	29	255	312.328	872.810	20.728	8.013	4.608	158.713
22	28	255	818.286	870.286	22.728	7.192	4.957	112.714
23	46	255	702.370	870.304	24.142	8.313	7.046	28.068
24	24	255	286.333	869.083	20.142	7.149	4.275	91.816
25	40	255	480.675	865.800	23.556	8.852	5.753	53.134
26	105	255	737.805	863.890	38.385	13.184	10.140	151.875
27	23	255	166.022	864.978	16.971	5.818	5.033	36.142
28	33	255	499.500	863.318	20.485	7.620	5.514	90.000
29	36	255	111.667	862.861	21.899	7.756	5.910	15.996
30	23	255	378.457	857.152	18.142	6.603	4.435	116.099
31	48	255	485.479	856.250	27.213	10.358	5.900	130.402
32	41	255	343.085	853.671	23.556	8.947	5.835	96.727
33	23	255	9.109	855.065	17.071	6.634	4.414	173.839
34	48	255	298.958	849.938	26.142	10.370	5.894	76.855
35	48	255	568.500	849.167	24.971	8.817	6.931	117.280
36	28	255	461.357	848.393	24.142	6.907	5.161	171.244
37	20	255	55.950	846.800	17.556	5.683	4.481	50.539
38	72	255	318.139	845.319	31.213	10.794	8.493	172.996
39	25	255	520.940	847.620	21.556	7.995	3.982	16.938
40	39	255	611.346	845.936	22.142	8.071	6.153	3.894
41	48	255	170.917	841.667	26.042	10.367	5.895	141.315
42	24	255	525.375	839.750	17.899	6.184	4.942	58.429
43	36	255	596.611	838.417	22.142	8.828	5.192	92.762
44	37	255	644.500	839.554	21.556	7.658	6.152	36.810
45	21	255	246.595	837.024	16.142	6.258	4.272	118.684
46	43	255	548.942	834.779	24.728	9.313	5.879	110.040
47	49	255	909.418	834.357	24.971	8.447	7.386	75.892
48	62	255	822.742	831.226	29.213	10.055	7.851	70.978
49	24	255	1011.167	831.708	17.314	6.299	4.851	148.325
50	36	255	40.250	830.472	22.142	9.270	4.945	165.168
51	23	255	495.848	829.630	21.899	6.976	4.198	95.771
52	63	255	21.103	825.500	28.385	10.103	7.940	66.064
53	25	255	276.300	828.060	17.314	6.464	4.925	65.028
54	13	255	587.115	828.962	12.485	4.899	3.378	50.735
55	14	255	518.714	826.286	17.314	5.927	3.007	117.420
56	33	255	539.833	824.833	24.142	7.091	5.925	51.497
57	56	255	112.768	820.554	27.556	10.203	6.988	83.832
58	38	255	367.132	823.632	23.556	9.356	5.171	2.191
59	32	255	471.438	822.562	20.485	7.779	5.238	75.871
60	22	255	987.091	822.636	18.142	7.012	3.995	99.102
61	22	255	996.409	823.000	16.142	6.458	4.337	128.251
62	14	255	292.429	822.000	14.485	5.542	3.216	82.466
63	31	255	559.403	819.145	21.899	7.240	5.452	99.985
64	32	255	923.844	819.406	23.799	7.784	5.234	150.932
65	23	255	323.065	818.413	17.314	7.071	4.141	86.298
66	28	255	416.036	817.214	20.385	7.378	4.832	122.572
67	41	255	642.232	816.232	23.799	9.601	5.437	45.000
68	18	255	218.778	815.611	17.314	6.433	3.563	131.797
69	28	255	281.393	814.464	18.971	7.024	5.075	63.942
70	24	255	193.292	813.167	18.728	6.984	4.375	69.539
71	29	255	244.466	813.086	20.142	8.123	4.546	71.533
72	20	255	400.300	814.750	18.142	5.679	4.484	18.315
73	33	255	1014.833	813.106	21.799	7.803	5.385	50.177
74	24	255	1147.083	814.000	17.556	5.824	5.247	140.194
75	22	255	317.409	812.591	15.899	5.554	5.043	134.999
76	43	255	989.221	810.221	24.385	8.951	6.117	65.254
77	34	255	503.029	809.088	21.556	7.982	5.424	29.733
78	55	255	551.409	806.591	27.799	10.481	6.681	45.001
79	43	255	793.221	806.802	31.456	7.836	6.987	53.777
80	47	255	947.947	806.862	24.385	8.940	6.694	48.059
81	54	255	613.167	805.630	26.971	9.181	7.488	85.080
82	40	255	784.775	805.325	27.213	8.905	5.719	60.611
83	24	255	471.375	806.708	17.314	5.819	5.251	165.637
84	29	255	114.397	804.638	19.899	7.872	4.691	68.566
85	32	255	436.000	805.000	19.314	6.383	6.383	0.000
86	22	255	462.318	804.864	19.556	6.284	4.457	135.168
87	56	255	526.929	803.857	26.385	9.008	7.916	49.874
88	49	255	574.500	804.459	24.971	8.552	7.296	0.000
89	34	255	980.706	803.206	24.385	9.469	4.572	139.992
90	33	255	259.439	803.470	22.142	8.488	4.950	113.082
91	32	255	1012.875	803.344	21.556	6.852	5.946	66.643
92	68	255	1044.559	799.971	30.385	11.600	7.464	92.675
93	25	255	940.780	801.260	21.314	8.577	3.711	79.591
94	36	255	483.722	797.250	26.627	10.094	4.541	61.588
95	35	255	797.757	797.757	22.142	7.247	6.149	112.870
96	14	255	499.286	799.571	14.485	6.015	2.963	163.826
97	36	255	305.611	795.833	25.314	8.253	5.554	90.207
98	33	255	745.318	796.652	21.556	8.137	5.164	29.748
99	30	255	461.400	794.500	20.142	6.785	5.629	77.312
100	27	255	547.500	794.093	22.728	7.572	4.540	161.598
101	51	255	695.598	791.735	25.213	8.661	7.497	165.178
102	39	255	1160.090	791.551	21.799	8.124	6.112	32.886
103	18	255	255.000	791.500	14.485	5.587	4.102	66.891
104	53	255	529.481	789.877	28.042	10.984	6.144	156.732
105	44	255	634.636	789.750	24.385	9.054	6.188	63.215
106	20	255	224.250	790.550	15.314	5.713	4.457	47.080
107	25	255	453.180	789.020	21.556	8.468	3.759	126.078
108	49	255	496.582	789.704	25.556	8.910	7.002	8.020
109	57	255	813.675	789.518	26.971	10.089	7.194	12.718
110	25	255	420.220	788.740	20.971	7.184	4.431	58.211
111	23	255	344.978	786.935	18.485	6.870	4.263	92.321
112	56	255	1023.089	783.750	26.971	8.743	8.155	116.843
113	74	255	382.270	781.473	31.213	10.973	8.586	67.848
114	28	255	475.214	783.857	22.728	7.302	4.883	50.086
115	61	255	1044.025	782.189	27.799	9.520	8.159	110.808
116	48	255	244.375	780.938	25.213	8.561	7.139	31.415
117	20	255	437.450	782.750	19.556	5.926	4.297	148.758
118	15	255	525.433	782.900	13.899	5.615	3.401	142.762
119	15	255	445.100	781.167	13.899	5.390	3.543	51.567
120	38	255	481.895	778.763	23.799	9.672	5.003	42.723
121	32	255	765.312	779.656	23.799	7.004	5.817	30.429
122	12	255	576.083	776.250	11.899	4.424	3.453	32.067
123	34	255	329.412	772.824	20.728	8.187	5.288	96.159
124	42	255	371.905	773.429	23.799	7.503	7.127	81.599
125	27	255	428.389	772.981	18.142	6.126	5.612	81.999
126	21	255	446.976	772.976	17.314	6.801	3.931	169.395
127	28	255	943.679	769.321	21.556	7.263	4.909	81.852
128	58	255	877.776	766.138	27.556	9.388	7.866	65.465
129	28	255	260.107	765.214	18.728	7.123	5.005	170.045
130	30	255	786.500	762.700	21.556	7.561	5.052	18.999
131	35	255	1075.157	758.729	33.799	7.765	5.739	129.844
132	45	255	1125.144	758.056	30.971	9.811	5.840	130.300
133	2	255	1125.000	763.500	4.243	2.257	1.128	0.000
134	57	255	439.219	758.009	27.799	9.704	7.479	26.145
135	37	255	859.527	757.122	24.385	7.822	6.023	12.716
136	16	255	847.188	756.438	13.899	5.325	3.826	108.435
137	26	255	883.038	756.654	24.385	6.951	4.763	172.961
138	25	255	69.540	754.100	17.314	6.042	5.268	100.870
139	13	255	220.885	751.885	11.899	4.380	3.779	45.000
140	15	255	449.367	752.100	13.899	4.957	3.853	141.264
141	18	255	593.278	750.889	15.314	6.250	3.667	72.894
142	32	255	911.594	749.312	22.142	8.340	4.885	78.270
143	15	255	954.500	751.167	14.728	4.755	4.016	108.435
144	23	255	411.239	749.804	18.142	6.094	4.806	145.197
145	45	255	840.522	748.922	25.213	10.619	5.396	145.381
146	13	255	63.962	749.346	12.485	4.359	3.797	13.776
147	63	255	287.802	744.706	29.213	10.055	7.978	59.131
148	26	255	972.385	747.192	20.142	7.505	4.411	2.619
149	34	255	426.471	745.059	22.142	8.200	5.279	25.439
150	38	255	1175.842	741.947	25.556	8.629	5.607	115.450
151	48	255	779.729	741.229	24.971	8.586	7.118	36.414
152	37	255	899.338	739.689	30.971	8.943	5.268	105.640
153	40	255	806.500	740.000	22.971	9.024	5.644	56.659
154	50	255	572.300	738.740	25.799	8.931	7.128	59.590
155	24	255	827.208	739.542	17.314	5.766	5.299	158.962
156	24	255	320.000	736.708	19.556	8.777	3.482	51.133
157	35	255	270.443	735.586	22.385	9.323	4.780	140.350
158	16	255	504.312	735.625	15.314	5.847	3.484	64.619
159	34	255	81.912	734.088	20.971	7.614	5.686	63.376
160	23	255	1137.630	731.761	18.142	6.561	4.463	66.014
161	55	255	836.191	727.518	26.971	9.381	7.465	84.750
162	33	255	857.742	725.773	25.556	7.118	5.903	87.154
163	44	255	175.159	723.659	24.142	8.248	6.792	109.628
164	27	255	614.167	721.833	24.728	8.563	4.015	88.494
165	61	255	883.041	723.008	28.971	10.733	7.236	28.911
166	26	255	794.962	723.577	19.556	7.368	4.493	157.749
167	46	255	422.565	720.196	26.971	9.045	6.475	173.801
168	20	255	817.550	721.800	15.899	5.613	4.536	26.246
169	48	255	602.271	718.979	25.314	8.813	6.935	69.946
170	39	255	686.346	718.577	23.556	9.319	5.329	72.864
171	38	255	562.421	719.263	26.971	10.324	4.686	10.378
172	28	255	757.357	718.679	23.556	6.989	5.101	161.282
173	3	255	761.833	718.833	5.657	2.365	1.615	135.000
174	38	255	1018.105	715.921	22.385	7.574	6.388	63.272
175	34	255	721.176	713.353	20.728	6.951	6.228	67.557
176	86	255	702.930	711.000	32.971	10.919	10.028	128.620
177	10	255	276.500	713.000	10.485	4.444	2.865	116.565
178	24	255	925.042	710.875	22.728	8.121	3.763	74.840
179	30	255	917.300	708.667	20.728	8.076	4.730	110.293
180	14	255	761.929	709.071	13.899	4.836	3.686	24.985
181	24	255	653.208	706.167	20.971	6.868	4.449	70.558
182	48	255	775.000	706.354	28.627	9.243	6.612	11.958
183	19	255	101.395	704.132	18.142	5.559	4.352	147.732
184	31	255	592.952	704.565	20.142	8.085	4.882	14.619
185	45	255	798.678	702.856	24.385	7.763	7.380	153.435
186	14	255	689.286	703.143	13.899	4.807	3.708	96.800
187	44	255	75.705	700.727	24.385	8.603	6.512	104.090
188	25	255	443.580	703.060	18.485	7.645	4.164	169.273
189	27	255	597.537	699.167	20.728	7.703	4.463	25.785
190	43	255	902.500	698.895	28.385	9.102	6.015	9.368
191	32	255	40.250	697.125	20.142	7.043	5.785	67.198
192	16	255	578.375	698.562	16.142	5.992	3.400	33.807
193	8	255	758.375	699.375	11.899	3.734	2.728	104.679
194	32	255	863.125	697.000	22.728	8.326	4.893	91.743
195	30	255	1145.000	697.100	22.971	7.815	4.888	105.288
196	82	255	766.402	694.439	32.385	10.969	9.518	86.467
197	29	255	781.259	696.431	26.142	7.818	4.723	97.956
198	42	255	1046.167	696.214	27.799	8.445	6.332	30.075
199	24	255	618.250	696.792	20.142	7.564	4.040	7.263
200	41	255	884.915	695.427	23.556	9.343	5.587	34.358
201	30	255	290.600	694.767	20.142	7.121	5.364	100.377
202	39	255	467.167	693.013	22.728	8.324	5.966	84.771
203	34	255	755.147	692.618	21.556	8.047	5.380	65.200
204	43	255	531.128	691.360	25.799	7.982	6.859	135.522
205	20	255	606.900	692.300	17.314	6.243	4.079	104.638
206	35	255	808.357	693.100	26.971	9.730	4.580	161.734
207	3	255	813.167	695.167	5.657	2.365	1.615	135.000
208	18	255	430.278	691.722	15.899	5.825	3.935	92.884
209	51	255	378.010	690.343	26.142	8.312	7.812	175.796
210	45	255	659.922	689.989	25.314	8.605	6.658	1.117
211	31	255	728.210	689.500	20.728	7.776	5.076	2.436
212	25	255	350.340	688.900	18.142	7.215	4.412	168.575
213	45	255	837.944	687.367	24.385	8.733	6.561	12.052
214	1	255	1209.500	690.500	2.828	1.128	1.128	0.000
215	16	255	487.062	688.062	14.485	4.846	4.204	8.677
216	4	255	1212.750	688.750	7.657	3.192	1.596	18.435
217	24	255	1212.083	686.000	23.556	9.174	3.331	163.137
218	47	255	1185.074	683.372	25.556	9.713	6.161	84.387
219	19	255	101.447	684.132	16.142	5.979	4.046	118.493
220	31	255	443.952	683.565	20.971	6.947	5.682	178.471
221	1	255	259.500	684.500	2.828	1.128	1.128	0.000
222	23	255	578.978	681.457	18.971	6.723	4.356	124.353
223	19	255	772.184	682.132	15.899	5.384	4.493	156.190
224	28	255	797.607	681.500	20.728	8.001	4.456	126.218
225	39	255	405.346	679.474	22.971	8.815	5.633	78.330
226	32	255	590.344	679.406	22.385	7.793	5.229	127.489
227	20	255	621.100	680.200	16.728	6.108	4.169	151.317
228	27	255	638.426	677.796	22.728	7.317	4.698	94.060
229	49	255	570.663	677.480	27.556	9.092	6.862	87.463
230	28	255	320.786	677.786	19.314	6.711	5.312	58.520
231	17	255	516.794	677.206	14.728	5.201	4.162	45.000
232	27	255	715.685	675.204	19.556	8.025	4.284	126.702
233	24	255	418.000	675.333	16.728	6.470	4.723	180.000
234	19	255	772.132	675.026	15.314	6.589	3.672	156.981
235	43	255	816.593	672.663	27.213	8.165	6.705	51.598
236	29	255	55.983	669.741	19.314	6.946	5.316	41.987
237	30	255	750.233	670.300	21.556	6.962	5.486	148.603
238	35	255	445.100	668.557	22.142	7.150	6.232	116.012
239	19	255	793.658	669.658	14.728	5.301	4.564	135.000
240	52	255	521.423	666.635	26.142	9.479	6.985	74.292
241	59	255	436.822	665.008	28.627	10.139	7.409	126.068
242	30	255	604.200	666.367	23.556	6.999	5.458	121.115
243	31	255	630.726	666.306	28.385	8.183	4.823	63.635
244	21	255	735.167	666.357	18.142	5.784	4.623	76.649
245	1	255	738.500	668.500	2.828	1.128	1.128	0.000
246	24	255	864.125	665.500	20.971	5.843	5.230	138.856
247	34	255	93.147	664.353	22.142	8.435	5.132	69.939
248	83	255	348.801	662.018	33.213	11.657	9.066	91.607
249	24	255	654.542	665.500	18.142	6.395	4.779	19.049
250	28	255	764.036	663.536	22.142	7.896	4.515	48.358
251	54	255	978.796	662.778	27.213	8.945	7.686	53.668
252	24	255	797.250	663.583	20.142	6.745	4.531	147.789
253	60	255	327.650	660.383	28.385	9.499	8.042	73.869
254	56	255	474.500	659.000	26.971	9.652	7.388	86.230
255	50	255	592.400	657.380	29.556	11.635	5.471	98.828
256	32	255	551.938	657.344	20.728	8.315	4.900	125.450
257	25	255	782.500	656.940	18.728	6.276	5.072	67.643
258	14	255	85.357	656.571	13.314	5.342	3.337	113.125
259	25	255	417.180	654.780	18.142	6.543	4.865	20.004
260	28	255	582.679	653.893	20.142	7.654	4.658	153.264
261	30	255	765.933	653.900	22.971	7.995	4.777	175.810
262	15	255	802.300	654.767	17.314	6.519	2.930	15.959
263	26	255	683.538	653.423	20.971	8.520	3.885	154.599
264	28	255	791.571	652.321	22.142	7.141	4.993	48.381
265	39	255	754.218	651.526	22.971	7.881	6.300	17.380
266	39	255	602.859	650.449	23.556	7.376	6.732	46.128
267	21	255	722.833	649.976	19.314	7.131	3.750	70.970
268	29	255	841.879	649.914	24.142	7.215	5.118	20.720
269	31	255	859.371	648.629	24.971	7.545	5.231	124.568
270	21	255	831.738	647.643	20.142	7.332	3.647	77.457
271	21	255	476.881	648.071	15.899	6.279	4.258	172.798
272	22	255	402.500	646.091	17.314	6.272	4.466	98.161
273	25	255	177.420	645.060	17.314	6.257	5.087	81.464
274	17	255	737.794	645.500	17.314	6.213	3.484	79.859
275	28	255	542.750	644.036	23.799	7.315	4.874	33.880
276	35	255	715.814	643.471	26.627	7.808	5.707	87.048
277	25	255	728.540	643.500	18.142	6.444	4.940	63.880
278	62	255	801.290	642.968	32.627	10.356	7.623	11.611
279	30	255	325.800	641.067	21.556	7.875	4.850	92.960
280	22	255	469.500	641.955	18.142	6.116	4.580	112.941
281	37	255	83.419	639.014	23.314	9.183	5.130	88.964
282	34	255	312.794	641.000	22.971	7.896	5.482	9.393
283	1	255	415.500	643.500	2.828	1.128	1.128	0.000
284	37	255	418.770	640.284	21.556	7.027	6.704	106.157
285	46	255	485.957	640.022	28.971	8.735	6.705	16.876
286	4	255	601.250	642.000	9.657	3.969	1.283	107.609
287	39	255	651.295	640.141	24.971	9.176	5.412	32.746
288	11	255	809.955	640.773	18.142	5.964	2.348	83.047
289	1	255	598.500	641.500	2.828	1.128	1.128	0.000
290	26	255	618.500	639.000	17.314	6.259	5.289	90.000
291	8	255	992.625	640.625	9.071	3.538	2.879	135.000
292	24	255	664.708	637.125	20.971	7.089	4.311	77.656
293	13	255	631.885	636.962	14.485	5.202	3.182	134.735
294	23	255	687.587	636.717	16.728	5.757	5.087	69.298
295	28	255	784.000	637.357	22.385	7.937	4.492	25.467
296	14	255	764.500	637.357	13.314	5.102	3.494	18.937
297	18	255	856.444	636.889	17.314	5.953	3.850	174.460
298	54	255	1069.870	634.463	26.385	9.420	7.299	57.986
299	27	255	509.907	634.648	19.556	6.593	5.214	70.345
300	54	255	575.722	633.056	26.971	10.036	6.851	75.383
301	34	255	746.765	633.441	26.142	7.820	5.536	119.686
302	29	255	829.707	634.776	20.971	8.661	4.263	142.421
303	43	255	244.756	633.058	25.556	7.926	6.908	94.210
304	18	255	606.556	635.167	17.314	7.726	2.966	19.155
305	16	255	637.375	634.688	15.314	5.690	3.581	35.294
306	26	255	725.038	633.000	20.728	7.976	4.151	42.921
307	12	255	435.750	634.167	11.899	4.164	3.669	109.805
308	14	255	643.786	633.429	13.314	5.115	3.485	53.973
309	27	255	941.574	632.167	18.728	6.826	5.036	81.296
310	28	255	627.929	631.286	21.556	8.296	4.297	123.225
311	26	255	887.731	630.923	20.142	7.928	4.176	65.168
312	34	255	403.000	630.206	20.142	6.986	6.197	90.000
313	26	255	859.500	625.654	24.385	7.378	4.487	119.307
314	63	255	1023.849	624.262	29.213	10.172	7.886	145.690
315	14	255	565.071	625.643	13.899	5.794	3.077	60.965
316	44	255	588.114	624.705	24.142	8.275	6.770	9.440
317	20	255	738.750	626.550	20.728	8.661	2.940	0.444
318	22	255	379.455	623.773	17.314	6.590	4.250	47.665
319	19	255	616.658	623.342	18.142	7.033	3.440	96.484
320	23	255	651.587	622.891	20.142	6.636	4.413	115.450
321	19	255	639.605	623.605	16.142	5.699	4.245	173.100
322	46	255	778.304	621.500	24.971	9.204	6.364	84.721
323	45	255	968.367	622.167	23.556	8.726	6.566	57.142
324	33	255	1003.197	621.379	25.799	7.284	5.768	107.516
325	13	255	712.654	622.038	12.485	4.359	3.797	76.224
326	27	255	837.648	620.463	19.556	7.131	4.821	55.383
327	19	255	705.079	619.184	16.485	6.079	3.979	67.892
328	28	255	418.429	617.393	22.142	6.788	5.252	106.768
329	39	255	399.192	616.500	22.971	9.453	5.253	144.038
330	35	255	1038.471	615.729	21.314	8.392	5.310	99.737
331	64	255	1163.531	614.875	29.799	10.561	7.716	59.099
332	73	255	731.212	614.925	30.385	11.385	8.164	10.662
333	5	255	410.900	616.700	7.657	3.144	2.025	71.565
334	28	255	690.036	615.036	22.728	7.620	4.678	135.734
335	60	255	36.150	611.950	29.556	9.260	8.250	27.855
336	23	255	752.326	612.587	17.899	6.466	4.529	127.386
337	20	255	455.400	611.050	18.142	7.045	3.615	44.515
338	17	255	624.029	611.382	15.314	5.025	4.308	97.018
339	24	255	423.292	608.833	20.142	8.080	3.782	48.886
340	12	255	3.833	609.833	11.899	5.023	3.042	135.000
341	1	255	465.500	611.500	2.828	1.128	1.128	0.000
342	23	255	469.152	609.543	17.314	5.837	5.017	26.160
343	39	255	506.115	608.269	22.728	7.843	6.331	89.425
344	22	255	656.227	609.455	16.728	5.978	4.686	30.836
345	53	255	858.764	607.972	27.213	9.270	7.279	32.235
346	33	255	517.591	608.833	23.556	8.940	4.700	3.088
347	6	255	591.000	609.500	7.657	3.385	2.257	90.000
348	18	255	670.667	608.444	14.728	5.182	4.423	119.949
349	18	255	683.333	608.111	16.728	6.289	3.644	57.456
350	30	255	1031.133	607.867	18.728	6.529	5.850	45.001
351	13	255	498.346	607.346	13.314	4.753	3.482	64.547
352	24	255	768.333	606.042	20.142	6.934	4.407	78.364
353	13	255	831.269	607.654	13.314	5.688	2.910	125.346
354	37	255	778.662	605.284	22.385	8.167	5.768	122.177
355	53	255	790.255	603.538	27.799	9.599	7.030	59.264
356	26	255	730.038	603.654	17.899	6.518	5.079	17.108
357	25	255	810.020	602.780	19.556	7.428	4.285	43.540
358	39	255	742.628	601.474	22.728	7.707	6.443	63.141
359	34	255	998.441	601.029	27.556	7.834	5.526	103.473
360	4	255	608.750	601.500	7.657	2.734	1.863	90.000
361	33	255	715.833	600.258	20.142	7.342	5.723	150.521
362	30	255	366.833	598.400	20.728	7.133	5.355	92.595
363	39	255	151.167	597.295	26.385	9.066	5.477	149.894
364	21	255	704.786	597.071	16.142	6.105	4.380	110.897
365	1	255	731.500	599.500	2.828	1.128	1.128	0.000
366	42	255	878.167	596.143	24.142	8.845	6.046	24.704
367	40	255	176.300	594.700	24.971	9.165	5.557	88.120
368	28	255	731.143	594.464	20.971	6.265	5.691	78.569
369	13	255	196.885	594.577	13.314	4.616	3.586	52.161
370	26	255	600.269	593.923	20.142	7.290	4.541	49.838
371	21	255	818.929	592.833	21.799	8.072	3.313	138.320
372	38	255	642.211	590.711	22.971	8.662	5.586	60.235
373	37	255	812.365	590.851	23.213	7.838	6.011	73.626
374	25	255	498.140	590.380	20.728	6.757	4.711	69.872
375	2	255	505.000	593.500	4.243	2.257	1.128	0.000
376	23	255	505.630	590.283	18.142	6.824	4.292	16.209
377	26	255	1026.615	590.923	21.314	8.024	4.126	4.644
378	40	255	1150.225	588.975	22.971	8.960	5.684	31.557
379	9	255	405.278	590.167	10.485	3.685	3.109	82.372
380	19	255	665.711	588.447	16.728	5.479	4.415	66.605
381	41	255	1008.622	587.866	27.556	9.072	5.754	71.412
382	32	255	530.531	587.531	21.556	8.659	4.705	48.115
383	37	255	708.527	587.068	35.456	9.423	5.000	12.920
384	31	255	724.403	587.145	21.556	8.498	4.645	43.423
385	27	255	465.241	586.833	20.971	7.339	4.684	25.726
386	28	255	492.143	585.429	21.556	7.113	5.012	112.500
387	46	255	874.217	584.761	26.142	10.410	5.626	95.668
388	25	255	905.420	586.980	18.971	7.478	4.257	132.057
389	26	255	392.077	586.000	18.142	6.480	5.109	145.748
390	20	255	759.800	585.700	16.728	5.914	4.306	80.052
391	34	255	133.118	583.353	20.142	6.870	6.301	86.182
392	11	255	617.045	585.318	11.899	4.507	3.107	138.972
393	29	255	674.707	583.776	18.971	7.068	5.224	165.018
394	30	255	365.467	581.400	22.142	8.138	4.694	71.441
395	43	255	1065.081	581.012	24.971	8.814	6.212	133.360
396	24	255	633.792	581.083	19.556	6.549	4.666	152.501
397	51	255	37.382	578.343	26.627	8.818	7.364	129.245
398	11	255	688.682	581.318	11.899	3.807	3.678	45.002
399	94	255	211.894	575.904	35.799	12.767	9.375	74.828
400	21	255	452.452	579.310	18.142	7.935	3.370	31.040
401	37	255	910.365	578.743	22.728	7.869	5.987	49.767
402	28	255	357.214	577.893	21.556	6.783	5.256	106.242
403	38	255	385.632	576.579	23.314	9.356	5.171	83.149
404	51	255	432.833	576.088	26.971	9.949	6.527	107.785
405	33	255	647.379	577.409	20.971	8.230	5.106	140.242
406	27	255	749.611	578.019	18.142	6.126	5.612	81.999
407	25	255	1043.340	577.860	20.728	8.532	3.731	11.279
408	17	255	702.441	576.735	15.314	6.139	3.526	142.989
409	16	255	734.562	576.938	15.314	6.173	3.300	154.857
410	45	255	125.233	573.656	25.556	8.828	6.490	35.360
411	49	255	274.969	574.255	24.971	8.804	7.086	51.380
412	29	255	1000.431	574.259	20.485	7.110	5.193	68.572
413	43	255	778.221	571.988	30.870	8.103	6.756	39.708
414	20	255	134.850	572.800	16.142	5.348	4.762	67.125
415	28	255	1177.821	573.107	19.556	7.099	5.022	24.068
416	29	255	621.603	571.741	24.385	7.799	4.734	174.225
417	29	255	575.810	570.224	26.971	7.083	5.213	96.273
418	30	255	993.200	570.900	20.142	6.607	5.782	79.573
419	33	255	675.591	568.955	22.728	8.484	4.952	89.648
420	23	255	721.891	570.717	16.728	6.015	4.869	9.556
421	25	255	736.500	570.500	20.142	6.230	5.109	31.717
422	18	255	631.778	569.500	16.142	5.426	4.224	168.106
423	27	255	337.537	567.870	20.385	6.657	5.164	85.517
424	23	255	597.848	566.630	17.556	5.664	5.170	35.877
425	20	255	585.100	566.200	16.728	6.612	3.852	13.216
426	34	255	619.706	563.265	22.728	8.441	5.128	92.426
427	37	255	797.338	564.095	26.971	7.737	6.089	4.467
428	26	255	1004.077	563.500	21.556	8.196	4.039	25.873
429	18	255	441.833	562.667	15.071	5.608	4.087	72.704
430	32	255	657.750	560.688	22.142	8.085	5.039	119.787
431	1	255	698.500	564.500	2.828	1.128	1.128	0.000
432	38	255	880.474	561.395	24.385	7.971	6.070	158.416
433	22	255	905.182	562.136	22.385	6.479	4.324	170.049
434	67	255	693.022	558.769	38.870	13.399	6.367	156.379
435	1	255	727.500	563.500	2.828	1.128	1.128	0.000
436	19	255	728.289	560.079	19.314	6.353	3.808	162.152
437	55	255	849.173	557.955	27.213	9.777	7.163	54.230
438	13	255	453.885	560.115	11.899	4.380	3.779	135.000
439	13	255	631.654	560.038	12.485	4.359	3.797	76.224
440	56	255	1115.821	557.643	29.213	10.373	6.874	152.127
441	48	255	772.979	556.271	27.213	9.841	6.210	63.204
442	29	255	808.707	557.569	23.556	7.531	4.903	108.268
443	19	255	681.658	557.237	15.314	5.685	4.255	50.092
444	22	255	764.045	557.091	20.728	6.716	4.171	68.450
445	11	255	750.409	555.318	13.314	5.017	2.792	50.655
446	40	255	332.800	552.225	25.213	9.184	5.545	132.258
447	20	255	905.300	553.550	19.556	6.289	4.049	38.257
448	23	255	511.500	552.109	17.314	6.863	4.267	128.641
449	26	255	612.423	551.423	18.142	6.841	4.839	74.961
450	15	255	668.433	552.967	15.314	5.484	3.483	40.203
451	12	255	683.833	551.833	13.314	4.606	3.317	11.310
452	39	255	399.423	549.269	22.142	8.380	5.925	135.605
453	40	255	635.375	548.275	30.870	8.976	5.674	49.593
454	40	255	868.225	549.800	30.042	9.860	5.165	154.769
455	28	255	590.286	549.393	21.899	7.779	4.583	155.082
456	27	255	828.130	547.648	20.971	7.658	4.489	62.200
457	8	255	472.625	548.375	9.071	3.538	2.879	45.000
458	38	255	560.816	545.553	22.142	7.921	6.109	108.435
459	18	255	702.500	548.000	14.485	5.587	4.102	156.891
460	17	255	721.088	546.735	15.899	5.960	3.632	65.642
461	2	255	728.500	549.000	4.828	2.257	1.128	90.000
462	2	255	733.000	548.500	4.243	2.257	1.128	0.000
463	36	255	756.361	545.444	20.971	7.152	6.409	14.636
464	29	255	816.845	544.328	26.385	8.026	4.601	110.113
465	42	255	843.595	544.905	24.142	9.546	5.602	16.810
466	2	255	1102.000	547.500	4.243	2.257	1.128	0.000
467	43	255	1102.081	542.337	29.213	9.263	5.911	49.208
468	19	255	606.553	543.289	17.314	6.023	4.016	147.373
469	30	255	955.367	541.800	22.971	8.690	4.395	105.546
470	16	255	682.938	543.125	14.728	5.595	3.641	10.867
471	22	255	792.000	541.773	16.142	5.741	4.879	0.000
472	18	255	771.222	540.278	15.314	5.524	4.149	121.098
473	13	255	779.115	540.115	15.314	4.772	3.469	157.778
474	19	255	712.658	538.342	14.728	5.301	4.564	45.001
475	47	255	895.160	536.883	27.799	10.412	5.747	16.772
476	38	255	229.000	535.395	22.142	8.046	6.013	90.000
477	44	255	689.000	535.159	24.385	8.992	6.230	125.505
478	46	255	754.565	535.000	24.385	8.616	6.797	42.485
479	31	255	807.629	535.403	22.142	8.017	4.924	175.461
480	39	255	414.756	533.756	23.556	8.514	5.833	0.255
481	23	255	724.587	534.109	16.728	6.569	4.458	56.694
482	30	255	743.467	533.833	20.142	7.107	5.375	111.390
483	27	255	392.056	531.759	22.142	9.121	3.769	71.685
484	32	255	932.406	532.562	22.142	8.566	4.757	20.876
485	21	255	480.738	531.262	18.728	7.386	3.620	23.328
486	22	255	788.455	530.909	18.142	6.326	4.428	71.159
487	20	255	845.400	531.500	16.142	5.207	4.891	90.000
488	21	255	772.881	530.452	16.728	5.505	4.857	154.828
489	40	255	1006.350	529.250	23.556	8.340	6.106	61.960
490	27	255	669.056	528.722	21.314	8.445	4.071	66.869
491	30	255	425.933	526.700	18.728	6.890	5.544	142.677
492	16	255	793.312	527.438	15.314	5.361	3.800	35.304
493	27	255	815.870	527.167	18.728	6.334	5.428	41.493
494	12	255	417.250	527.083	13.899	4.312	3.543	38.187
495	28	255	157.964	525.143	18.728	6.389	5.580	30.410
496	42	255	451.833	524.405	23.799	9.235	5.791	138.217
497	8	255	587.750	526.125	14.728	3.808	2.675	64.250
498	25	255	715.620	523.700	17.899	5.863	5.430	101.749
499	27	255	939.574	523.241	21.556	7.980	4.308	102.491
500	27	255	65.500	522.500	18.142	7.031	4.889	19.736
501	32	255	803.875	521.625	21.556	7.034	5.793	109.464
502	28	255	899.607	522.321	21.799	8.049	4.429	26.241
503	10	255	968.800	523.700	11.071	4.456	2.857	18.222
504	36	255	335.417	520.583	21.556	8.616	5.320	135.000
505	36	255	106.222	519.139	22.142	8.382	5.469	109.510
506	48	255	428.521	519.229	24.385	9.113	6.706	158.549
507	17	255	687.088	520.794	15.314	6.002	3.606	164.213
508	17	255	657.853	519.735	15.314	5.596	3.868	166.162
509	15	255	968.167	519.700	18.142	6.453	2.960	10.219
510	45	255	604.922	516.344	25.556	9.444	6.067	85.129
511	51	255	752.637	515.402	28.142	9.725	6.677	91.449
512	27	255	777.204	516.870	19.556	6.422	5.353	10.191
513	24	255	893.917	517.083	18.971	6.184	4.942	22.795
514	42	255	1094.000	516.500	22.971	8.896	6.011	36.770
515	15	255	623.300	516.367	13.899	5.243	3.643	99.899
516	1	255	672.500	518.500	2.828	1.128	1.128	0.000
517	53	255	387.462	513.821	25.799	9.500	7.104	141.956
518	23	255	671.065	514.804	20.142	6.129	4.778	152.002
519	20	255	678.300	513.150	20.142	7.168	3.553	87.410
520	21	255	725.929	513.786	18.142	6.180	4.327	54.400
521	40	255	788.850	512.500	30.870	8.240	6.181	38.877
522	52	255	466.115	511.731	26.971	9.983	6.632	50.697
523	43	255	873.593	512.733	23.556	9.042	6.055	177.726
524	26	255	799.846	510.385	20.728	6.220	5.322	177.145
525	18	255	339.667	510.778	15.314	5.488	4.176	54.813
526	39	255	734.064	509.346	22.142	8.071	6.153	93.894
527	17	255	814.853	510.324	15.314	5.534	3.911	72.628
528	41	255	665.061	508.085	25.556	8.214	6.355	103.970
529	44	255	688.795	505.795	33.456	7.804	7.179	172.819
530	32	255	947.062	506.031	28.627	7.423	5.489	37.052
531	40	255	1042.225	505.650	33.456	9.236	5.514	172.901
532	47	255	773.287	504.436	24.142	8.294	7.215	6.164
533	19	255	805.868	504.711	15.899	6.377	3.794	113.827
534	21	255	921.500	504.738	16.728	6.529	4.096	53.047
535	39	255	359.756	503.526	24.385	8.273	6.002	18.882
536	13	255	595.346	504.962	12.485	4.359	3.797	76.224
537	40	255	644.925	502.875	28.971	7.955	6.402	62.815
538	51	255	187.049	501.363	26.142	10.239	6.342	91.955
539	21	255	847.548	504.071	18.142	7.229	3.699	18.435
540	38	255	1152.000	502.500	21.314	7.488	6.462	90.000
541	22	255	866.545	501.864	19.314	6.546	4.279	54.018
542	29	255	460.086	500.638	18.728	6.328	5.835	144.273
543	53	255	760.934	498.972	26.142	8.686	7.769	122.051
544	31	255	939.371	500.016	20.142	6.688	5.902	26.973
545	29	255	416.500	497.948	21.556	7.845	4.707	75.251
546	18	255	951.611	499.444	14.728	5.368	4.269	38.474
547	56	255	92.250	496.946	26.971	9.457	7.539	36.292
548	20	255	1084.250	499.000	16.485	6.000	4.244	19.330
549	17	255	303.088	495.853	15.314	6.042	3.583	116.591
550	29	255	907.741	496.086	18.971	7.552	4.889	144.306
551	39	255	662.885	494.346	25.799	9.216	5.388	34.735
552	17	255	735.441	495.735	14.728	5.281	4.099	40.708
553	129	255	747.764	490.864	41.456	13.804	11.899	0.518
554	51	255	930.794	492.088	38.042	9.643	6.734	93.396
555	106	255	680.981	488.764	37.456	11.921	11.321	164.248
556	37	255	846.176	491.203	23.213	8.828	5.336	46.354
557	40	255	799.900	489.575	22.971	7.691	6.622	87.375
558	28	255	820.036	491.464	18.728	6.855	5.200	14.040
559	29	255	702.362	489.914	21.556	7.909	4.668	142.949
560	19	255	949.500	489.132	15.314	5.486	4.410	147.467
561	2	255	1034.000	490.500	4.243	2.257	1.128	0.000
562	39	255	561.346	486.756	24.385	7.650	6.491	156.894
563	30	255	778.900	486.267	26.385	8.139	4.693	115.059
564	35	255	1031.729	485.814	25.799	6.962	6.401	79.067
565	31	255	958.016	483.919	22.971	7.885	5.006	102.180
566	46	255	758.739	483.043	24.142	8.252	7.098	77.447
567	36	255	216.139	479.778	22.385	8.567	5.350	28.398
568	37	255	770.365	477.230	31.213	8.838	5.330	93.476
569	48	255	802.021	478.792	24.971	8.879	6.883	129.048
570	34	255	1186.735	477.029	27.556	8.824	4.906	118.817
571	40	255	1047.825	477.625	26.385	8.348	6.100	134.486
572	37	255	840.149	476.392	21.556	7.008	6.722	9.893
573	25	255	851.020	475.220	22.142	7.676	4.147	93.973
574	2	255	922.000	479.500	4.243	2.257	1.128	0.000
575	43	255	282.012	475.663	23.556	9.255	5.916	147.050
576	43	255	921.244	473.547	32.627	8.322	6.579	8.087
577	45	255	935.989	473.011	27.799	9.677	5.921	101.426
578	32	255	1154.562	474.094	22.728	7.861	5.183	150.587
579	18	255	662.556	473.944	15.314	5.758	3.981	13.110
580	28	255	994.679	468.357	18.728	6.941	5.136	109.057
581	33	255	806.924	466.106	21.556	8.829	4.759	60.731
582	47	255	101.734	465.223	25.556	9.327	6.416	167.197
583	1	255	998.500	467.500	2.828	1.128	1.128	0.000
584	39	255	1137.577	465.038	22.971	8.487	5.851	3.231
585	31	255	772.629	464.629	21.556	7.959	4.959	6.834
586	59	255	827.975	462.466	28.627	10.178	7.381	41.469
587	25	255	865.700	462.580	17.899	5.979	5.324	156.419
588	19	255	875.658	461.921	15.899	5.224	4.631	118.914
589	14	255	840.071	460.929	13.314	4.836	3.686	24.985
590	23	255	900.283	459.543	18.142	5.605	5.224	20.910
591	87	255	1038.029	453.638	34.627	13.073	8.473	122.266
592	57	255	253.921	455.009	26.971	9.166	7.918	142.395
593	21	255	922.643	454.262	17.314	6.267	4.267	25.656
594	33	255	809.955	451.833	27.799	7.482	5.615	163.908
595	42	255	888.452	451.690	31.456	8.806	6.072	54.977
596	34	255	207.118	450.265	21.556	7.741	5.593	104.898
597	27	255	904.315	450.278	18.728	6.366	5.400	31.057
598	47	255	863.011	447.798	24.385	9.263	6.460	140.200
599	6	255	787.000	449.500	7.657	3.385	2.257	90.000
600	29	255	766.362	445.017	20.142	7.669	4.815	72.823
601	32	255	1137.531	445.125	19.556	6.803	5.989	178.334
602	13	255	806.654	442.577	18.971	4.853	3.411	20.994
603	35	255	1117.500	442.329	23.556	7.625	5.844	17.116
604	28	255	729.071	440.821	22.142	6.359	5.607	162.555
605	29	255	11.776	439.155	18.728	6.548	5.639	54.550
606	28	255	846.857	439.464	22.385	7.591	4.696	177.824
607	62	255	377.500	435.000	28.142	10.633	7.424	100.035
608	42	255	866.167	436.524	27.799	7.606	7.031	89.255
609	41	255	976.183	436.280	24.385	8.410	6.207	176.205
610	28	255	780.714	436.071	20.142	6.306	5.654	108.054
611	42	255	1090.881	435.143	24.971	7.515	7.115	164.497
612	37	255	193.635	430.608	22.385	7.425	6.344	74.402
613	25	255	772.900	431.380	17.899	6.149	5.177	150.482
614	58	255	603.776	426.862	28.385	10.108	7.306	81.609
615	43	255	832.407	427.663	22.971	8.363	6.547	129.461
616	23	255	753.804	428.196	16.728	6.401	4.575	150.933
617	42	255	883.571	426.310	25.314	10.612	5.039	99.020
618	1	255	1082.500	429.500	2.828	1.128	1.128	0.000
619	34	255	933.441	425.529	20.971	7.008	6.177	128.986
620	28	255	1084.893	424.857	20.971	6.514	5.473	96.927
621	65	255	338.838	421.808	29.556	10.560	7.837	77.359
622	28	255	550.536	423.750	18.728	6.980	5.108	94.583
623	26	255	846.692	423.692	18.142	6.222	5.320	45.000
624	49	255	1126.745	421.765	28.385	8.200	7.609	77.214
625	33	255	14.591	422.985	20.142	7.336	5.727	34.070
626	50	255	912.700	421.080	25.799	9.047	7.037	122.366
627	30	255	55.000	422.033	20.971	8.946	4.270	152.883
628	29	255	83.224	422.328	19.556	6.671	5.535	167.772
629	30	255	132.533	421.600	19.314	7.122	5.363	94.225
630	42	255	1139.452	420.357	22.971	7.834	6.826	75.565
631	20	255	786.550	420.100	16.728	6.205	4.104	50.741
632	41	255	242.402	418.500	22.728	8.237	6.337	41.983
633	69	255	706.775	417.196	30.627	10.462	8.398	37.050
634	20	255	722.100	418.800	15.899	6.467	3.937	69.044
635	18	255	1147.667	416.778	15.314	6.543	3.503	155.987
636	41	255	755.841	413.402	23.799	7.636	6.836	145.818
637	18	255	735.167	415.111	18.728	5.641	4.063	164.479
638	31	255	1019.242	413.887	19.556	6.755	5.844	31.174
639	66	255	89.864	411.000	28.971	10.228	8.216	180.000
640	22	255	797.000	412.500	16.142	6.173	4.537	31.201
641	38	255	675.263	407.921	26.385	8.150	5.936	59.645
642	32	255	989.062	407.844	26.971	7.917	5.146	98.539
643	23	255	1096.152	407.978	18.728	6.743	4.343	103.337
644	42	255	362.976	402.357	24.142	9.275	5.766	75.745
645	47	255	1117.543	403.351	29.213	9.257	6.465	153.171
646	28	255	586.214	399.357	23.556	7.908	4.508	86.109
647	37	255	1002.662	397.689	24.971	8.335	5.652	134.195
648	3	255	758.833	399.833	5.657	2.365	1.615	135.000
649	48	255	799.438	395.958	25.556	8.669	7.050	54.282
650	46	255	871.109	395.478	25.314	9.581	6.113	94.457
651	22	255	918.636	396.318	18.728	7.259	3.859	129.685
652	28	255	636.393	394.679	23.799	7.335	4.860	135.260
653	32	255	1028.094	394.125	20.142	6.930	5.880	15.236
654	32	255	601.156	392.062	21.556	8.738	4.663	117.276
655	3	255	1127.167	393.833	5.657	2.365	1.615	45.000
656	41	255	435.963	390.329	23.314	8.498	6.143	78.212
657	23	255	840.717	388.630	19.556	5.957	4.916	153.225
658	29	255	619.224	387.121	19.314	6.689	5.520	37.482
659	34	255	659.324	385.971	23.556	8.966	4.829	86.556
660	82	255	734.024	382.341	33.213	11.171	9.346	64.879
661	33	255	967.167	384.258	22.971	7.819	5.374	46.075
662	1	255	614.500	385.500	2.828	1.128	1.128	0.000
663	10	255	751.500	383.700	14.728	5.269	2.416	59.036
664	18	255	1034.611	383.556	15.314	5.238	4.376	78.801
665	17	255	1166.971	383.029	15.314	5.111	4.235	45.000
666	33	255	625.045	381.409	20.142	7.135	5.889	118.577
667	37	255	756.338	381.419	21.556	6.960	6.768	63.287
668	29	255	423.431	380.328	22.728	8.020	4.604	113.081
669	16	255	870.000	380.625	17.314	6.823	2.986	114.534
670	34	255	787.235	378.912	21.556	7.970	5.431	39.458
671	51	255	773.363	377.598	24.971	9.350	6.945	166.745
672	29	255	1105.086	377.810	22.971	7.887	4.682	57.794
673	42	255	486.381	374.143	22.971	8.212	6.512	121.164
674	35	255	988.614	373.186	23.556	7.264	6.135	86.426
675	23	255	1095.022	373.022	18.728	7.203	4.066	63.585
676	49	255	248.500	370.337	24.385	8.538	7.307	90.000
677	48	255	547.479	370.271	24.971	8.971	6.812	155.205
678	54	255	197.315	368.389	27.213	10.019	6.863	140.104
679	26	255	513.808	369.269	18.142	5.999	5.518	97.132
680	37	255	701.824	367.608	22.728	8.113	5.807	117.005
681	21	255	774.833	366.881	20.728	5.734	4.663	146.996
682	33	255	856.652	361.379	24.971	8.045	5.223	138.990
683	62	255	322.629	357.403	29.213	11.333	6.966	132.596
684	28	255	844.679	357.643	22.142	7.088	5.029	93.272
685	1	255	852.500	361.500	2.828	1.128	1.128	0.000
686	19	255	504.237	357.026	18.971	5.414	4.468	38.736
687	21	255	428.119	356.500	16.142	6.020	4.442	141.343
688	37	255	717.851	355.473	22.142	7.895	5.967	78.901
689	30	255	978.233	355.833	22.142	7.417	5.150	53.445
690	39	255	997.987	348.269	29.213	10.776	4.608	107.531
691	46	255	916.587	349.435	27.799	9.425	6.214	170.218
692	12	255	396.417	350.583	12.485	5.444	2.807	17.993
693	42	255	572.857	346.310	26.385	8.713	6.138	9.058
694	60	255	19.417	343.533	28.385	10.410	7.338	82.449
695	5	255	429.700	348.100	7.657	3.144	2.025	161.565
696	26	255	486.269	344.654	20.971	6.506	5.088	47.650
697	52	255	811.096	343.481	34.042	10.236	6.468	24.919
698	27	255	289.796	340.796	18.728	7.271	4.728	112.777
699	18	255	389.778	340.667	15.899	6.337	3.617	0.288
700	36	255	60.111	338.472	22.971	7.914	5.792	25.343
701	34	255	954.647	337.000	29.556	8.345	5.187	80.564
702	42	255	131.857	331.714	23.556	9.124	5.861	53.176
703	33	255	57.076	331.439	20.142	7.235	5.807	112.437
704	32	255	423.969	331.969	22.142	8.730	4.667	24.582
705	23	255	865.152	332.370	18.142	6.791	4.312	148.020
706	34	255	459.294	330.559	21.799	8.860	4.886	135.396
707	30	255	773.300	328.767	23.556	9.003	4.243	113.338
708	41	255	1126.256	328.500	23.556	7.938	6.576	174.512
709	26	255	933.615	327.462	20.142	7.302	4.533	77.572
710	24	255	84.583	325.167	18.142	6.131	4.984	117.697
711	53	255	503.557	323.217	26.385	8.563	7.880	150.930
712	26	255	99.731	322.577	18.142	6.395	5.177	143.226
713	50	255	1059.660	320.580	24.971	8.949	7.114	84.902
714	67	255	519.858	317.799	31.213	11.857	7.195	44.142
715	18	255	945.889	318.000	15.314	6.191	3.702	69.735
716	41	255	968.841	313.573	27.799	9.076	5.752	97.151
717	24	255	484.500	313.292	20.728	7.706	3.966	71.864
718	37	255	929.176	314.095	27.213	7.331	6.426	79.143
719	32	255	171.656	313.281	22.971	6.963	5.851	158.103
720	47	255	729.521	312.670	29.799	9.631	6.213	53.118
721	36	255	1044.028	312.861	22.971	8.205	5.586	91.918
722	54	255	475.833	310.852	28.385	10.228	6.722	133.848
723	42	255	347.857	308.905	22.728	8.415	6.355	171.351
724	28	255	984.929	307.179	18.728	7.088	5.029	139.333
725	35	255	274.500	305.186	20.971	7.095	6.281	27.069
726	39	255	522.731	301.859	32.385	8.417	5.899	89.607
727	53	255	1183.538	301.821	40.042	9.943	6.787	105.427
728	52	255	1109.750	298.827	34.042	9.640	6.868	126.784
729	50	255	393.600	298.760	26.142	9.784	6.506	166.396
730	1	255	696.500	299.500	2.828	1.128	1.128	0.000
731	34	255	697.176	294.765	25.556	8.486	5.101	59.967
732	24	255	775.083	294.667	18.142	6.692	4.566	80.213
733	48	255	337.875	291.521	25.799	9.537	6.408	130.952
734	50	255	644.820	291.920	27.556	10.531	6.045	2.655
735	17	255	310.794	291.029	15.314	6.047	3.580	39.394
736	18	255	478.500	291.167	14.485	5.349	4.285	0.000
737	37	255	264.797	288.257	23.556	9.219	5.110	167.934
738	25	255	704.900	284.980	21.314	8.451	3.767	92.258
739	39	255	147.577	284.141	23.556	8.433	5.889	104.876
740	49	255	658.949	282.969	26.142	10.572	5.902	101.636
741	81	255	1175.920	281.228	32.385	10.724	9.617	142.457
742	41	255	50.622	281.305	23.556	9.116	5.727	139.296
743	49	255	934.643	279.990	26.385	10.266	6.077	74.948
744	45	255	740.589	279.056	32.971	8.499	6.742	114.037
745	34	255	1211.824	274.912	22.385	8.195	5.283	67.466
746	18	255	465.444	275.778	14.728	5.580	4.108	147.700
747	27	255	707.796	264.463	18.728	6.962	4.938	179.055
748	22	255	1035.682	264.364	18.142	6.388	4.385	27.705
749	35	255	1022.700	260.757	20.971	6.996	6.370	165.211
750	50	255	892.540	254.560	26.385	8.819	7.219	117.188
751	44	255	1118.227	254.523	26.971	9.945	5.633	152.180
752	35	255	921.071	254.414	22.142	9.089	4.903	176.893
753	48	255	89.646	252.208	24.971	9.073	6.736	21.074
754	35	255	710.043	251.786	26.971	7.978	5.586	109.676
755	45	255	1047.122	250.544	25.213	9.593	5.973	132.683
756	35	255	1005.071	247.900	27.799	6.879	6.479	139.408
757	31	255	661.403	245.403	25.213	7.490	5.270	42.298
758	40	255	274.250	242.100	22.971	9.055	5.624	171.054
759	33	255	826.652	241.712	28.385	7.091	5.925	179.915
760	1	255	831.500	243.500	2.828	1.128	1.128	0.000
761	26	255	695.154	238.308	18.728	6.860	4.826	76.426
762	19	255	1195.132	236.289	15.314	5.119	4.726	83.736
763	46	255	604.261	231.391	24.971	8.898	6.582	90.106
764	28	255	1017.964	227.429	21.556	8.270	4.311	119.516
765	38	255	461.974	227.632	22.385	8.871	5.454	148.659
766	44	255	1124.250	226.909	24.385	8.947	6.262	41.624
767	15	255	211.100	227.900	13.071	4.659	4.099	45.001
768	30	255	56.267	225.267	22.385	7.870	4.854	66.298
769	31	255	115.048	221.081	19.314	6.461	6.109	149.036
770	20	255	892.000	220.900	15.899	6.031	4.222	12.125
771	33	255	1190.288	218.682	20.971	6.638	6.329	42.972
772	31	255	1008.468	214.177	21.556	7.575	5.211	164.468
773	38	255	942.553	212.132	22.971	9.022	5.363	126.183
774	65	255	974.377	212.300	29.556	11.316	7.314	173.338
775	53	255	11.651	209.481	25.799	8.797	7.671	93.528
776	35	255	254.471	207.414	23.556	8.790	5.070	52.425
777	20	255	2.550	206.600	15.314	5.251	4.849	153.435
778	36	255	1094.972	202.722	25.556	8.190	5.597	90.488
779	55	255	1141.427	198.791	28.627	9.298	7.532	47.589
780	49	255	13.582	195.847	24.971	9.172	6.802	109.639
781	19	255	160.921	195.921	15.314	6.007	4.028	95.582
782	54	255	867.593	195.093	25.799	9.251	7.432	155.864
783	57	255	248.991	193.289	27.556	9.227	7.866	65.443
784	25	255	303.300	194.780	19.556	7.675	4.147	141.099
785	39	255	1161.782	192.372	24.142	9.554	5.197	77.249
786	39	255	116.987	191.603	22.971	8.369	5.934	95.246
787	34	255	61.176	190.882	21.556	7.947	5.447	84.385
788	30	255	130.200	190.000	22.142	8.802	4.339	68.581
789	31	255	631.597	190.629	25.799	9.391	4.203	19.701
790	40	255	503.025	186.125	28.971	8.291	6.143	101.310
791	40	255	1080.550	185.825	22.385	8.547	5.959	131.745
792	20	255	1185.650	187.800	15.899	5.378	4.735	7.380
793	25	255	1222.100	182.460	19.899	7.746	4.109	92.737
794	45	255	1185.256	180.056	25.799	10.098	5.674	117.809
795	19	255	20.605	180.816	16.971	6.118	3.954	21.860
796	41	255	1119.524	179.280	23.556	8.779	5.946	143.915
797	52	255	1152.250	171.904	27.799	10.666	6.208	117.180
798	36	255	955.500	171.278	21.556	8.107	5.654	17.483
799	22	255	396.591	169.182	17.556	6.719	4.169	159.637
800	44	255	417.000	164.500	24.142	9.525	5.882	37.805
801	37	255	999.257	164.932	26.385	8.836	5.332	31.131
802	38	255	310.132	164.000	26.385	8.450	5.726	2.818
803	64	255	939.172	160.859	29.556	10.911	7.468	25.314
804	42	255	290.190	157.476	24.385	9.160	5.838	26.909
805	45	255	381.656	157.322	24.142	8.055	7.113	93.859
806	1	255	999.500	160.500	2.828	1.128	1.128	0.000
807	23	255	1154.283	157.239	17.899	7.287	4.019	82.118
808	49	255	700.541	154.724	24.971	8.835	7.062	81.738
809	42	255	692.667	153.833	23.314	7.532	7.100	172.104
810	28	255	1060.321	153.679	20.142	7.325	4.867	77.279
811	54	255	60.537	151.296	26.971	9.210	7.465	75.605
812	27	255	143.833	152.759	20.142	8.050	4.270	119.285
813	21	255	357.500	152.119	15.899	5.496	4.865	0.000
814	28	255	884.214	150.393	22.142	8.690	4.102	54.588
815	48	255	1004.271	149.333	26.971	10.466	5.839	24.105
816	23	255	65.935	146.109	17.071	6.634	4.414	83.839
817	22	255	362.727	146.273	16.485	5.916	4.735	45.000
818	30	255	287.867	145.133	18.728	6.529	5.850	45.001
819	42	255	911.571	143.357	25.799	8.241	6.489	119.361
820	49	255	977.990	141.908	25.799	9.581	6.512	53.185
821	34	255	306.206	141.647	23.213	8.801	4.919	138.542
822	31	255	260.565	140.435	20.728	7.714	5.117	93.345
823	34	255	706.559	136.382	28.042	7.913	5.471	141.497
824	37	255	667.581	135.500	22.142	7.734	6.091	133.281
825	28	255	604.643	134.321	22.385	7.334	4.861	141.407
826	29	255	182.052	132.121	19.556	7.036	5.248	51.763
827	26	255	799.654	133.269	20.142	7.323	4.521	3.802
828	103	255	1125.189	130.277	36.627	12.401	10.575	38.413
829	35	255	295.129	129.129	22.385	7.811	5.705	117.347
830	38	255	526.868	129.132	22.142	7.789	6.211	45.001
831	44	255	777.659	129.477	24.142	8.485	6.602	28.934
832	45	255	1170.500	129.500	23.314	7.569	7.569	0.000
833	42	255	1082.810	128.190	24.385	8.145	6.565	175.580
834	34	255	749.294	122.912	22.142	8.406	5.150	81.988
835	35	255	1101.129	121.957	24.385	8.659	5.147	91.429
836	46	255	711.283	120.957	25.556	8.434	6.945	84.503
837	51	255	279.990	119.284	26.971	9.523	6.819	2.889
838	40	255	74.275	117.850	23.799	8.802	5.786	51.548
839	77	255	164.162	116.058	30.627	10.214	9.599	47.789
840	59	255	1037.483	115.669	27.799	9.586	7.837	145.349
841	51	255	333.775	114.147	26.385	9.636	6.739	136.951
842	86	255	845.558	112.314	34.042	12.066	9.075	38.326
843	31	255	491.016	108.629	23.799	9.308	4.240	55.285
844	33	255	647.591	109.258	29.213	7.647	5.495	64.262
845	49	255	128.949	104.235	25.556	8.085	7.716	132.771
846	55	255	602.227	93.973	29.213	8.679	8.069	153.942
847	65	255	406.669	93.685	29.213	10.268	8.060	38.170
848	24	255	684.042	95.083	20.385	6.703	4.559	64.120
849	28	255	1116.964	93.036	22.385	6.682	5.336	136.792
850	57	255	105.728	91.079	27.556	9.980	7.272	91.861
851	49	255	92.867	88.561	25.314	9.691	6.438	81.556
852	31	255	813.532	87.081	20.142	7.906	4.992	105.616
853	24	255	759.167	86.875	19.799	6.107	5.004	108.187
854	16	255	1028.500	85.875	15.314	5.558	3.666	92.891
855	1	255	569.500	87.500	2.828	1.128	1.128	0.000
856	36	255	827.944	83.389	24.385	8.898	5.151	128.514
857	32	255	996.156	80.156	20.971	7.913	5.149	45.000
858	86	255	263.244	77.558	33.799	11.664	9.388	11.584
859	31	255	472.371	79.274	20.728	8.001	4.933	11.090
860	55	255	612.791	74.627	26.971	9.509	7.365	123.189
861	30	255	402.000	75.033	21.213	7.391	5.168	170.788
862	28	255	1046.929	74.929	19.556	6.709	5.314	119.336
863	36	255	1096.250	73.667	25.799	7.619	6.016	80.008
864	41	255	1104.378	73.524	22.728	7.571	6.895	145.809
865	50	255	92.480	71.660	27.799	9.895	6.434	122.973
866	46	255	970.696	71.913	24.142	9.025	6.490	56.198
867	30	255	1054.300	72.900	21.314	7.549	5.060	19.720
868	43	255	232.779	70.965	23.799	8.440	6.487	124.105
869	59	255	1029.432	69.042	29.556	10.414	7.214	94.754
870	42	255	580.524	68.429	23.556	7.969	6.710	46.033
871	41	255	1145.134	65.622	27.799	9.605	5.435	41.995
872	43	255	189.640	64.965	25.213	7.535	7.266	159.076
873	43	255	299.663	60.733	23.556	7.993	6.850	121.066
874	36	255	391.611	60.639	22.728	8.717	5.258	38.586
875	29	255	858.224	60.776	19.314	6.354	5.812	115.077
876	37	255	578.419	59.959	21.314	7.326	6.430	170.732
877	55	255	653.191	57.882	26.385	8.731	8.020	148.440
878	26	255	677.731	59.615	18.728	6.980	4.742	5.544
879	31	255	773.016	57.081	20.728	7.548	5.230	135.092
880	36	255	1220.194	56.750	31.213	7.870	5.824	58.741
881	19	255	1043.079	55.395	20.142	6.796	3.560	78.961
882	49	255	1068.459	55.480	38.527	10.317	6.047	138.855
883	30	255	64.700	53.967	20.728	7.408	5.156	38.114
884	29	255	977.672	53.569	18.971	6.835	5.402	109.405
885	44	255	647.818	50.750	23.799	7.644	7.329	2.151
886	29	255	403.466	51.810	20.142	7.885	4.683	16.675
887	19	255	678.395	50.079	15.071	5.550	4.359	12.821
888	39	255	456.782	46.808	23.556	8.823	5.628	100.305
889	35	255	614.357	41.500	21.556	7.887	5.650	132.598
890	38	255	991.737	40.974	22.728	7.225	6.696	29.368
891	38	255	375.368	40.289	22.142	8.327	5.811	161.674
892	32	255	47.281	35.719	20.971	8.196	4.971	150.772
893	33	255	1062.803	31.894	22.971	8.576	4.900	76.563
894	23	255	1204.500	31.630	20.142	5.992	4.887	74.474
895	29	255	621.121	29.052	22.142	7.807	4.729	105.126
896	43	255	682.058	28.128	24.385	8.737	6.267	124.361
897	52	255	548.788	23.615	26.971	10.615	6.237	68.333
898	39	255	931.551	24.064	22.485	7.914	6.274	158.212
899	23	255	205.022	23.457	18.142	7.067	4.144	152.549
900	28	255	337.000	23.286	20.728	6.401	5.570	15.776
901	44	255	170.250	20.455	24.728	9.118	6.144	84.029
902	36	255	984.028	20.778	21.556	8.028	5.710	76.607
903	41	255	1220.183	19.207	22.971	8.001	6.524	0.198
904	40	255	735.500	14.425	22.971	7.833	6.502	140.439
905	12	255	0.917	12.500	15.657	6.944	2.200	90.000
906	34	255	786.029	7.118	26.971	7.716	5.611	105.658
907	4	255	1020.000	10.500	7.657	3.216	1.583	121.717
908	1	255	1023.500	11.500	2.828	1.128	1.128	0.000
909	34	255	69.294	7.412	21.556	8.815	4.911	168.714
910	29	255	618.500	5.052	25.799	6.897	5.354	109.044
911	35	255	8.014	4.214	22.385	8.742	5.098	41.607
912	42	255	676.524	2.429	24.142	7.862	6.801	44.871
913	35	255	23.786	1.329	21.314	8.546	5.214	178.744
914	20	255	118.950	0.600	17.314	6.639	3.835	8.654
915	10	255	859.000	0.300	10.485	4.198	3.033	180.000
916	7	255	126.786	-0.071	9.071	4.154	2.146	171.650
