 	Area	Mean	XM	YM	Perim.	Major	Minor	Angle
1	15	255	145.033	901.500	15.314	5.141	3.715	175.857
2	67	255	152.664	899.022	30.385	10.694	7.977	21.752
3	37	255	250.689	899.365	25.799	7.601	6.198	173.366
4	37	255	352.284	900.851	23.899	9.285	5.074	2.632
5	5	255	427.500	902.500	10.243	5.642	1.128	0.000
6	4	255	816.000	902.500	8.243	4.514	1.128	0.000
7	7	255	828.071	902.357	13.071	5.648	1.578	178.545
8	81	255	869.735	896.586	40.627	13.106	7.869	124.918
9	75	255	71.980	897.487	32.042	11.993	7.962	24.147
10	38	255	83.868	895.842	26.385	7.402	6.536	93.030
11	48	255	517.396	896.771	27.799	9.979	6.124	169.566
12	25	255	881.580	895.060	17.314	6.257	5.087	98.536
13	56	255	258.768	892.714	29.799	10.603	6.725	157.746
14	25	255	931.100	893.300	20.971	7.802	4.080	144.928
15	30	255	477.133	892.433	20.142	7.713	4.953	63.435
16	46	255	506.087	891.130	25.799	8.285	7.069	174.773
17	47	255	587.181	891.351	24.971	8.533	7.013	51.379
18	55	255	1217.500	891.409	29.213	10.899	6.425	16.473
19	95	255	347.553	885.258	36.627	13.293	9.100	113.238
20	44	255	431.159	888.068	24.971	8.270	6.774	148.132
21	75	255	252.447	884.780	32.385	11.059	8.635	54.208
22	26	255	3.962	886.154	18.728	6.810	4.861	155.916
23	68	255	72.824	884.029	29.556	10.531	8.221	102.907
24	47	255	822.117	885.734	24.971	8.241	7.261	1.487
25	56	255	969.625	884.196	26.627	9.176	7.771	136.431
26	42	255	1075.405	884.667	23.556	8.806	6.073	50.847
27	69	255	445.601	883.601	29.556	9.887	8.886	53.492
28	42	255	502.500	883.595	22.971	7.983	6.698	54.012
29	63	255	550.976	884.119	41.456	10.035	7.994	4.092
30	47	255	1209.819	883.436	24.385	8.875	6.743	80.138
31	50	255	242.980	883.120	26.142	8.871	7.176	166.024
32	39	255	868.756	882.756	26.971	8.544	5.812	165.729
33	52	255	317.365	882.231	28.385	9.965	6.644	175.589
34	27	255	484.056	882.648	18.142	6.019	5.711	29.801
35	39	255	674.167	882.115	22.971	8.707	5.703	26.683
36	52	255	300.577	880.077	26.385	8.860	7.473	103.662
37	94	255	395.074	880.096	36.627	11.823	10.123	34.996
38	98	255	255.776	876.214	41.456	15.047	8.292	46.542
39	44	255	273.932	878.750	26.627	8.261	6.781	147.022
40	72	255	561.750	874.514	32.042	10.585	8.660	8.691
41	61	255	767.107	872.582	28.627	10.396	7.471	124.721
42	85	255	4.265	871.229	35.799	10.927	9.904	144.269
43	87	255	645.178	870.328	34.870	12.823	8.638	48.883
44	7	255	240.357	871.500	10.485	3.334	2.674	33.401
45	2	255	285.000	872.500	4.243	2.257	1.128	0.000
46	46	255	307.761	869.304	25.556	9.248	6.333	19.746
47	81	255	655.377	867.253	34.042	12.609	8.179	44.656
48	50	255	62.560	867.960	26.971	8.198	7.766	130.506
49	127	255	222.957	865.169	45.941	16.580	9.753	12.348
50	109	255	259.335	863.812	42.284	13.666	10.155	102.105
51	61	255	283.369	866.434	34.627	9.985	7.778	23.152
52	102	255	383.402	864.765	37.456	13.675	9.497	60.421
53	35	255	458.614	867.814	23.556	8.645	5.155	152.867
54	46	255	43.261	866.478	24.728	8.498	6.892	175.937
55	59	255	1030.737	864.686	35.213	9.610	7.817	84.192
56	68	255	566.029	864.176	29.799	10.269	8.431	168.331
57	45	255	716.456	865.478	24.142	7.758	7.385	66.448
58	81	255	615.549	863.093	33.213	11.268	9.152	159.453
59	30	255	515.700	864.233	19.314	6.425	5.945	63.764
60	34	255	248.353	862.971	21.556	7.444	5.815	11.109
61	62	255	3.242	860.113	28.728	10.638	7.421	91.040
62	34	255	900.735	861.971	20.728	7.223	5.994	177.173
63	98	255	313.888	858.888	36.385	12.442	10.029	15.753
64	48	255	803.667	859.938	27.213	8.994	6.795	35.156
65	50	255	98.400	857.340	30.971	8.966	7.101	70.459
66	72	255	84.167	856.319	30.385	10.031	9.139	15.143
67	39	255	551.936	855.859	22.971	7.742	6.414	116.218
68	53	255	281.462	854.783	26.971	8.797	7.671	124.401
69	47	255	475.777	854.181	26.971	10.528	5.684	77.882
70	74	255	652.203	854.176	31.799	9.814	9.600	81.507
71	46	255	369.804	854.565	25.556	8.616	6.798	21.836
72	39	255	825.603	853.449	23.556	8.724	5.692	82.294
73	41	255	815.963	853.866	24.142	9.005	5.797	10.297
74	65	255	860.269	851.069	28.385	9.450	8.758	176.179
75	65	255	8.700	850.608	28.385	9.364	8.838	124.690
76	2	255	269.000	854.500	4.243	2.257	1.128	0.000
77	48	255	444.750	850.208	33.698	9.321	6.557	135.585
78	69	255	1075.601	850.326	29.799	9.854	8.916	10.724
79	64	255	267.828	849.312	31.799	10.077	8.086	165.557
80	35	255	662.757	850.271	22.142	7.014	6.353	74.977
81	26	255	688.500	851.808	19.556	7.196	4.601	4.032
82	71	255	1200.937	849.556	31.213	10.638	8.498	28.324
83	95	255	1010.847	846.405	35.213	11.795	10.255	107.464
84	65	255	351.700	847.531	31.213	9.357	8.844	40.320
85	41	255	506.622	847.695	23.556	8.306	6.285	123.943
86	41	255	1026.451	847.841	29.799	7.393	7.061	114.388
87	71	255	394.035	844.711	29.799	10.226	8.840	166.471
88	59	255	540.788	845.347	28.627	9.458	7.942	171.143
89	46	255	809.109	845.500	24.142	7.982	7.337	0.000
90	96	255	939.458	843.562	35.213	11.894	10.277	152.707
91	47	255	1219.926	844.564	25.213	9.633	6.213	130.918
92	50	255	1064.600	843.100	28.627	8.655	7.356	68.507
93	70	255	518.786	843.186	30.971	11.206	7.954	12.910
94	80	255	668.000	840.350	47.698	12.997	7.837	89.531
95	178	255	1212.382	838.219	53.598	18.154	12.484	140.138
96	47	255	451.351	840.989	38.870	10.472	5.715	177.668
97	47	255	133.223	840.117	25.556	8.427	7.101	169.995
98	63	255	470.817	839.532	28.971	9.737	8.238	115.323
99	73	255	752.226	835.651	33.213	11.017	8.437	65.688
100	68	255	490.647	834.824	29.213	10.507	8.240	55.282
101	34	255	299.853	835.382	20.385	7.225	5.992	51.285
102	101	255	1135.450	831.688	36.627	11.800	10.898	132.655
103	53	255	290.991	832.009	28.627	8.713	7.745	145.429
104	45	255	905.411	832.478	24.971	8.390	6.829	98.341
105	42	255	521.095	832.000	24.971	9.465	5.650	144.657
106	25	255	644.060	832.260	18.485	6.866	4.636	19.247
107	43	255	265.570	828.965	30.385	8.403	6.516	61.966
108	82	255	535.878	828.110	42.042	10.401	10.038	129.430
109	44	255	810.068	830.591	24.142	8.464	6.619	13.242
110	57	255	406.026	828.570	26.971	8.706	8.336	74.427
111	83	255	657.476	826.548	41.698	15.154	6.974	134.542
112	41	255	798.427	829.232	22.971	7.489	6.970	55.783
113	72	255	1082.028	826.319	33.213	10.200	8.988	134.816
114	127	255	1071.571	822.130	51.941	19.312	8.373	113.471
115	48	255	378.000	825.042	24.971	8.291	7.372	80.765
116	68	255	276.824	822.441	37.456	9.918	8.730	0.679
117	40	255	62.700	823.450	22.728	7.652	6.656	61.169
118	5	255	296.700	823.300	8.485	3.461	1.839	135.000
119	52	255	724.442	818.846	28.385	10.352	6.396	90.722
120	2	255	842.000	824.500	4.243	2.257	1.128	0.000
121	48	255	841.625	819.021	30.971	8.379	7.294	147.003
122	57	255	529.061	819.061	26.728	9.313	7.793	45.001
123	26	255	601.154	819.846	19.556	6.993	4.734	163.605
124	91	255	968.786	816.357	35.556	13.735	8.436	95.624
125	53	255	825.915	818.500	26.971	10.512	6.420	23.817
126	46	255	364.348	817.239	27.799	9.950	5.887	156.435
127	76	255	762.382	815.368	31.799	10.990	8.805	70.901
128	50	255	811.880	816.080	24.971	8.240	7.726	56.732
129	27	255	299.870	815.611	22.142	6.599	5.209	162.294
130	50	255	643.560	815.420	25.556	9.021	7.057	19.145
131	63	255	670.881	814.008	36.042	9.663	8.301	133.246
132	33	255	1084.561	814.530	22.971	7.851	5.352	105.178
133	43	255	1167.314	816.035	24.385	9.116	6.006	173.192
134	59	255	184.466	813.924	29.213	9.618	7.811	176.697
135	66	255	291.485	812.758	29.799	9.822	8.556	74.434
136	47	255	258.670	811.926	25.556	9.452	6.331	70.174
137	51	255	382.814	810.912	26.385	8.561	7.585	106.964
138	37	255	1112.743	812.527	23.213	8.423	5.593	141.507
139	48	255	1152.979	810.417	29.799	8.353	7.317	111.171
140	49	255	599.255	808.704	26.385	8.084	7.717	146.276
141	74	255	211.068	806.284	31.799	10.508	8.966	151.466
142	64	255	330.328	806.562	32.042	13.501	6.035	142.258
143	56	255	370.286	808.107	27.799	8.919	7.995	31.364
144	40	255	554.575	807.650	23.799	7.375	6.906	151.498
145	81	255	230.364	805.389	32.870	12.862	8.019	134.425
146	46	255	618.413	807.826	24.971	9.350	6.264	156.393
147	86	255	1174.860	806.616	35.456	13.888	7.884	3.718
148	36	255	429.528	806.250	22.971	7.154	6.407	159.808
149	38	255	138.500	803.816	25.556	7.588	6.376	30.711
150	82	255	187.488	802.671	32.627	10.956	9.530	154.806
151	62	255	472.516	803.129	35.456	9.799	8.056	159.563
152	47	255	1082.372	802.309	30.971	9.346	6.403	72.995
153	51	255	532.598	802.343	30.385	9.349	6.946	155.615
154	84	255	1162.429	797.095	34.042	11.343	9.429	151.037
155	58	255	1205.724	797.328	30.627	9.832	7.511	135.338
156	55	255	357.900	797.155	26.971	8.736	8.016	150.870
157	60	255	559.567	795.600	28.385	9.510	8.033	4.394
158	75	255	609.113	794.447	32.042	10.364	9.214	118.757
159	38	255	930.000	795.500	21.314	7.488	6.462	90.000
160	77	255	232.903	790.682	31.556	11.421	8.584	93.655
161	46	255	405.848	790.913	27.556	8.263	7.088	68.197
162	81	255	1192.821	790.759	31.799	10.645	9.688	158.838
163	87	255	622.787	789.213	35.213	12.381	8.947	3.851
164	48	255	711.000	787.229	32.870	9.932	6.153	161.661
165	34	255	1037.500	785.000	20.142	7.429	5.827	151.932
166	39	255	661.705	783.423	25.799	7.403	6.708	150.415
167	78	255	1090.551	781.038	31.213	10.686	9.294	85.868
168	58	255	248.103	781.759	27.556	9.286	7.952	64.468
169	73	255	215.747	780.678	31.213	10.274	9.046	4.002
170	2	255	417.000	782.500	4.243	2.257	1.128	0.000
171	68	255	556.676	778.029	30.042	10.091	8.580	132.425
172	66	255	237.955	777.227	29.213	10.386	8.091	23.989
173	59	255	269.483	778.059	28.385	9.281	8.094	7.919
174	40	255	416.275	777.400	24.971	8.224	6.193	133.341
175	43	255	715.384	777.616	22.728	7.717	7.095	45.002
176	38	255	36.605	775.658	21.556	7.111	6.804	112.091
177	47	255	484.457	771.926	24.728	8.423	7.104	96.748
178	39	255	87.346	771.526	22.142	7.700	6.449	125.783
179	66	255	650.061	769.561	30.385	11.481	7.319	125.401
180	63	255	1072.865	770.119	30.870	10.025	8.001	119.523
181	61	255	337.811	769.631	32.627	10.690	7.265	159.548
182	59	255	256.042	767.653	27.556	9.396	7.995	60.493
183	66	255	929.197	767.121	30.385	9.767	8.604	137.011
184	73	255	72.432	766.021	32.042	12.038	7.721	29.930
185	48	255	411.833	765.750	25.556	8.226	7.429	39.297
186	69	255	229.819	764.891	29.556	10.326	8.508	5.931
187	37	255	427.932	765.662	23.556	9.182	5.130	151.509
188	82	255	512.146	763.732	32.627	10.524	9.920	77.313
189	63	255	541.484	764.944	34.627	10.870	7.379	13.863
190	38	255	239.579	764.553	20.971	7.146	6.771	33.690
191	43	255	963.663	764.872	28.142	9.523	5.749	4.483
192	48	255	285.333	761.979	29.213	8.539	7.157	139.202
193	43	255	1067.151	761.779	24.385	8.877	6.167	111.190
194	49	255	387.643	760.194	29.799	8.284	7.531	4.297
195	61	255	498.484	760.205	27.799	9.032	8.599	56.562
196	71	255	828.641	760.049	30.385	10.419	8.677	109.240
197	41	255	1200.963	758.427	24.385	8.145	6.409	5.367
198	38	255	399.184	756.895	22.385	7.467	6.480	106.345
199	60	255	264.067	754.383	27.556	9.985	7.651	59.018
200	37	255	465.257	754.851	23.314	8.262	5.702	149.308
201	48	255	195.917	754.375	25.556	8.690	7.033	159.832
202	2	255	972.500	757.000	4.828	2.257	1.128	90.000
203	51	255	181.853	752.912	26.385	8.926	7.275	0.377
204	59	255	726.703	751.364	32.042	9.876	7.606	8.466
205	41	255	279.305	750.793	24.971	7.903	6.605	139.241
206	67	255	214.858	748.604	30.042	9.616	8.872	52.310
207	54	255	412.926	749.907	28.385	9.149	7.515	172.786
208	98	255	876.031	749.082	36.627	12.041	10.362	177.746
209	35	255	52.157	748.671	21.556	8.067	5.524	64.617
210	55	255	251.318	747.627	27.556	9.725	7.201	82.970
211	68	255	1188.206	746.868	30.385	10.577	8.185	57.672
212	56	255	230.143	744.643	29.799	9.749	7.314	131.585
213	39	255	427.756	745.192	24.385	8.193	6.061	164.406
214	37	255	891.014	746.095	25.799	7.888	5.972	173.795
215	48	255	863.896	741.375	30.042	8.425	7.254	71.779
216	36	255	1160.306	743.500	21.556	7.837	5.849	140.316
217	73	255	403.568	741.062	30.385	10.352	8.978	120.569
218	31	255	833.984	743.145	19.556	6.744	5.853	27.927
219	62	255	466.081	739.548	35.698	11.010	7.170	41.958
220	47	255	747.777	741.351	24.728	8.120	7.369	171.577
221	4	255	947.000	742.500	7.657	3.216	1.583	121.717
222	17	255	951.441	739.853	15.314	5.704	3.795	46.301
223	41	255	991.549	737.354	25.799	8.173	6.387	12.304
224	45	255	32.278	734.744	24.385	7.828	7.320	136.816
225	36	255	729.000	734.694	22.971	7.848	5.841	116.260
226	36	255	1058.528	734.417	25.556	8.171	5.609	143.494
227	45	255	344.633	733.856	24.385	7.944	7.212	130.500
228	108	255	453.611	732.741	40.042	15.360	8.952	28.923
229	50	255	796.020	733.800	24.971	8.288	7.681	121.535
230	48	255	831.688	733.792	24.971	8.013	7.627	88.846
231	61	255	8.484	733.402	30.385	11.403	6.811	178.429
232	116	255	409.224	729.216	61.598	16.753	8.816	61.063
233	1	255	823.500	735.500	2.828	1.128	1.128	0.000
234	59	255	692.534	731.059	26.971	9.232	8.137	174.203
235	32	255	819.469	731.844	24.385	8.860	4.598	159.047
236	85	255	1126.535	728.629	34.870	12.976	8.340	45.037
237	62	255	20.597	729.177	28.971	9.263	8.522	118.743
238	34	255	67.529	729.647	25.213	8.122	5.330	31.226
239	39	255	243.731	727.321	26.385	8.588	5.782	111.000
240	40	255	593.675	728.725	24.971	7.630	6.675	44.378
241	45	255	1154.100	729.011	26.385	9.031	6.344	158.800
242	72	255	334.833	726.458	30.971	11.449	8.007	74.399
243	84	255	111.155	725.155	34.042	11.977	8.930	140.258
244	44	255	396.045	727.205	27.799	8.812	6.358	14.047
245	76	255	622.908	724.684	32.971	12.977	7.457	168.269
246	40	255	877.275	725.575	22.728	7.779	6.547	53.829
247	39	255	40.654	722.987	22.142	8.020	6.192	2.690
248	52	255	229.288	722.385	25.556	9.017	7.343	7.516
249	30	255	274.467	722.900	19.556	6.741	5.667	17.107
250	36	255	365.667	722.444	21.556	7.473	6.134	128.932
251	49	255	610.949	721.439	24.728	8.544	7.302	157.500
252	58	255	791.655	719.448	36.042	9.015	8.192	58.616
253	79	255	996.044	720.019	32.627	11.080	9.078	135.830
254	40	255	91.450	720.100	24.142	8.540	5.964	107.450
255	31	255	970.823	720.145	25.799	6.421	6.147	149.022
256	52	255	544.269	717.615	26.142	9.082	7.290	95.084
257	81	255	801.290	714.648	38.870	12.198	8.455	78.592
258	28	255	1005.393	716.893	22.971	6.661	5.352	158.978
259	56	255	21.536	713.339	26.971	10.081	7.073	166.694
260	69	255	217.138	712.514	39.456	12.560	6.995	3.890
261	66	255	373.848	711.076	35.213	12.250	6.860	165.841
262	42	255	1138.000	711.500	24.142	7.933	6.741	55.845
263	32	255	540.031	710.312	19.556	7.039	5.789	127.136
264	38	255	678.763	710.921	22.728	7.948	6.088	12.695
265	73	255	778.856	709.568	30.385	10.099	9.203	24.624
266	55	255	312.227	707.882	26.385	8.712	8.038	164.401
267	33	255	119.833	706.682	21.556	7.670	5.478	117.074
268	29	255	367.017	707.466	20.971	7.529	4.904	126.895
269	92	255	23.098	702.957	34.627	12.042	9.727	90.804
270	64	255	1057.469	704.000	31.213	9.439	8.633	148.678
271	50	255	49.360	704.380	29.799	11.956	5.325	27.572
272	44	255	250.841	703.159	24.385	8.299	6.750	21.961
273	39	255	755.474	703.577	22.971	7.548	6.579	175.151
274	56	255	211.786	701.839	27.556	9.430	7.561	178.292
275	69	255	857.428	701.500	29.556	9.622	9.130	41.693
276	76	255	1042.908	701.579	30.971	10.364	9.336	11.880
277	58	255	220.103	700.276	30.385	9.766	7.562	83.803
278	78	255	359.449	699.949	32.627	11.480	8.651	45.559
279	51	255	546.931	700.716	26.385	9.035	7.187	57.724
280	56	255	650.018	699.625	33.456	9.967	7.154	50.127
281	45	255	232.589	700.278	24.385	7.708	7.433	4.260
282	61	255	1139.943	700.336	30.385	10.317	7.528	11.521
283	59	255	148.127	695.280	27.799	8.909	8.432	162.706
284	39	255	970.603	696.551	22.971	7.446	6.669	167.109
285	41	255	42.915	693.134	23.556	7.946	6.570	115.539
286	48	255	1187.000	693.562	26.971	8.841	6.913	174.937
287	57	255	1196.219	693.079	26.971	9.144	7.937	33.314
288	59	255	191.822	690.805	30.385	9.060	8.291	106.156
289	45	255	206.967	690.678	24.971	8.206	6.982	146.864
290	56	255	1017.518	689.929	29.213	9.548	7.468	71.813
291	35	255	217.843	690.186	22.971	6.838	6.517	178.735
292	37	255	249.338	689.608	24.385	7.698	6.120	135.764
293	39	255	1143.244	688.910	24.971	8.362	5.938	115.817
294	2	255	1147.000	691.500	4.243	2.257	1.128	0.000
295	21	255	1.595	687.548	17.314	6.917	3.866	87.690
296	37	255	29.905	687.770	22.728	8.570	5.497	9.394
297	42	255	39.190	685.857	22.971	7.875	6.790	71.947
298	44	255	159.273	684.886	25.799	10.194	5.495	145.027
299	51	255	741.794	685.147	24.971	9.000	7.215	39.816
300	48	255	486.500	684.000	24.142	8.633	7.079	64.209
301	64	255	823.812	682.047	28.971	10.162	8.019	89.253
302	45	255	1021.656	682.567	24.971	8.215	6.975	10.229
303	34	255	1205.029	682.588	26.385	7.257	5.966	35.258
304	73	255	408.281	680.555	31.799	10.361	8.971	18.108
305	55	255	1084.009	679.500	35.456	9.102	7.694	93.628
306	62	255	458.645	678.048	41.113	11.125	7.096	53.558
307	85	255	1052.582	677.418	33.456	11.148	9.708	126.389
308	29	255	850.052	678.328	19.556	7.153	5.162	108.808
309	51	255	1143.833	677.892	25.556	8.661	7.497	134.615
310	46	255	1216.978	677.217	25.213	8.553	6.848	127.135
311	47	255	346.947	676.309	28.385	8.865	6.750	151.778
312	68	255	1072.397	676.750	31.213	10.892	7.949	164.440
313	35	255	43.929	676.129	24.385	7.228	6.166	165.496
314	31	255	708.145	675.468	24.971	7.260	5.437	57.410
315	1	255	755.500	679.500	2.828	1.128	1.128	0.000
316	49	255	756.541	674.827	30.971	9.051	6.893	50.450
317	39	255	25.449	675.577	25.799	7.700	6.449	2.506
318	42	255	577.405	675.452	23.799	8.560	6.247	150.347
319	62	255	656.935	672.145	32.042	10.556	7.479	112.129
320	39	255	855.603	672.372	24.142	8.713	5.699	69.245
321	59	255	1042.975	670.619	28.971	9.516	7.894	94.921
322	45	255	288.544	670.078	24.971	8.836	6.484	12.356
323	46	255	699.196	668.957	29.799	8.997	6.510	143.383
324	4	255	701.000	673.000	5.657	2.257	2.257	0.000
325	35	255	864.671	670.529	20.971	7.000	6.366	99.706
326	61	255	926.566	667.811	36.627	10.524	7.380	90.271
327	39	255	1198.603	670.808	23.314	7.405	6.706	11.139
328	65	255	1212.623	669.346	28.627	9.553	8.663	34.270
329	54	255	119.481	668.463	30.042	9.415	7.302	149.508
330	60	255	413.417	669.100	27.799	9.542	8.006	164.259
331	48	255	473.438	668.604	32.627	8.572	7.130	175.031
332	38	255	1059.789	667.158	26.385	7.969	6.072	164.616
333	92	255	1141.054	662.641	37.556	13.299	8.808	103.291
334	73	255	993.514	662.678	34.627	10.226	9.089	115.626
335	50	255	1201.800	663.580	31.556	8.367	7.608	170.284
336	62	255	637.403	661.500	36.042	9.029	8.743	172.176
337	65	255	743.069	660.608	29.556	10.125	8.174	58.333
338	55	255	1025.155	660.609	26.385	8.807	7.951	166.060
339	2	255	965.000	663.500	4.243	2.257	1.128	0.000
340	39	255	1084.397	659.910	24.385	8.783	5.654	46.851
341	81	255	411.006	657.352	36.042	11.333	9.100	134.766
342	45	255	458.056	659.456	24.142	8.838	6.483	28.220
343	50	255	964.380	658.500	28.385	9.241	6.889	178.229
344	22	255	1222.591	657.727	19.071	8.646	3.240	85.953
345	57	255	47.482	654.640	26.385	9.494	7.644	159.336
346	53	255	341.726	655.274	26.385	9.292	7.262	29.618
347	36	255	1003.583	655.694	22.971	7.721	5.936	157.481
348	47	255	1112.160	655.032	24.971	9.206	6.500	133.389
349	36	255	18.389	653.750	22.142	8.297	5.525	101.956
350	68	255	261.397	653.676	30.627	11.802	7.336	145.714
351	60	255	307.667	652.533	37.456	9.474	8.063	50.903
352	46	255	109.630	653.174	26.971	8.389	6.982	147.141
353	40	255	524.075	652.800	25.213	7.944	6.411	151.106
354	39	255	492.705	652.603	24.385	7.695	6.453	21.472
355	127	255	998.224	648.287	49.113	13.490	11.987	172.827
356	77	255	1037.383	651.370	32.385	11.257	8.709	174.425
357	37	255	1143.635	653.338	21.556	7.833	6.014	178.889
358	43	255	450.826	651.058	27.799	7.607	7.197	17.478
359	78	255	1162.000	650.000	32.385	10.196	9.740	161.565
360	51	255	459.696	650.265	30.385	10.212	6.359	168.945
361	42	255	632.929	648.833	25.799	8.627	6.199	106.986
362	42	255	1093.690	649.429	22.728	7.502	7.129	57.822
363	61	255	1187.762	648.057	29.213	9.101	8.534	163.155
364	70	255	1212.900	648.200	30.385	10.786	8.263	28.277
365	49	255	119.827	647.439	27.556	9.313	6.699	65.724
366	39	255	935.064	646.910	24.142	8.544	5.812	168.255
367	45	255	1151.144	645.522	24.385	8.166	7.016	45.377
368	70	255	443.943	644.229	36.042	10.471	8.511	179.482
369	87	255	1009.891	642.891	34.042	10.816	10.241	147.404
370	55	255	505.264	640.809	38.284	9.588	7.303	164.259
371	9	255	508.944	645.833	10.485	4.196	2.731	6.047
372	52	255	1023.750	643.058	26.142	8.414	7.869	74.140
373	50	255	588.440	641.640	26.385	9.038	7.043	13.879
374	51	255	1220.343	641.363	26.971	9.400	6.908	77.824
375	52	255	625.346	640.827	26.385	9.360	7.074	45.154
376	69	255	828.804	639.384	32.627	11.160	7.872	30.418
377	125	255	276.116	636.084	47.698	15.923	9.995	112.364
378	71	255	1164.007	638.035	31.213	11.118	8.131	137.641
379	76	255	177.184	637.513	32.627	11.243	8.607	16.072
380	86	255	310.570	637.326	35.213	13.241	8.270	16.599
381	20	255	484.900	639.450	17.556	5.378	4.735	39.064
382	66	255	993.091	636.727	30.385	10.324	8.140	107.494
383	43	255	1111.988	637.593	25.799	7.977	6.863	145.649
384	67	255	897.246	635.784	36.042	9.979	8.548	111.402
385	60	255	975.917	636.850	28.385	9.586	7.970	20.184
386	62	255	56.581	635.839	28.971	9.707	8.133	43.264
387	69	255	100.949	634.196	31.213	9.842	8.926	91.943
388	60	255	524.633	634.050	30.627	10.269	7.440	148.756
389	49	255	793.765	632.827	24.385	8.537	7.308	143.002
390	58	255	1014.241	632.914	28.971	9.218	8.011	30.141
391	45	255	1189.878	633.211	30.627	8.739	6.556	174.578
392	41	255	456.378	632.232	29.213	8.264	6.317	124.041
393	1	255	482.500	635.500	2.828	1.128	1.128	0.000
394	42	255	682.786	631.595	27.213	8.484	6.303	132.200
395	54	255	347.833	630.741	27.799	8.655	7.944	27.050
396	63	255	425.341	630.246	28.385	9.406	8.528	130.707
397	69	255	188.022	630.326	40.042	12.287	7.150	176.228
398	1	255	687.500	632.500	2.828	1.128	1.128	0.000
399	105	255	515.214	626.405	36.627	12.336	10.837	149.900
400	78	255	646.974	625.308	39.456	10.241	9.698	63.432
401	45	255	77.633	625.811	24.728	7.747	7.396	165.148
402	57	255	219.904	624.167	26.971	9.169	7.915	58.375
403	12	255	359.250	627.417	16.142	6.009	2.543	167.712
404	87	255	983.328	623.603	39.698	14.984	7.393	151.270
405	62	255	1001.742	624.968	28.385	9.716	8.125	7.759
406	28	255	818.357	624.857	19.556	7.905	4.510	146.772
407	96	255	4.917	621.271	36.971	12.319	9.922	143.224
408	49	255	345.520	622.663	25.556	8.841	7.057	21.906
409	54	255	356.463	621.481	26.971	8.836	7.781	69.843
410	76	255	476.447	619.842	32.971	10.384	9.319	106.935
411	66	255	578.682	620.667	28.971	9.305	9.031	35.802
412	50	255	1032.220	620.760	30.385	9.057	7.029	127.050
413	31	255	166.371	620.790	20.142	7.182	5.496	74.415
414	47	255	188.117	618.670	24.971	8.335	7.179	19.393
415	54	255	803.574	617.204	35.799	10.675	6.441	133.917
416	49	255	1015.133	619.520	25.556	8.665	7.200	35.225
417	47	255	1092.011	616.734	30.385	9.680	6.182	107.272
418	40	255	553.700	615.875	27.213	7.817	6.516	90.000
419	55	255	953.045	615.318	38.527	10.633	6.586	42.757
420	27	255	600.907	617.574	17.899	6.451	5.329	167.508
421	37	255	632.797	617.014	25.213	8.933	5.274	169.198
422	73	255	1133.788	613.034	43.698	11.683	7.955	127.569
423	80	255	1117.938	613.950	32.385	10.529	9.674	133.002
424	58	255	68.466	614.121	26.971	9.435	7.827	163.620
425	76	255	445.184	612.263	39.456	10.580	9.146	143.028
426	63	255	863.103	612.119	35.456	9.866	8.130	163.470
427	85	255	977.112	611.312	33.799	11.222	9.644	75.688
428	69	255	1040.949	612.703	30.042	10.111	8.689	179.373
429	2	255	781.500	615.000	4.828	2.257	1.128	90.000
430	40	255	29.950	611.550	22.971	8.570	5.943	155.948
431	105	255	520.586	606.138	46.042	17.445	7.664	143.180
432	48	255	784.229	610.292	30.042	10.321	5.921	171.331
433	47	255	1024.202	609.372	26.385	9.753	6.136	109.539
434	88	255	629.409	605.818	41.698	12.582	8.905	115.694
435	30	255	1221.467	609.100	19.899	6.621	5.769	109.128
436	63	255	357.246	603.770	34.870	9.355	8.574	64.174
437	40	255	1168.250	603.100	24.385	8.180	6.226	69.643
438	38	255	339.553	601.684	26.385	7.533	6.423	40.738
439	37	255	765.986	602.392	24.971	8.141	5.786	170.284
440	77	255	235.006	599.552	33.799	11.260	8.707	89.559
441	74	255	513.176	599.081	32.284	10.014	9.409	150.190
442	35	255	193.729	599.900	21.556	8.267	5.391	166.296
443	31	255	983.113	599.371	23.213	6.736	5.860	132.576
444	66	255	612.379	596.227	36.284	11.135	7.547	159.466
445	69	255	808.862	595.775	41.456	12.035	7.300	136.777
446	38	255	1043.368	596.842	25.213	8.683	5.572	141.451
447	72	255	113.014	594.194	32.627	11.613	7.894	50.979
448	52	255	956.731	594.577	26.142	8.287	7.989	49.332
449	32	255	1194.281	596.125	20.385	7.144	5.703	157.873
450	43	255	528.942	594.547	23.556	8.802	6.220	35.453
451	52	255	579.500	591.827	26.385	9.480	6.984	77.417
452	47	255	101.032	590.309	24.142	8.478	7.058	17.310
453	70	255	246.657	589.643	30.042	10.206	8.733	169.426
454	83	255	260.741	588.524	34.042	10.796	9.789	160.511
455	62	255	495.532	588.903	27.556	9.667	8.166	157.000
456	72	255	199.361	586.903	31.799	11.752	7.801	160.436
457	2	255	627.000	590.500	4.243	2.257	1.128	0.000
458	50	255	998.400	586.140	26.627	10.509	6.058	48.021
459	52	255	402.692	586.731	26.142	9.060	7.308	177.405
460	56	255	629.393	585.054	31.799	11.081	6.435	154.498
461	46	255	1108.239	585.370	30.627	9.799	5.977	162.308
462	71	255	168.908	582.092	30.385	10.711	8.440	90.338
463	75	255	508.527	582.060	30.971	10.331	9.243	83.773
464	48	255	115.000	582.583	24.728	8.855	6.902	32.988
465	58	255	646.190	581.103	30.385	9.387	7.867	162.255
466	1	255	646.500	585.500	2.828	1.128	1.128	0.000
467	79	255	380.930	580.500	31.799	10.674	9.423	0.000
468	34	255	1077.912	581.118	22.971	7.319	5.915	140.366
469	66	255	178.439	576.773	33.556	10.791	7.788	79.484
470	25	255	584.900	578.260	17.314	6.418	4.960	9.541
471	61	255	472.844	575.615	35.698	10.200	7.615	14.191
472	54	255	699.907	575.481	26.385	8.753	7.855	100.905
473	58	255	66.603	574.034	26.971	9.039	8.170	178.742
474	45	255	530.433	572.700	26.971	9.412	6.088	131.776
475	3	255	534.167	576.500	7.657	3.213	1.189	118.155
476	48	255	400.812	572.583	26.971	10.565	5.785	122.513
477	56	255	1121.786	573.000	26.142	8.465	8.423	90.000
478	95	255	274.574	570.016	36.627	14.359	8.424	50.720
479	40	255	806.650	572.775	26.971	9.342	5.452	179.058
480	62	255	840.952	571.226	33.456	9.565	8.253	166.147
481	76	255	387.605	570.605	31.556	10.555	9.168	153.562
482	54	255	502.722	571.278	26.385	8.958	7.676	161.200
483	93	255	108.177	567.887	35.213	12.726	9.305	69.263
484	71	255	912.951	568.739	32.627	11.057	8.176	140.741
485	36	255	240.722	569.528	20.971	7.828	5.856	135.573
486	52	255	929.942	568.462	25.799	8.594	7.704	40.888
487	85	255	175.571	563.982	41.799	13.557	7.983	93.065
488	53	255	646.670	567.802	26.385	9.001	7.497	174.020
489	45	255	662.056	567.744	23.799	7.965	7.194	62.326
490	55	255	458.736	567.045	26.627	9.489	7.380	30.616
491	46	255	537.435	565.913	31.799	8.592	6.816	29.163
492	43	255	692.616	567.500	25.799	8.889	6.160	0.492
493	92	255	25.402	561.739	47.113	11.819	9.911	105.666
494	41	255	166.744	566.256	22.971	7.685	6.793	175.717
495	83	255	478.295	565.030	33.213	11.380	9.286	174.713
496	47	255	1086.394	564.904	34.284	7.907	7.568	37.036
497	37	255	4.878	564.608	22.728	7.730	6.094	119.229
498	1	255	27.500	568.500	2.828	1.128	1.128	0.000
499	34	255	748.912	565.765	24.971	7.922	5.465	19.693
500	75	255	233.993	563.847	31.799	10.616	8.995	168.934
501	47	255	492.989	564.606	24.728	8.529	7.016	28.198
502	37	255	289.419	562.257	23.799	8.439	5.582	27.465
503	43	255	1216.081	561.547	27.799	8.695	6.296	124.071
504	21	255	419.881	561.976	16.142	5.855	4.566	86.291
505	71	255	466.613	558.641	30.385	9.942	9.093	40.056
506	1	255	832.500	560.500	2.828	1.128	1.128	0.000
507	74	255	240.095	554.108	33.799	11.312	8.329	114.597
508	68	255	644.191	554.574	30.042	10.206	8.484	52.087
509	40	255	830.425	554.875	24.971	8.260	6.166	80.542
510	48	255	404.708	555.625	26.971	9.244	6.611	168.243
511	82	255	542.488	553.280	33.799	11.646	8.965	69.006
512	2	255	835.000	558.500	4.243	2.257	1.128	0.000
513	49	255	915.724	554.888	24.385	8.609	7.247	37.764
514	117	255	930.491	552.987	53.355	15.919	9.358	168.102
515	65	255	529.685	553.377	30.042	10.425	7.939	170.003
516	43	255	65.151	553.198	24.971	8.321	6.580	172.651
517	25	255	413.860	554.340	18.142	6.641	4.793	179.068
518	67	255	626.963	551.575	29.799	9.779	8.723	19.907
519	38	255	809.658	551.737	22.142	8.367	5.782	132.486
520	36	255	708.611	550.639	22.142	7.943	5.771	149.593
521	83	255	33.114	547.331	36.627	11.423	9.251	60.649
522	61	255	783.008	548.057	29.799	10.344	7.508	158.063
523	42	255	373.595	547.976	24.971	7.841	6.820	145.413
524	38	255	1218.526	548.684	22.728	8.300	5.829	171.408
525	61	255	866.156	545.336	32.627	9.459	8.211	127.430
526	2	255	869.500	549.000	4.828	2.257	1.128	90.000
527	77	255	1162.760	544.786	32.627	10.967	8.939	21.423
528	60	255	766.383	544.583	27.799	9.517	8.027	131.424
529	35	255	905.186	545.786	24.385	7.996	5.573	167.179
530	40	255	950.575	545.850	22.728	7.548	6.748	165.613
531	64	255	523.906	543.188	32.627	10.559	7.717	109.559
532	44	255	684.045	545.159	26.385	9.302	6.023	0.070
533	51	255	1074.775	543.578	36.870	9.151	7.096	179.093
534	45	255	821.411	544.144	24.142	9.021	6.351	177.360
535	47	255	538.798	542.436	24.728	8.664	6.907	31.678
536	88	255	1039.159	539.795	34.284	10.670	10.501	72.336
537	62	255	427.597	540.726	28.142	9.459	8.346	10.988
538	72	255	848.389	540.750	30.971	11.883	7.715	165.607
539	81	255	375.957	537.784	35.213	10.914	9.449	115.163
540	39	255	504.474	540.756	22.728	8.245	6.023	40.820
541	61	255	656.664	539.287	27.799	9.349	8.308	5.748
542	61	255	350.189	537.516	27.799	9.256	8.391	72.070
543	49	255	495.786	536.173	30.627	8.353	7.469	33.466
544	44	255	926.614	535.977	31.213	8.125	6.895	72.563
545	57	255	71.763	535.482	26.971	9.647	7.523	115.814
546	42	255	836.310	536.119	24.142	8.693	6.152	112.238
547	67	255	539.455	533.381	30.385	10.873	7.845	118.250
548	80	255	207.475	529.263	31.799	10.923	9.325	86.658
549	37	255	603.257	531.500	22.142	8.196	5.748	50.375
550	41	255	949.232	530.061	27.799	8.653	6.033	116.000
551	73	255	312.747	527.610	33.799	12.022	7.731	93.770
552	67	255	850.052	529.366	33.213	12.495	6.827	179.173
553	70	255	1163.357	527.129	34.627	9.635	9.250	53.350
554	37	255	667.257	529.122	21.556	7.627	6.176	10.646
555	53	255	827.821	526.858	30.385	8.569	7.875	102.603
556	27	255	148.204	527.944	18.142	6.074	5.659	116.913
557	24	255	17.458	527.375	17.314	6.235	4.901	54.709
558	60	255	275.900	525.583	28.385	10.248	7.454	162.807
559	47	255	443.436	525.309	27.213	8.521	7.023	123.513
560	38	255	869.237	526.395	24.971	7.266	6.659	26.191
561	60	255	321.450	524.050	27.799	8.954	8.532	177.246
562	43	255	758.942	524.570	26.385	8.870	6.173	129.239
563	36	255	223.750	524.889	22.142	8.109	5.652	157.296
564	63	255	998.071	523.532	29.799	9.461	8.479	129.955
565	73	255	747.459	522.459	31.213	10.898	8.529	7.245
566	46	255	939.152	523.022	24.385	9.558	6.127	134.812
567	78	255	1110.449	520.564	44.527	12.965	7.660	112.318
568	41	255	974.817	522.841	22.142	8.466	6.166	169.034
569	45	255	668.633	521.344	24.971	8.357	6.856	117.216
570	60	255	343.217	518.350	27.799	9.548	8.001	56.801
571	37	255	694.608	519.932	22.385	8.091	5.823	0.202
572	60	255	888.250	517.867	30.284	12.149	6.288	141.263
573	45	255	917.144	518.033	24.385	7.882	7.269	131.939
574	50	255	1130.540	515.940	27.799	9.454	6.734	72.731
575	63	255	660.627	515.849	29.556	10.411	7.704	14.699
576	70	255	221.014	513.814	33.213	11.079	8.045	25.430
577	32	255	230.625	514.594	22.385	6.621	6.154	178.321
578	46	255	744.065	513.652	23.799	7.937	7.379	23.080
579	64	255	1183.188	512.922	30.385	10.529	7.739	81.268
580	46	255	205.870	512.500	26.971	8.245	7.104	178.953
581	42	255	675.548	512.095	23.556	8.009	6.677	51.656
582	32	255	234.688	509.469	21.556	7.196	5.662	22.723
583	52	255	895.404	508.654	28.627	8.699	7.611	97.890
584	109	255	1160.482	506.050	42.284	14.877	9.329	128.680
585	44	255	1103.841	507.455	32.870	8.606	6.510	136.635
586	37	255	713.176	507.203	22.142	7.308	6.446	164.083
587	81	255	997.969	502.241	32.627	10.792	9.556	117.690
588	17	255	764.206	504.029	22.971	6.944	3.117	8.595
589	53	255	111.236	501.217	25.799	8.870	7.608	12.664
590	68	255	355.353	497.735	29.799	9.900	8.746	71.213
591	32	255	341.406	497.594	21.556	7.567	5.384	103.468
592	76	255	858.842	496.816	30.627	9.946	9.729	65.261
593	56	255	549.679	496.804	26.385	9.159	7.785	19.446
594	41	255	666.500	496.695	28.042	10.780	4.843	144.174
595	47	255	1191.691	497.138	25.556	8.856	6.758	139.687
596	45	255	898.344	495.678	30.042	8.922	6.422	149.852
597	81	255	1159.401	494.784	33.213	10.876	9.482	71.785
598	39	255	72.090	495.449	22.971	8.507	5.837	134.862
599	35	255	377.929	495.100	22.728	7.479	5.959	24.018
600	26	255	566.154	496.769	17.899	6.411	5.163	163.826
601	24	255	678.500	494.583	21.556	6.294	4.855	91.918
602	39	255	216.423	492.936	21.899	7.636	6.503	10.730
603	63	255	474.817	492.357	29.799	11.168	7.182	177.252
604	1	255	768.500	495.500	2.828	1.128	1.128	0.000
605	60	255	977.450	489.683	36.284	12.266	6.228	138.986
606	66	255	657.030	490.879	30.385	11.423	7.357	35.971
607	90	255	305.444	489.033	36.627	12.812	8.944	17.918
608	56	255	991.304	488.768	27.799	10.040	7.102	64.160
609	1	255	168.500	492.500	2.828	1.128	1.128	0.000
610	33	255	767.924	490.076	19.899	6.707	6.264	134.998
611	4	255	1130.500	491.750	7.071	2.734	1.863	0.000
612	4	255	142.000	491.000	5.657	2.257	2.257	0.000
613	50	255	166.240	488.060	27.799	8.699	7.319	150.227
614	1	255	170.500	491.500	2.828	1.128	1.128	0.000
615	27	255	753.870	487.833	20.728	7.662	4.487	136.692
616	86	255	867.953	486.663	33.799	10.984	9.969	54.680
617	46	255	1127.891	486.413	29.213	8.289	7.066	12.621
618	34	255	1181.500	487.647	22.971	8.031	5.390	169.449
619	31	255	58.210	486.306	20.971	7.619	5.181	150.580
620	62	255	262.935	485.065	28.385	10.695	7.381	159.681
621	53	255	360.179	484.594	26.385	9.354	7.214	64.408
622	36	255	372.889	486.000	20.971	7.700	5.953	169.399
623	36	255	1197.333	485.639	21.556	6.957	6.588	121.411
624	73	255	13.034	483.747	30.971	10.409	8.929	179.302
625	72	255	24.833	481.917	30.627	9.814	9.341	91.380
626	42	255	346.310	483.429	24.142	7.491	7.139	146.706
627	73	255	776.295	481.637	35.456	11.536	8.057	64.988
628	102	255	951.088	481.010	37.213	12.541	10.356	115.133
629	80	255	1002.325	481.750	33.456	10.814	9.419	163.596
630	71	255	1165.627	483.514	31.314	11.825	7.645	179.670
631	57	255	244.974	482.167	27.799	9.687	7.492	17.584
632	76	255	923.645	480.697	31.799	10.192	9.495	125.024
633	26	255	648.692	481.462	20.385	6.526	5.073	126.616
634	60	255	661.917	481.267	30.385	10.303	7.414	171.786
635	47	255	723.032	481.372	25.556	8.560	6.991	164.214
636	62	255	497.371	478.177	34.870	11.909	6.629	164.872
637	40	255	1027.450	478.575	22.142	7.650	6.658	139.085
638	77	255	69.942	475.968	31.799	10.855	9.032	60.323
639	56	255	761.768	476.696	32.627	8.949	7.967	59.010
640	45	255	1095.856	477.011	24.385	9.320	6.148	48.807
641	74	255	751.054	472.541	40.042	14.845	6.347	74.406
642	50	255	909.220	474.840	26.385	10.026	6.350	108.274
643	78	255	982.308	474.436	43.698	12.195	8.144	136.597
644	50	255	111.340	474.360	26.971	9.617	6.620	103.859
645	64	255	272.125	474.094	34.042	10.002	8.147	14.307
646	85	255	435.935	473.265	33.213	12.057	8.976	124.362
647	73	255	969.911	474.048	31.799	11.136	8.346	27.705
648	53	255	1198.594	472.425	31.213	9.564	7.056	97.264
649	32	255	18.250	474.906	21.556	7.284	5.593	30.591
650	34	255	99.971	474.029	21.556	7.288	5.940	27.011
651	86	255	657.919	472.733	35.456	12.089	9.057	28.686
652	19	255	1.974	473.289	17.899	5.888	4.109	130.213
653	1	255	3.500	476.500	2.828	1.128	1.128	0.000
654	49	255	728.255	471.908	24.971	8.251	7.562	40.606
655	54	255	1078.333	471.204	26.971	8.703	7.900	61.836
656	90	255	245.344	468.978	34.870	12.690	9.030	49.342
657	9	255	774.833	473.056	18.485	5.800	1.976	178.989
658	67	255	917.948	469.963	28.971	10.304	8.279	93.205
659	74	255	1005.203	469.081	31.799	10.208	9.230	120.759
660	63	255	1155.722	470.325	29.556	11.165	7.184	13.019
661	40	255	1087.450	469.125	23.556	8.114	6.277	40.632
662	60	255	211.317	467.933	29.556	9.711	7.867	153.233
663	71	255	1171.894	466.979	33.213	11.289	8.008	121.173
664	47	255	154.500	467.819	24.971	8.652	6.917	162.920
665	87	255	565.914	464.833	38.870	11.080	9.997	93.935
666	36	255	577.833	467.972	21.799	7.984	5.741	170.662
667	79	255	778.867	465.639	32.627	11.808	8.518	122.542
668	41	255	975.061	467.378	23.556	8.223	6.349	171.096
669	31	255	1065.403	468.145	20.971	7.296	5.410	171.736
670	114	255	1183.123	462.088	49.355	17.217	8.431	78.924
671	81	255	145.586	464.043	34.042	12.629	8.167	133.824
672	33	255	588.530	466.015	22.142	7.765	5.411	111.833
673	39	255	685.910	465.423	25.799	7.486	6.633	139.208
674	36	255	903.278	466.667	25.213	7.894	5.807	25.001
675	48	255	1209.750	466.500	24.142	8.281	7.380	0.000
676	36	255	763.944	464.694	32.627	8.103	5.657	134.790
677	97	255	176.026	460.448	36.042	13.051	9.463	153.430
678	79	255	755.082	460.563	31.799	10.501	9.579	17.143
679	71	255	1020.373	461.373	31.213	10.162	8.896	31.920
680	66	255	772.167	458.682	29.213	9.238	9.097	106.625
681	60	255	96.867	457.350	27.556	9.436	8.096	66.846
682	82	255	196.793	456.134	32.870	12.469	8.373	137.302
683	45	255	718.011	458.344	24.142	8.493	6.747	27.772
684	35	255	1074.586	458.786	21.314	7.581	5.879	9.089
685	34	255	732.941	455.529	22.971	7.980	5.425	110.012
686	100	255	1048.720	454.150	38.284	14.506	8.777	141.208
687	76	255	912.263	453.184	42.284	9.995	9.681	117.839
688	61	255	999.221	453.221	33.213	10.579	7.342	105.718
689	47	255	262.926	454.521	24.142	8.572	6.981	31.044
690	2	255	665.000	456.500	4.243	2.257	1.128	0.000
691	34	255	763.029	453.088	20.971	7.082	6.113	137.191
692	55	255	133.955	451.282	26.627	9.599	7.295	130.015
693	56	255	166.071	451.393	32.627	8.662	8.231	97.244
694	66	255	291.076	450.894	28.971	10.147	8.282	83.534
695	37	255	447.473	452.635	24.971	7.740	6.087	132.258
696	39	255	514.782	452.141	22.385	8.149	6.094	153.388
697	31	255	60.210	451.403	20.142	6.492	6.079	51.379
698	45	255	226.722	451.433	23.556	8.185	7.000	159.175
699	68	255	647.162	450.397	29.799	10.555	8.203	147.554
700	28	255	150.429	451.000	18.971	6.848	5.206	163.525
701	36	255	1194.694	450.500	21.556	7.837	5.849	39.684
702	4	255	0.500	451.000	8.828	4.514	1.128	90.000
703	78	255	671.487	447.205	32.385	10.552	9.412	94.744
704	44	255	182.750	447.636	29.213	8.353	6.707	114.982
705	7	255	187.786	449.071	10.485	3.855	2.312	120.964
706	31	255	578.952	446.081	19.314	6.461	6.109	30.964
707	69	255	701.007	444.065	33.799	10.197	8.616	89.064
708	3	255	173.500	446.500	6.243	3.385	1.128	0.000
709	36	255	281.639	443.889	20.728	7.372	6.218	17.029
710	87	255	205.075	439.431	43.456	11.012	10.060	79.549
711	60	255	223.850	441.350	28.385	9.816	7.782	70.425
712	46	255	1136.652	442.500	27.213	8.966	6.532	170.003
713	74	255	1154.432	440.608	32.627	10.485	8.986	38.922
714	28	255	172.071	442.214	20.142	7.278	4.899	154.676
715	31	255	804.048	441.823	20.971	8.498	4.645	150.840
716	42	255	910.405	438.952	25.799	7.810	6.847	130.230
717	33	255	110.197	437.803	20.971	7.462	5.631	69.793
718	76	255	435.711	437.132	31.556	10.311	9.385	67.790
719	50	255	966.740	437.580	32.385	8.591	7.410	176.550
720	87	255	1001.132	437.063	34.042	11.107	9.973	151.759
721	41	255	338.037	437.085	22.728	8.436	6.188	102.348
722	65	255	772.208	435.515	30.385	9.335	8.865	132.147
723	54	255	719.333	434.667	26.385	9.241	7.440	166.469
724	108	255	1159.991	432.667	42.870	16.101	8.540	27.993
725	35	255	925.900	435.100	24.385	7.488	5.951	172.820
726	75	255	33.420	429.700	34.042	11.726	8.144	115.593
727	27	255	175.833	430.315	22.971	10.242	3.356	116.490
728	31	255	744.823	429.113	20.142	6.707	5.885	93.131
729	34	255	1040.529	429.147	21.556	7.780	5.564	54.173
730	79	255	460.247	426.184	34.042	11.984	8.393	91.906
731	34	255	102.147	427.147	21.556	7.374	5.870	51.469
732	52	255	686.019	427.635	26.728	8.888	7.449	19.892
733	60	255	1123.950	426.700	28.627	9.209	8.295	2.426
734	25	255	861.620	425.900	23.556	6.801	4.680	125.842
735	29	255	1067.776	426.845	20.142	7.116	5.189	76.659
736	75	255	794.940	423.860	31.213	10.256	9.311	125.513
737	45	255	936.211	424.811	26.142	8.674	6.605	96.534
738	45	255	199.967	423.300	26.385	9.739	5.883	84.025
739	23	255	215.065	425.022	18.142	6.439	4.548	149.999
740	69	255	957.196	423.254	30.971	10.363	8.478	83.408
741	4	255	1109.000	427.250	9.071	3.969	1.283	162.391
742	63	255	1110.786	421.278	38.870	12.064	6.649	150.719
743	50	255	396.640	421.760	25.799	9.124	6.977	38.655
744	53	255	882.858	420.425	29.213	9.401	7.178	132.957
745	4	255	886.000	424.500	7.657	3.216	1.583	121.717
746	19	255	2.184	422.395	17.314	5.887	4.109	123.699
747	36	255	63.417	421.444	21.556	7.290	6.287	24.303
748	21	255	43.500	421.405	16.728	5.486	4.874	122.268
749	89	255	186.781	419.017	34.627	12.311	9.205	155.344
750	51	255	478.108	418.343	30.627	9.673	6.713	113.623
751	61	255	1150.418	419.615	27.799	9.308	8.345	140.409
752	3	255	1223.500	422.500	6.828	3.385	1.128	90.000
753	37	255	108.527	419.608	21.556	7.212	6.533	117.670
754	49	255	1193.867	418.520	26.627	9.807	6.362	7.665
755	1	255	39.500	420.500	2.828	1.128	1.128	0.000
756	59	255	78.314	416.178	31.799	8.865	8.474	55.867
757	27	255	422.722	418.352	18.142	6.724	5.113	1.530
758	40	255	1027.400	416.750	24.971	9.369	5.436	104.608
759	26	255	95.923	415.615	20.971	6.869	4.820	169.634
760	38	255	140.868	415.500	23.314	7.320	6.610	173.211
761	31	255	1038.597	414.242	24.971	7.404	5.331	103.655
762	1	255	1125.500	418.500	2.828	1.128	1.128	0.000
763	62	255	208.516	413.145	27.799	9.061	8.712	10.458
764	69	255	372.674	412.659	30.627	10.972	8.007	56.338
765	49	255	1125.173	413.867	32.870	8.413	7.416	18.941
766	58	255	118.828	412.052	27.556	9.077	8.136	60.870
767	65	255	297.285	411.192	29.799	10.750	7.699	37.711
768	24	255	977.375	412.500	18.485	5.895	5.184	103.905
769	40	255	326.800	410.675	23.799	7.968	6.392	125.794
770	39	255	493.295	411.372	24.971	7.394	6.716	11.258
771	65	255	1049.977	408.731	28.971	10.530	7.860	108.981
772	60	255	32.717	408.150	34.627	11.432	6.682	160.394
773	3	255	311.833	411.833	5.657	2.365	1.615	135.000
774	46	255	520.109	408.217	26.142	8.745	6.698	104.065
775	50	255	929.320	408.180	35.456	8.831	7.209	108.709
776	70	255	86.686	407.757	30.385	10.006	8.907	23.400
777	59	255	858.466	407.720	27.799	9.447	7.952	36.107
778	50	255	897.340	406.640	32.042	9.326	6.826	126.031
779	46	255	200.870	405.870	26.971	8.086	7.243	78.397
780	77	255	508.929	402.838	31.799	10.214	9.599	155.915
781	38	255	647.105	404.395	26.385	8.103	5.971	154.044
782	85	255	1005.253	401.253	33.456	10.945	9.888	134.996
783	49	255	1035.235	402.643	25.213	8.301	7.516	166.390
784	28	255	964.179	402.750	18.142	6.267	5.689	47.612
785	1	255	1040.500	404.500	2.828	1.128	1.128	0.000
786	80	255	239.162	399.087	31.799	10.440	9.757	163.402
787	77	255	308.669	399.162	31.556	10.577	9.269	73.562
788	54	255	103.574	398.352	26.385	9.346	7.356	123.552
789	32	255	146.406	400.094	19.556	7.091	5.746	168.185
790	39	255	776.064	397.833	26.385	8.473	5.861	122.017
791	49	255	1043.929	397.051	35.213	8.075	7.726	115.259
792	26	255	123.154	396.192	18.728	6.270	5.280	92.238
793	51	255	892.637	394.010	34.284	9.691	6.701	151.915
794	60	255	90.883	393.367	27.556	9.150	8.349	99.697
795	35	255	327.900	392.414	26.142	8.417	5.294	116.851
796	118	255	986.432	391.237	43.113	16.908	8.886	46.513
797	95	255	1203.700	391.932	37.456	13.854	8.731	123.519
798	31	255	1155.597	394.048	18.971	6.791	5.812	10.357
799	37	255	596.635	393.176	22.142	7.591	6.206	166.909
800	19	255	1057.605	394.079	15.071	5.550	4.359	167.179
801	56	255	577.339	390.643	26.728	9.686	7.361	10.052
802	32	255	832.156	391.531	22.971	8.503	4.791	172.920
803	32	255	1019.750	390.531	23.556	6.721	6.062	136.595
804	54	255	1215.407	388.667	31.799	9.451	7.275	142.415
805	31	255	497.919	390.048	19.314	6.461	6.109	59.036
806	84	255	729.167	387.560	34.284	11.209	9.541	142.730
807	53	255	749.858	389.594	26.142	9.283	7.269	172.940
808	87	255	819.672	389.063	43.698	14.659	7.556	172.262
809	77	255	533.838	386.110	31.799	10.596	9.252	49.669
810	52	255	761.885	387.077	26.142	8.740	7.575	55.401
811	52	255	804.058	385.904	31.799	8.570	7.725	112.392
812	69	255	116.732	385.399	29.799	10.034	8.756	52.729
813	51	255	476.735	385.088	27.799	9.220	7.043	134.728
814	2	255	478.000	389.500	4.243	2.257	1.128	0.000
815	78	255	706.551	384.359	32.042	10.480	9.476	68.014
816	39	255	126.551	385.397	22.728	7.383	6.726	135.374
817	196	255	719.199	380.531	63.355	18.320	13.622	5.177
818	96	255	97.042	382.000	36.870	13.759	8.884	48.591
819	55	255	832.973	383.936	25.556	9.093	7.702	138.596
820	84	255	324.536	381.857	33.556	11.373	9.404	93.444
821	59	255	608.839	382.720	27.556	9.215	8.152	113.642
822	59	255	996.144	383.127	27.799	10.245	7.333	171.288
823	72	255	899.597	380.000	48.527	9.791	9.363	115.456
824	56	255	1191.589	382.071	29.213	10.979	6.494	25.716
825	60	255	285.067	380.250	28.385	9.800	7.796	110.160
826	43	255	875.872	381.267	26.971	8.864	6.177	167.077
827	45	255	1024.833	380.389	24.142	8.111	7.064	9.697
828	68	255	673.735	377.044	37.113	10.011	8.649	54.922
829	51	255	1129.029	377.892	28.385	9.346	6.948	145.155
830	35	255	148.671	378.900	22.728	7.454	5.979	4.394
831	3	255	359.833	380.833	5.657	2.365	1.615	135.000
832	37	255	1084.095	378.662	22.142	6.990	6.739	93.985
833	51	255	359.912	375.245	30.385	10.315	6.295	133.011
834	49	255	505.520	376.806	27.213	9.337	6.682	150.310
835	46	255	1047.717	376.891	24.971	7.978	7.342	19.237
836	64	255	1199.297	376.391	28.385	9.513	8.566	32.250
837	43	255	174.779	376.360	23.556	7.826	6.996	40.327
838	50	255	453.600	376.080	26.385	9.164	6.947	56.179
839	67	255	642.724	375.142	29.799	10.002	8.529	67.328
840	32	255	746.750	375.875	20.971	7.351	5.542	124.586
841	37	255	42.608	375.203	22.971	7.427	6.343	159.842
842	55	255	563.045	373.591	36.042	8.719	8.032	67.659
843	56	255	925.786	374.393	26.971	9.261	7.699	77.130
844	91	255	729.324	371.104	37.213	11.855	9.774	6.652
845	52	255	763.038	370.654	26.142	8.563	7.731	37.175
846	49	255	54.092	368.500	26.385	8.205	7.604	88.103
847	44	255	599.341	368.182	24.971	8.627	6.494	112.243
848	2	255	602.500	372.000	4.828	2.257	1.128	90.000
849	27	255	716.759	368.981	18.728	6.370	5.397	109.660
850	53	255	1188.292	367.764	26.385	8.452	7.984	154.557
851	44	255	43.000	366.205	24.142	9.136	6.132	84.396
852	56	255	144.554	366.982	27.213	9.352	7.624	39.282
853	93	255	302.769	364.790	35.456	11.969	9.893	122.417
854	19	255	877.079	367.395	20.142	5.735	4.218	136.018
855	65	255	1205.469	365.654	34.042	9.822	8.426	108.225
856	24	255	722.750	365.792	19.556	7.029	4.348	133.634
857	47	255	865.074	365.500	28.627	9.537	6.275	95.254
858	39	255	897.577	365.551	28.627	7.860	6.318	125.346
859	54	255	1102.333	365.574	27.213	9.406	7.310	38.444
860	60	255	374.883	364.767	28.385	9.898	7.718	9.018
861	50	255	911.280	365.000	31.213	8.097	7.863	11.243
862	85	255	1041.629	363.182	39.698	13.402	8.075	63.317
863	61	255	787.861	361.959	32.627	10.818	7.179	106.743
864	5	255	790.900	366.300	7.657	3.144	2.025	108.435
865	76	255	938.132	361.803	44.284	12.189	7.939	82.181
866	44	255	1010.182	364.591	24.385	8.447	6.632	174.246
867	42	255	359.357	362.738	22.971	8.107	6.596	130.922
868	69	255	554.196	361.674	30.627	11.182	7.857	44.518
869	35	255	1052.186	362.271	22.385	8.155	5.465	44.538
870	35	255	1092.843	360.929	22.142	7.728	5.767	77.408
871	33	255	877.742	360.803	20.142	7.215	5.823	153.408
872	48	255	323.604	358.896	24.728	8.712	7.015	69.231
873	81	255	476.389	357.278	33.213	10.741	9.602	70.894
874	76	255	342.658	355.513	32.042	10.528	9.191	13.307
875	63	255	58.357	354.294	28.971	9.966	8.048	56.148
876	46	255	753.478	354.587	24.142	7.840	7.470	104.036
877	123	255	799.167	354.614	44.971	18.654	8.395	9.508
878	39	255	875.141	354.269	24.142	7.780	6.382	135.028
879	23	255	866.500	352.630	21.556	6.164	4.751	132.339
880	66	255	1049.742	352.470	28.971	9.846	8.535	127.001
881	70	255	1192.900	353.243	30.142	10.529	8.465	5.673
882	53	255	414.462	352.179	26.385	9.077	7.435	20.802
883	39	255	898.962	351.192	26.385	8.706	5.704	142.968
884	1	255	900.500	355.500	2.828	1.128	1.128	0.000
885	57	255	1039.079	350.184	32.627	9.955	7.290	143.030
886	76	255	1112.118	350.395	36.042	10.769	8.985	5.058
887	65	255	692.654	349.577	28.627	9.704	8.528	151.175
888	44	255	953.932	350.114	35.456	8.218	6.817	4.484
889	89	255	1090.758	347.444	33.213	10.906	10.390	79.306
890	59	255	330.636	347.042	27.213	8.810	8.527	28.082
891	41	255	38.061	345.915	23.799	7.658	6.816	149.523
892	56	255	451.161	345.804	27.213	9.517	7.492	139.344
893	47	255	854.202	346.096	23.799	8.285	7.223	132.977
894	45	255	351.278	342.944	24.971	9.109	6.290	116.828
895	1	255	353.500	347.500	2.828	1.128	1.128	0.000
896	59	255	1169.314	343.720	28.385	9.208	8.158	123.354
897	27	255	1.833	342.648	19.899	7.906	4.348	93.923
898	82	255	89.976	342.317	33.799	12.925	8.078	156.299
899	49	255	341.929	342.827	24.385	8.065	7.736	156.888
900	52	255	822.615	340.923	27.799	8.481	7.807	90.825
901	50	255	1000.160	340.060	36.870	9.933	6.409	123.752
902	68	255	359.324	338.618	38.042	11.332	7.640	64.723
903	28	255	670.679	339.750	19.314	6.929	5.145	139.805
904	37	255	114.851	338.122	22.385	8.496	5.545	24.542
905	47	255	654.245	337.160	29.799	9.549	6.267	6.053
906	54	255	388.056	333.667	34.042	10.375	6.627	160.231
907	46	255	152.630	334.022	24.142	8.550	6.850	68.699
908	35	255	734.129	333.386	21.556	7.791	5.720	129.882
909	43	255	747.453	334.221	24.142	8.821	6.207	7.164
910	46	255	446.783	330.935	31.456	8.905	6.577	53.853
911	93	255	364.919	330.048	40.042	14.050	8.428	170.730
912	71	255	217.359	327.077	33.213	11.096	8.147	59.451
913	50	255	263.300	329.540	25.556	9.009	7.066	10.892
914	43	255	489.012	329.291	22.971	8.120	6.743	165.819
915	2	255	773.000	331.000	5.657	2.596	0.981	135.000
916	39	255	954.654	328.321	23.213	7.989	6.216	145.650
917	33	255	657.015	327.470	20.971	7.694	5.461	7.766
918	34	255	892.235	326.324	24.971	8.080	5.358	134.254
919	1	255	893.500	330.500	2.828	1.128	1.128	0.000
920	53	255	926.236	326.085	32.627	10.887	6.198	137.706
921	62	255	4.516	325.532	28.385	9.007	8.764	165.906
922	30	255	771.933	326.300	20.142	7.633	5.004	130.981
923	44	255	972.795	326.068	25.556	8.514	6.580	109.500
924	42	255	1102.762	324.976	33.213	7.987	6.695	96.034
925	60	255	20.967	324.433	28.971	10.104	7.561	60.788
926	64	255	102.859	323.328	27.799	9.418	8.652	137.863
927	76	255	981.987	323.237	33.213	10.008	9.669	51.917
928	42	255	588.857	321.381	27.556	9.001	5.941	83.957
929	51	255	803.343	322.931	26.385	9.563	6.790	20.693
930	59	255	130.331	317.144	28.385	10.278	7.309	112.078
931	59	255	257.127	317.212	27.556	9.318	8.062	73.217
932	57	255	389.377	317.412	27.213	9.093	7.981	136.480
933	39	255	58.295	316.808	22.971	7.539	6.587	89.221
934	50	255	514.420	316.860	26.385	8.787	7.245	126.411
935	73	255	907.308	315.705	31.213	10.010	9.285	123.893
936	59	255	1215.449	316.195	28.385	10.113	7.428	130.317
937	41	255	184.720	316.354	22.728	7.503	6.957	42.366
938	72	255	194.167	315.736	30.971	10.394	8.820	171.500
939	69	255	205.123	314.848	34.042	11.721	7.496	134.264
940	35	255	953.443	315.900	22.971	7.677	5.805	150.997
941	39	255	972.654	314.218	22.971	7.923	6.267	133.668
942	56	255	753.161	311.357	29.799	8.985	7.936	101.101
943	52	255	1180.500	311.615	31.213	8.713	7.599	22.913
944	65	255	239.669	310.731	28.971	9.582	8.637	134.033
945	6	255	1127.500	310.000	15.314	5.188	1.473	103.650
946	2	255	1132.500	312.000	4.828	2.257	1.128	90.000
947	48	255	192.188	307.729	26.728	9.206	6.639	149.546
948	48	255	179.458	306.979	28.385	8.290	7.372	65.878
949	54	255	374.926	306.389	30.627	8.698	7.905	51.067
950	58	255	761.586	305.724	29.213	9.416	7.843	37.421
951	75	255	958.273	304.607	30.627	10.742	8.889	102.305
952	62	255	1207.242	304.629	28.627	10.431	7.568	48.818
953	32	255	720.375	304.469	22.142	8.258	4.934	109.301
954	34	255	1013.147	305.324	22.142	8.642	5.009	149.134
955	67	255	121.007	301.739	29.799	10.489	8.133	170.968
956	59	255	342.941	301.110	28.042	9.593	7.831	137.594
957	35	255	1194.643	303.014	22.971	7.787	5.723	21.668
958	42	255	1219.333	301.143	26.971	7.812	6.845	159.097
959	94	255	188.649	298.819	35.456	11.065	10.817	143.526
960	66	255	1119.773	299.727	42.870	9.367	8.971	33.505
961	1	255	1222.500	304.500	2.828	1.128	1.128	0.000
962	35	255	2.700	300.414	20.728	7.258	6.140	78.515
963	26	255	770.808	301.000	18.142	6.310	5.247	180.000
964	109	255	1005.683	296.427	49.113	12.369	11.220	128.068
965	44	255	748.750	298.841	26.971	8.519	6.576	21.134
966	49	255	149.949	297.235	33.456	8.972	6.954	35.620
967	59	255	844.059	297.703	27.799	9.027	8.322	166.201
968	85	255	966.724	297.665	35.213	12.875	8.406	12.645
969	51	255	108.206	295.775	28.971	10.714	6.061	138.992
970	99	255	40.157	293.722	36.627	12.207	10.326	65.030
971	50	255	255.860	295.260	28.385	9.416	6.761	60.281
972	5	255	1047.300	299.100	7.071	3.144	2.025	18.435
973	59	255	1045.822	293.314	37.456	11.560	6.498	32.826
974	61	255	1208.893	293.189	40.284	9.631	8.064	164.930
975	29	255	585.845	293.052	19.556	6.742	5.476	24.920
976	55	255	865.791	291.973	28.971	9.597	7.297	49.574
977	66	255	1070.333	290.576	28.971	9.724	8.642	17.963
978	42	255	160.905	289.357	23.556	8.566	6.243	88.506
979	43	255	280.500	289.802	23.556	8.590	6.373	119.445
980	71	255	676.697	288.810	29.799	10.678	8.466	121.232
981	60	255	1014.950	289.683	30.627	10.234	7.465	171.520
982	44	255	646.523	289.682	28.971	9.492	5.902	173.657
983	43	255	847.337	289.081	29.799	8.054	6.798	124.533
984	41	255	1086.183	289.598	23.556	7.298	7.153	27.115
985	61	255	1191.320	288.139	29.799	9.281	8.368	166.136
986	50	255	126.640	287.840	27.556	8.294	7.676	22.774
987	59	255	392.432	286.958	28.627	10.937	6.869	148.740
988	45	255	878.611	285.944	25.799	8.394	6.826	149.047
989	52	255	890.673	285.615	26.385	9.065	7.304	3.535
990	71	255	1114.415	282.500	32.627	12.209	7.404	60.051
991	58	255	260.293	283.845	27.556	9.297	7.943	103.556
992	47	255	415.181	284.117	24.971	8.295	7.215	43.240
993	94	255	916.585	279.181	47.941	15.437	7.753	71.000
994	57	255	209.325	281.114	28.385	9.697	7.484	79.372
995	59	255	627.466	281.619	27.556	9.701	7.744	5.944
996	88	255	1076.114	280.886	37.456	14.725	7.609	141.058
997	57	255	706.886	280.430	28.042	8.774	8.272	123.552
998	48	255	1039.479	279.729	30.385	8.087	7.557	40.507
999	67	255	99.470	279.291	28.971	9.987	8.542	47.307
1000	66	255	388.742	279.682	29.213	10.277	8.177	162.043
1001	5	255	0.500	279.500	10.828	5.642	1.128	90.000
1002	64	255	1099.750	277.547	29.213	10.039	8.117	26.683
1003	41	255	1194.354	278.232	22.142	7.744	6.741	149.931
1004	2	255	859.000	280.500	4.243	2.257	1.128	0.000
1005	61	255	610.664	275.484	28.385	9.261	8.387	38.542
1006	57	255	1064.658	275.939	26.385	9.259	7.838	28.658
1007	55	255	674.173	274.936	25.556	8.514	8.225	142.854
1008	49	255	859.276	275.643	26.385	9.230	6.759	5.104
1009	74	255	562.662	272.338	44.527	11.808	7.979	136.464
1010	49	255	685.888	274.541	24.971	8.607	7.249	14.260
1011	45	255	848.633	273.833	23.556	8.726	6.566	57.142
1012	32	255	625.125	273.469	26.385	6.786	6.004	26.476
1013	78	255	1160.295	272.026	31.799	10.185	9.751	90.791
1014	47	255	277.160	270.819	29.456	9.382	6.378	74.202
1015	74	255	900.108	271.230	31.213	10.001	9.421	49.858
1016	33	255	636.439	269.924	22.385	7.971	5.271	133.509
1017	62	255	120.242	268.484	28.385	9.678	8.157	138.978
1018	23	255	442.717	270.457	17.314	6.090	4.809	38.183
1019	40	255	588.275	268.525	24.385	9.039	5.634	104.949
1020	52	255	910.712	267.904	26.971	8.464	7.822	9.014
1021	107	255	475.107	263.332	37.213	12.400	10.987	27.732
1022	45	255	530.144	264.011	24.385	8.348	6.863	156.704
1023	58	255	875.362	263.086	31.799	10.872	6.792	3.991
1024	45	255	933.211	263.078	27.556	7.971	7.188	95.525
1025	46	255	162.000	262.848	24.142	8.409	6.965	0.000
1026	11	255	561.045	264.136	11.314	3.994	3.507	161.565
1027	95	255	1135.047	259.111	36.042	11.733	10.309	154.442
1028	48	255	55.125	260.542	24.971	8.979	6.806	156.499
1029	41	255	443.378	260.963	24.971	8.069	6.470	179.391
1030	28	255	897.714	260.321	20.971	6.857	5.199	67.113
1031	69	255	1061.283	259.080	30.042	10.200	8.613	146.847
1032	27	255	562.537	259.463	19.314	7.569	4.542	17.593
1033	48	255	641.292	257.729	28.385	8.266	7.394	117.629
1034	16	255	733.500	258.812	16.728	6.397	3.184	119.362
1035	49	255	546.867	255.929	25.556	8.567	7.283	55.236
1036	60	255	359.783	252.783	29.213	10.582	7.219	124.590
1037	2	255	498.000	255.500	4.243	2.257	1.128	0.000
1038	57	255	124.781	250.921	27.799	9.216	7.875	18.385
1039	55	255	496.555	249.373	36.042	10.718	6.534	40.627
1040	71	255	794.303	249.824	29.799	9.789	9.235	100.455
1041	5	255	910.300	253.100	10.485	4.474	1.423	125.280
1042	46	255	909.413	247.000	31.799	11.802	4.963	120.751
1043	53	255	1042.745	249.858	33.213	8.664	7.788	102.420
1044	42	255	55.262	248.905	23.314	8.657	6.177	15.183
1045	56	255	733.857	246.518	38.870	9.076	7.856	129.733
1046	57	255	1015.395	244.974	27.213	9.671	7.505	38.344
1047	64	255	506.500	242.812	38.284	10.101	8.067	58.679
1048	53	255	720.594	243.708	28.385	9.302	7.255	109.092
1049	66	255	1102.152	244.394	31.213	10.330	8.135	169.554
1050	69	255	1113.717	244.065	29.213	9.553	9.196	100.964
1051	42	255	569.643	244.143	23.556	7.763	6.888	40.443
1052	47	255	902.926	243.840	24.971	8.430	7.099	52.004
1053	82	255	1057.000	242.744	31.799	10.243	10.193	0.000
1054	55	255	542.136	243.209	30.385	8.673	8.074	32.943
1055	47	255	555.266	242.223	27.213	8.117	7.372	73.632
1056	99	255	99.379	241.500	36.385	13.754	9.165	2.084
1057	46	255	20.283	240.848	24.385	8.766	6.682	127.437
1058	66	255	74.864	239.061	29.799	9.938	8.456	0.272
1059	79	255	203.006	238.424	32.385	10.905	9.224	162.810
1060	40	255	214.475	238.625	22.971	7.705	6.610	75.114
1061	34	255	988.235	237.971	24.385	8.706	4.973	115.984
1062	39	255	52.013	237.192	22.971	7.929	6.263	46.217
1063	63	255	290.579	236.310	28.385	9.965	8.050	134.770
1064	44	255	701.818	236.023	25.799	9.077	6.172	131.631
1065	45	255	1092.478	234.900	27.213	8.327	6.881	132.449
1066	62	255	549.129	234.419	29.556	9.405	8.394	70.862
1067	58	255	1016.724	233.121	27.556	9.256	7.978	108.702
1068	57	255	148.447	230.693	35.456	9.470	7.664	81.964
1069	47	255	193.713	232.479	24.971	9.093	6.581	25.491
1070	29	255	111.914	232.052	19.314	6.394	5.774	105.410
1071	79	255	534.956	228.639	32.627	10.556	9.529	167.467
1072	49	255	969.561	230.071	24.971	7.979	7.819	123.401
1073	77	255	1104.526	227.409	45.698	11.216	8.741	95.253
1074	64	255	104.484	227.094	28.728	9.709	8.393	12.598
1075	43	255	166.802	225.733	24.385	8.920	6.138	37.644
1076	4	255	1223.500	228.000	8.828	4.514	1.128	90.000
1077	61	255	1078.238	223.762	36.042	9.052	8.581	68.413
1078	36	255	77.389	223.444	23.556	7.487	6.122	61.470
1079	60	255	197.800	223.200	27.799	9.841	7.763	71.435
1080	56	255	178.304	222.786	28.142	9.585	7.439	20.804
1081	49	255	212.847	223.010	24.385	8.028	7.771	47.581
1082	107	255	852.238	221.107	38.870	12.750	10.685	18.480
1083	38	255	273.105	221.658	21.899	7.415	6.525	85.510
1084	32	255	285.781	221.656	20.728	7.739	5.265	120.819
1085	50	255	936.160	221.080	36.284	9.775	6.513	141.949
1086	52	255	187.885	218.538	28.627	9.118	7.261	33.355
1087	62	255	1130.452	218.323	28.385	9.911	7.965	36.545
1088	87	255	111.638	216.914	33.213	11.800	9.387	32.429
1089	78	255	744.231	217.128	32.627	11.349	8.751	140.871
1090	53	255	728.255	216.179	35.213	10.231	6.596	78.394
1091	59	255	692.873	214.483	28.971	10.245	7.332	109.594
1092	48	255	452.938	214.958	32.627	9.304	6.569	141.568
1093	80	255	208.162	213.075	31.799	10.795	9.436	39.965
1094	29	255	784.190	211.328	23.314	8.363	4.415	114.261
1095	59	255	811.992	211.568	36.042	10.819	6.943	148.117
1096	50	255	1181.360	211.700	34.042	8.502	7.488	135.009
1097	65	255	1166.777	211.823	34.627	9.413	8.792	174.633
1098	73	255	549.390	210.021	30.385	10.277	9.044	75.839
1099	62	255	718.435	210.532	29.799	9.836	8.026	151.363
1100	71	255	503.134	209.387	30.385	10.365	8.721	29.292
1101	47	255	700.053	206.840	28.385	7.981	7.498	123.810
1102	66	255	735.076	206.712	29.799	9.954	8.442	156.282
1103	50	255	974.940	205.860	32.627	8.590	7.412	109.092
1104	42	255	1125.714	205.167	22.971	7.862	6.802	2.737
1105	57	255	74.465	201.921	28.971	11.005	6.595	67.236
1106	58	255	1078.517	202.310	28.627	9.652	7.651	151.904
1107	79	255	445.791	199.690	33.456	12.566	8.005	59.252
1108	63	255	1157.262	196.214	33.799	12.025	6.670	108.876
1109	2	255	1159.000	202.500	4.243	2.257	1.128	0.000
1110	68	255	732.824	197.000	30.627	10.546	8.210	120.632
1111	53	255	276.066	197.330	26.971	8.373	8.059	13.888
1112	38	255	965.553	197.263	22.142	7.704	6.280	126.174
1113	70	255	383.829	194.743	30.627	10.556	8.443	45.549
1114	77	255	221.591	194.786	31.799	10.630	9.223	0.000
1115	42	255	428.119	190.762	25.556	8.407	6.361	89.873
1116	1	255	723.500	194.500	2.828	1.128	1.128	0.000
1117	60	255	233.900	189.083	28.971	10.195	7.494	94.876
1118	36	255	472.639	191.111	20.728	7.372	6.218	162.971
1119	41	255	617.476	189.329	25.556	7.573	6.893	106.069
1120	36	255	724.639	190.000	24.728	7.883	5.815	154.740
1121	48	255	813.604	189.000	29.799	9.473	6.452	146.881
1122	66	255	1145.061	188.621	31.556	9.768	8.603	108.161
1123	60	255	712.133	188.083	38.627	10.092	7.570	168.024
1124	57	255	130.342	187.342	27.213	9.384	7.734	54.644
1125	53	255	448.745	187.368	29.213	8.826	7.646	96.820
1126	67	255	241.112	185.679	31.799	11.448	7.452	86.927
1127	65	255	701.592	184.777	36.284	10.265	8.063	129.274
1128	72	255	798.833	182.431	31.799	10.425	8.794	135.267
1129	41	255	1179.817	184.159	22.728	8.466	6.166	10.966
1130	49	255	167.908	179.949	29.213	9.204	6.779	108.571
1131	1	255	671.500	184.500	2.828	1.128	1.128	0.000
1132	33	255	400.591	180.803	20.142	6.880	6.107	169.206
1133	45	255	671.389	179.900	25.799	9.022	6.351	168.179
1134	44	255	905.091	177.477	34.870	10.114	5.539	120.891
1135	42	255	225.810	178.190	23.799	7.970	6.709	134.999
1136	31	255	246.242	178.887	19.556	6.755	5.844	31.174
1137	55	255	254.373	175.809	27.213	9.207	7.606	172.812
1138	60	255	265.433	171.883	27.556	10.532	7.253	103.827
1139	44	255	444.727	172.955	24.971	8.297	6.752	148.772
1140	82	255	244.061	169.744	36.385	10.396	10.043	62.998
1141	73	255	865.062	170.527	30.385	10.039	9.258	170.690
1142	45	255	728.122	167.900	31.213	9.625	5.953	81.751
1143	55	255	512.227	167.809	28.142	9.010	7.772	116.320
1144	51	255	253.461	167.186	25.314	8.785	7.392	68.138
1145	78	255	329.744	163.769	34.042	12.739	7.796	33.998
1146	49	255	144.724	163.888	28.385	10.373	6.015	157.041
1147	97	255	468.428	162.180	37.213	12.683	9.738	64.362
1148	4	255	149.500	166.000	7.071	3.216	1.583	148.283
1149	44	255	160.955	162.886	28.042	8.251	6.789	36.771
1150	64	255	526.609	162.062	29.456	9.798	8.317	83.677
1151	49	255	228.112	160.724	24.971	8.609	7.247	127.764
1152	19	255	1071.026	161.605	19.556	6.122	3.952	70.773
1153	97	255	515.222	157.624	38.627	14.177	8.712	52.874
1154	60	255	543.933	159.917	30.385	9.626	7.936	164.607
1155	50	255	554.620	159.600	29.799	9.506	6.697	77.342
1156	83	255	965.693	158.657	33.456	10.419	10.143	142.664
1157	77	255	837.214	158.357	32.385	10.416	9.412	142.222
1158	57	255	1061.956	158.605	35.456	9.088	7.986	177.907
1159	74	255	451.135	156.919	30.971	9.965	9.455	125.931
1160	52	255	641.981	157.923	26.971	9.515	6.958	64.177
1161	58	255	755.672	158.138	28.971	10.518	7.021	18.093
1162	36	255	915.361	155.333	25.556	9.149	5.010	131.859
1163	33	255	216.652	155.924	20.142	7.213	5.825	160.614
1164	90	255	411.889	152.200	35.456	12.583	9.107	153.421
1165	35	255	499.129	154.014	21.556	7.313	6.094	125.529
1166	60	255	122.433	151.200	27.799	9.039	8.452	79.876
1167	49	255	181.051	150.541	26.142	10.198	6.118	88.663
1168	28	255	1000.393	152.536	20.142	7.213	4.943	159.072
1169	53	255	253.896	148.858	27.799	9.669	6.979	79.875
1170	31	255	1072.081	149.661	22.142	7.360	5.363	146.201
1171	36	255	61.639	149.750	21.556	7.459	6.145	43.927
1172	80	255	1045.275	148.087	32.627	11.079	9.194	150.539
1173	39	255	379.346	147.808	22.385	7.265	6.835	124.959
1174	41	255	548.256	148.549	23.556	8.415	6.203	156.268
1175	40	255	1216.650	148.675	26.971	9.004	5.656	8.848
1176	73	255	81.555	146.623	30.971	10.594	8.774	36.854
1177	66	255	681.470	146.955	29.556	9.394	8.945	122.929
1178	36	255	865.472	147.139	23.799	9.309	4.924	54.500
1179	52	255	971.865	143.692	33.213	10.897	6.076	117.319
1180	49	255	523.888	143.786	26.142	9.726	6.415	96.319
1181	57	255	1132.605	140.763	33.213	10.558	6.874	121.220
1182	37	255	506.014	142.743	22.385	7.646	6.161	155.525
1183	52	255	774.077	141.346	26.385	9.668	6.848	130.522
1184	30	255	123.900	140.533	19.556	6.487	5.888	56.800
1185	30	255	646.300	140.067	19.556	6.487	5.888	169.419
1186	80	255	263.288	136.850	31.799	10.302	9.887	55.183
1187	32	255	712.594	138.750	20.142	7.586	5.371	148.269
1188	37	255	732.014	138.122	22.142	8.161	5.773	81.943
1189	52	255	176.173	137.365	27.213	9.681	6.839	176.634
1190	40	255	788.450	138.075	23.314	8.183	6.224	161.532
1191	33	255	671.045	136.167	20.728	7.160	5.868	115.207
1192	7	255	675.500	138.500	8.485	3.772	2.363	135.000
1193	48	255	1144.667	135.854	25.799	8.942	6.835	40.097
1194	51	255	742.245	134.167	27.556	8.842	7.344	51.121
1195	71	255	1060.894	133.937	30.971	10.303	8.774	0.773
1196	52	255	386.846	132.846	26.142	9.281	7.134	35.593
1197	53	255	897.934	133.047	25.556	8.381	8.052	144.462
1198	63	255	749.690	130.992	29.799	9.511	8.434	82.564
1199	40	255	23.650	131.550	22.971	7.586	6.713	160.368
1200	41	255	239.354	130.915	23.556	8.751	5.965	115.916
1201	47	255	510.457	131.181	23.556	8.164	7.330	100.045
1202	1	255	1026.500	134.500	2.828	1.128	1.128	0.000
1203	29	255	90.086	130.362	18.728	6.328	5.835	35.727
1204	25	255	963.620	128.540	18.142	6.394	4.978	92.432
1205	71	255	1132.415	126.725	30.385	11.647	7.762	165.079
1206	32	255	405.531	126.656	28.142	7.254	5.617	5.620
1207	56	255	1081.857	126.429	27.556	9.513	7.495	6.808
1208	35	255	812.443	123.500	25.556	8.606	5.178	132.165
1209	82	255	937.427	119.963	46.527	10.911	9.569	133.551
1210	71	255	95.063	121.401	32.042	10.048	8.997	176.215
1211	58	255	250.345	121.776	27.556	9.060	8.151	27.042
1212	79	255	516.652	120.297	32.627	10.240	9.823	68.329
1213	75	255	770.753	119.607	45.113	10.652	8.965	92.296
1214	43	255	799.779	121.244	26.627	8.582	6.380	121.282
1215	15	255	1.233	121.500	16.485	6.200	3.080	90.000
1216	52	255	699.885	119.750	24.971	8.509	7.781	27.409
1217	47	255	271.138	118.181	25.556	8.696	6.882	29.303
1218	42	255	70.619	116.643	24.385	8.360	6.396	172.249
1219	44	255	428.886	116.273	25.556	8.947	6.262	156.247
1220	48	255	155.375	114.917	24.728	8.616	7.093	113.215
1221	56	255	553.089	115.232	26.728	8.744	8.154	150.743
1222	38	255	570.289	113.895	27.213	7.375	6.561	67.784
1223	44	255	996.977	114.136	23.556	8.320	6.734	163.555
1224	63	255	706.817	110.960	36.042	10.279	7.804	89.184
1225	45	255	764.411	112.078	24.971	9.416	6.085	24.639
1226	74	255	420.351	108.689	37.456	12.723	7.405	118.180
1227	44	255	376.477	110.386	23.556	7.841	7.145	152.165
1228	51	255	579.755	109.637	25.556	8.741	7.429	34.147
1229	46	255	1086.804	106.652	28.385	8.616	6.798	156.959
1230	100	255	1202.440	101.140	49.941	14.285	8.913	134.959
1231	2	255	1202.000	109.500	4.243	2.257	1.128	0.000
1232	32	255	392.312	105.344	21.799	6.811	5.982	100.126
1233	38	255	920.395	105.711	22.142	7.544	6.414	15.308
1234	48	255	75.208	103.396	26.142	9.940	6.149	96.545
1235	43	255	222.058	103.384	26.385	8.329	6.574	75.136
1236	87	255	31.649	101.960	34.042	12.340	8.977	44.028
1237	49	255	251.929	102.622	24.385	8.370	7.454	40.731
1238	52	255	275.808	103.000	24.971	8.697	7.613	138.964
1239	70	255	852.657	102.200	30.385	10.364	8.600	161.187
1240	34	255	287.765	103.147	20.728	7.159	6.047	163.344
1241	41	255	606.061	100.768	22.142	8.165	6.394	84.150
1242	56	255	875.054	100.911	26.385	9.291	7.674	143.419
1243	31	255	1001.371	101.274	22.385	7.418	5.321	153.318
1244	60	255	461.800	99.850	31.213	11.748	6.503	159.406
1245	45	255	407.567	99.144	27.213	7.780	7.364	151.734
1246	48	255	1092.312	96.875	29.799	8.841	6.913	109.176
1247	33	255	1106.076	97.288	22.142	7.503	5.600	86.989
1248	33	255	389.955	97.742	20.728	6.922	6.070	52.251
1249	37	255	499.284	98.041	21.314	7.614	6.188	24.053
1250	33	255	844.045	97.924	23.799	7.804	5.384	4.349
1251	9	255	1194.944	97.389	15.657	6.825	1.679	101.310
1252	60	255	1182.817	94.733	28.385	9.239	8.269	44.011
1253	92	255	928.696	92.772	35.213	11.144	10.511	57.517
1254	78	255	752.179	90.756	31.456	10.481	9.476	126.836
1255	1	255	1213.500	95.500	2.828	1.128	1.128	0.000
1256	121	255	33.541	86.103	55.355	18.209	8.461	64.949
1257	72	255	286.972	89.889	30.042	11.280	8.127	138.159
1258	53	255	313.311	90.991	26.971	9.774	6.904	45.198
1259	61	255	611.402	89.221	37.456	9.390	8.271	174.772
1260	22	255	836.818	91.545	20.142	6.228	4.498	166.961
1261	97	255	1207.490	88.067	43.456	11.973	10.315	65.600
1262	50	255	44.280	87.880	27.556	8.272	7.696	80.233
1263	33	255	638.924	88.439	20.142	7.235	5.807	67.563
1264	51	255	12.951	86.578	29.213	8.846	7.341	171.421
1265	1	255	15.500	90.500	2.828	1.128	1.128	0.000
1266	49	255	954.031	86.582	26.971	8.936	6.982	88.344
1267	29	255	1064.397	84.190	21.314	7.480	4.936	109.997
1268	61	255	384.533	83.303	28.385	9.320	8.334	166.315
1269	55	255	525.845	81.064	26.971	8.974	7.803	82.260
1270	30	255	157.133	81.500	18.971	6.617	5.772	64.583
1271	62	255	233.903	80.290	29.213	9.486	8.322	165.728
1272	44	255	410.886	81.500	25.799	8.172	6.856	167.702
1273	11	255	250.318	81.500	13.314	5.866	2.388	121.304
1274	77	255	551.630	78.721	32.971	12.640	7.756	119.544
1275	45	255	863.167	77.856	26.971	9.253	6.192	145.820
1276	72	255	995.917	77.153	30.385	10.837	8.460	155.378
1277	6	255	37.000	79.500	9.899	4.633	1.649	140.310
1278	57	255	307.061	76.921	27.556	8.921	8.135	100.141
1279	49	255	506.398	77.765	25.556	9.366	6.661	15.570
1280	37	255	835.446	76.527	22.385	7.102	6.634	121.495
1281	48	255	2.875	75.521	25.556	9.168	6.666	98.532
1282	50	255	760.380	74.920	34.042	10.803	5.893	113.622
1283	31	255	26.435	75.726	20.971	7.934	4.975	151.555
1284	62	255	40.032	73.984	30.385	10.963	7.201	178.180
1285	65	255	816.454	71.977	43.698	11.392	7.265	110.380
1286	12	255	948.167	75.583	15.899	5.869	2.603	148.352
1287	54	255	958.463	73.685	33.456	10.215	6.731	173.114
1288	33	255	665.864	71.773	20.971	7.251	5.795	105.239
1289	44	255	909.659	72.091	24.971	8.257	6.785	171.694
1290	46	255	71.804	69.935	25.556	8.364	7.003	75.887
1291	41	255	94.061	69.939	22.728	8.290	6.297	76.783
1292	54	255	1096.870	69.167	30.385	9.583	7.175	116.502
1293	81	255	296.327	68.525	34.042	13.261	7.777	157.919
1294	77	255	1067.149	68.539	31.556	10.535	9.306	163.129
1295	45	255	436.833	67.278	30.971	9.372	6.113	94.914
1296	1	255	481.500	70.500	2.828	1.128	1.128	0.000
1297	49	255	31.929	66.112	25.799	8.091	7.711	53.560
1298	61	255	642.943	64.205	30.385	10.849	7.159	58.838
1299	72	255	390.903	61.708	31.799	12.269	7.472	71.380
1300	25	255	545.220	64.780	18.728	6.477	4.915	23.811
1301	69	255	356.007	61.007	35.698	10.881	8.074	50.644
1302	71	255	290.824	60.387	30.627	9.749	9.272	117.963
1303	52	255	971.538	61.673	27.213	9.166	7.223	179.289
1304	59	255	1125.703	60.873	27.799	9.721	7.728	153.268
1305	57	255	537.149	59.254	26.971	9.379	7.738	67.381
1306	42	255	931.595	59.762	24.971	8.195	6.526	95.007
1307	70	255	375.371	58.343	28.971	9.632	9.253	33.343
1308	55	255	168.318	56.955	27.799	10.236	6.841	69.897
1309	41	255	857.207	57.305	23.556	8.070	6.469	96.881
1310	46	255	954.370	56.217	24.728	8.382	6.988	63.490
1311	53	255	1020.783	55.934	28.385	9.968	6.770	139.815
1312	62	255	49.387	55.032	29.799	10.605	7.444	149.703
1313	27	255	792.574	55.907	17.899	6.451	5.329	102.492
1314	68	255	100.485	52.691	29.799	11.008	7.865	126.241
1315	40	255	364.075	52.375	23.556	8.621	5.908	91.743
1316	38	255	417.395	53.605	28.385	8.146	5.939	59.898
1317	131	255	530.790	50.019	43.456	16.290	10.239	140.655
1318	35	255	188.929	52.586	20.728	7.742	5.756	120.907
1319	44	255	284.091	50.614	27.799	9.425	5.944	80.311
1320	60	255	30.550	50.417	27.799	9.590	7.966	53.446
1321	47	255	511.351	50.564	26.971	9.314	6.425	27.516
1322	53	255	772.877	50.745	28.385	9.093	7.421	20.347
1323	26	255	965.000	52.000	19.556	6.383	5.186	65.050
1324	42	255	5.310	50.952	23.314	8.410	6.359	16.803
1325	95	255	62.921	45.847	35.213	11.991	10.088	14.746
1326	44	255	331.955	47.114	26.385	8.680	6.454	159.065
1327	79	255	954.728	44.310	48.527	12.171	8.265	58.437
1328	46	255	232.435	45.522	24.971	9.478	6.179	57.116
1329	54	255	369.870	45.796	26.142	8.427	8.159	82.104
1330	48	255	518.854	46.438	24.385	8.696	7.028	15.857
1331	72	255	892.222	45.389	32.627	10.473	8.753	167.410
1332	83	255	1080.006	44.440	33.213	10.574	9.994	38.522
1333	61	255	176.533	44.893	29.213	10.988	7.068	29.275
1334	89	255	840.163	42.140	34.627	11.352	9.982	89.230
1335	68	255	291.926	41.029	37.698	9.640	8.982	73.252
1336	66	255	464.545	41.076	29.213	10.269	8.183	129.801
1337	27	255	1066.574	42.463	18.728	6.681	5.145	109.164
1338	70	255	10.357	39.400	31.213	12.104	7.363	61.519
1339	55	255	82.609	40.791	26.971	8.977	7.801	99.018
1340	46	255	378.174	40.717	25.556	8.653	6.768	31.148
1341	54	255	307.833	38.519	25.799	8.870	7.751	76.381
1342	86	255	423.767	38.430	34.042	12.073	9.070	5.927
1343	33	255	811.076	40.227	20.728	7.143	5.882	177.077
1344	52	255	43.519	37.885	26.385	8.328	7.950	99.651
1345	69	255	246.848	34.080	33.456	9.531	9.218	142.418
1346	40	255	1075.050	34.700	23.799	8.077	6.305	164.408
1347	81	255	1140.858	32.907	36.284	11.000	9.376	10.045
1348	70	255	1152.100	34.157	32.385	10.070	8.851	179.144
1349	29	255	68.914	33.569	19.071	6.697	5.514	11.170
1350	119	255	335.466	30.164	39.456	12.850	11.791	19.815
1351	49	255	96.010	30.316	24.971	8.466	7.370	18.862
1352	53	255	322.783	28.500	25.556	8.514	7.926	156.737
1353	57	255	34.184	27.026	26.971	9.447	7.683	147.480
1354	69	255	290.094	26.688	29.213	9.706	9.052	172.761
1355	47	255	301.074	26.989	24.971	8.319	7.194	88.043
1356	88	255	496.807	24.716	33.799	11.585	9.671	33.339
1357	48	255	360.771	24.458	31.799	8.925	6.848	78.326
1358	85	255	409.041	23.053	34.627	12.871	8.409	111.748
1359	78	255	471.679	23.449	32.385	10.878	9.129	74.906
1360	37	255	1089.608	24.662	27.799	7.596	6.202	39.128
1361	59	255	423.415	22.636	28.728	10.448	7.190	78.705
1362	56	255	70.589	23.196	27.556	8.755	8.144	41.373
1363	43	255	635.895	23.407	23.556	7.704	7.106	145.374
1364	48	255	824.542	22.750	33.799	8.818	6.931	80.789
1365	33	255	432.955	22.773	20.971	7.755	5.418	176.447
1366	49	255	699.071	21.724	34.870	9.879	6.315	170.372
1367	54	255	925.870	21.815	26.385	8.739	7.867	74.727
1368	55	255	114.500	20.736	26.385	9.045	7.742	3.744
1369	14	255	595.214	20.429	16.728	5.603	3.182	80.059
1370	43	255	8.360	19.500	23.314	7.534	7.267	90.000
1371	30	255	815.967	18.767	22.142	6.751	5.658	126.498
1372	84	255	1150.714	18.143	38.870	11.756	9.097	9.267
1373	69	255	31.732	15.804	29.799	10.196	8.616	112.410
1374	30	255	94.800	17.700	20.485	6.404	5.964	99.462
1375	50	255	330.620	16.200	25.799	8.474	7.513	150.152
1376	49	255	318.071	14.582	28.971	8.703	7.169	159.926
1377	76	255	718.526	14.408	31.556	10.128	9.554	31.058
1378	67	255	1045.530	13.261	32.385	10.122	8.428	145.928
1379	28	255	1139.679	13.750	25.556	8.301	4.295	152.478
1380	58	255	517.224	12.276	31.456	13.825	5.341	145.104
1381	24	255	832.542	13.667	17.314	6.187	4.939	110.598
1382	77	255	849.149	10.565	32.971	12.480	7.856	76.332
1383	89	255	343.792	10.309	42.284	11.466	9.883	141.563
1384	54	255	353.407	10.204	29.213	10.777	6.380	91.186
1385	92	255	364.859	9.717	38.870	12.404	9.443	129.460
1386	88	255	384.886	10.023	33.799	11.193	10.011	105.288
1387	72	255	250.264	10.847	31.799	12.420	7.381	166.948
1388	35	255	545.643	10.386	22.142	8.026	5.552	117.123
1389	60	255	1106.200	9.533	38.627	9.641	7.924	99.016
1390	27	255	1169.870	12.278	18.728	6.838	5.028	144.056
1391	70	255	80.486	10.314	31.799	11.396	7.821	171.979
1392	27	255	534.315	10.685	18.142	6.625	5.189	45.001
1393	36	255	1095.306	9.972	22.971	7.737	5.924	122.308
1394	46	255	1208.543	9.630	36.042	8.712	6.723	30.351
1395	30	255	654.867	9.767	19.314	6.884	5.549	130.629
1396	32	255	869.219	9.312	19.556	6.594	6.179	98.985
1397	94	255	454.936	4.915	34.042	11.824	10.122	95.208
1398	52	255	64.192	5.885	26.971	8.988	7.366	155.070
1399	44	255	678.341	5.568	27.799	8.137	6.885	115.335
1400	58	255	412.586	5.017	26.971	9.521	7.756	165.321
1401	40	255	427.525	5.575	24.142	8.025	6.346	134.196
1402	36	255	1069.417	5.028	22.728	7.559	6.064	147.954
1403	44	255	486.068	4.568	23.556	7.969	7.030	167.096
1404	45	255	1137.611	4.078	23.556	7.797	7.349	80.721
1405	40	255	994.450	2.325	22.142	7.315	6.962	30.770
1406	33	255	1201.955	2.015	28.627	8.418	4.992	147.646
1407	33	255	2.803	1.803	20.485	7.041	5.968	135.000
1408	31	255	470.468	1.210	26.971	7.713	5.117	17.331
1409	24	255	337.583	0.875	18.728	6.652	4.594	4.827
1410	24	255	529.708	0.792	17.899	7.218	4.233	5.906
1411	19	255	14.184	0.289	17.899	7.730	3.129	0.650
1412	8	255	441.750	-0.250	13.071	5.666	1.798	175.269
1413	4	255	535.000	0.000	5.657	2.257	2.257	0.000
1414	1	255	872.500	-0.500	2.828	1.128	1.128	0.000
