 	Area	Mean	XM	YM	Perim.	Major	Minor	Angle
1	16	255	92.500	902.062	19.071	9.158	2.224	0.000
2	19	255	294.605	901.711	17.899	7.854	3.080	4.753
3	18	255	374.000	901.722	17.899	7.241	3.165	0.000
4	3	255	394.500	902.500	6.243	3.385	1.128	0.000
5	359	255	533.503	896.522	91.598	29.496	15.497	173.033
6	16	255	823.500	902.062	19.071	9.158	2.224	0.000
7	50	255	842.380	898.840	42.042	9.493	6.706	179.390
8	10	255	856.400	902.300	17.071	8.265	1.540	4.924
9	43	255	924.965	897.360	34.042	8.376	6.536	87.221
10	1	255	928.500	902.500	2.828	1.128	1.128	0.000
11	44	255	1001.386	900.841	34.385	10.029	5.586	4.320
12	277	255	1017.883	895.915	77.841	24.358	14.479	17.790
13	55	255	1037.082	899.955	38.042	10.279	6.813	155.755
14	24	255	1080.333	899.792	20.142	6.027	5.070	141.954
15	1124	255	568.448	879.757	153.924	60.803	23.537	149.257
16	931	255	987.659	882.259	131.338	43.744	27.098	37.875
17	25	255	1100.340	895.940	24.627	8.378	3.800	118.451
18	65	255	758.100	892.792	47.941	9.215	8.981	47.275
19	2	255	1043.500	898.000	4.828	2.257	1.128	90.000
20	43	255	404.105	895.058	24.385	9.777	5.600	176.308
21	65	255	739.669	892.408	29.213	9.933	8.332	53.236
22	18	255	1167.222	894.833	18.971	5.656	4.052	158.393
23	3	255	493.167	895.167	5.657	2.365	1.615	135.000
24	1	255	1042.500	895.500	2.828	1.128	1.128	0.000
25	36	255	494.500	889.806	30.870	8.868	5.169	156.236
26	39	255	39.372	889.244	28.971	7.707	6.443	113.856
27	4	255	249.750	890.500	8.485	3.676	1.385	140.310
28	23	255	946.065	888.283	23.556	7.883	3.715	154.774
29	54	255	248.815	884.481	35.799	10.649	6.456	134.878
30	33	255	368.258	888.106	21.314	7.146	5.880	44.854
31	40	255	725.500	886.075	29.213	9.928	5.130	74.282
32	50	255	650.860	883.300	34.627	9.558	6.660	120.468
33	3	255	653.833	888.500	7.657	3.213	1.189	118.155
34	29	255	159.672	884.810	19.556	6.646	5.556	89.015
35	35	255	311.929	884.186	26.142	8.090	5.508	49.037
36	38	255	479.158	879.263	29.799	7.666	6.312	23.297
37	20	255	671.900	880.700	17.314	6.243	4.079	75.362
38	31	255	873.726	878.919	20.728	7.429	5.313	124.395
39	75	255	1067.980	878.140	31.799	10.403	9.179	8.610
40	24	255	1195.833	880.042	23.799	5.959	5.128	130.525
41	31	255	371.177	879.758	23.799	8.526	4.630	6.179
42	38	255	863.026	877.658	21.899	7.535	6.421	70.658
43	1	255	675.500	878.500	2.828	1.128	1.128	0.000
44	17	255	1089.676	875.559	19.314	5.614	3.856	47.982
45	745	255	612.527	858.661	125.983	44.563	21.286	149.786
46	33	255	770.561	873.561	28.142	8.139	5.163	66.772
47	38	255	509.579	872.605	29.799	8.750	5.529	1.515
48	43	255	804.570	868.826	33.456	9.778	5.599	107.204
49	65	255	703.746	868.054	44.527	10.377	7.976	166.869
50	62	255	331.565	864.403	44.627	10.341	7.633	75.202
51	1	255	331.500	870.500	2.828	1.128	1.128	0.000
52	31	255	734.242	867.661	23.799	8.177	4.827	12.449
53	36	255	251.500	864.806	27.556	7.800	5.876	23.498
54	519	255	973.887	855.535	101.497	29.757	22.207	169.894
55	2	255	248.000	867.500	4.243	2.257	1.128	0.000
56	12	255	429.000	866.000	11.314	3.909	3.909	0.000
57	29	255	648.672	863.948	22.142	6.672	5.534	133.960
58	64	255	1207.109	863.250	45.355	10.361	7.865	31.566
59	38	255	924.105	862.974	28.042	8.223	5.884	74.321
60	33	255	119.167	862.864	23.799	7.430	5.655	9.955
61	43	255	828.360	860.779	40.284	8.886	6.162	158.362
62	1	255	832.500	864.500	2.828	1.128	1.128	0.000
63	25	255	1154.180	861.380	23.556	6.808	4.676	175.197
64	3	255	25.167	863.167	5.657	2.365	1.615	135.000
65	39	255	951.910	861.090	26.385	8.402	5.910	5.522
66	27	255	1084.685	861.389	18.728	6.921	4.967	48.187
67	21	255	1120.690	859.690	29.799	6.254	4.275	139.212
68	34	255	766.147	858.147	31.799	8.470	5.111	159.552
69	59	255	235.212	856.076	47.113	10.187	7.374	49.042
70	21	255	25.548	858.262	18.142	5.324	5.022	50.420
71	2	255	657.000	860.500	4.243	2.257	1.128	0.000
72	1091	255	656.937	841.730	159.539	58.336	23.812	155.398
73	4	255	928.000	859.000	5.657	2.257	2.257	0.000
74	22	255	792.318	855.955	18.142	5.825	4.809	134.682
75	2	255	659.500	857.000	4.828	2.257	1.128	90.000
76	38	255	253.842	851.342	30.627	8.069	5.996	136.115
77	1	255	787.500	855.500	2.828	1.128	1.128	0.000
78	78	255	593.218	849.833	31.213	11.273	8.810	41.888
79	2	255	258.500	853.000	4.828	2.257	1.128	90.000
80	58	255	508.810	849.793	43.456	8.641	8.547	43.476
81	43	255	49.128	849.663	24.385	7.861	6.965	168.302
82	30	255	563.400	847.833	24.728	7.387	5.171	75.465
83	25	255	841.260	848.140	17.556	6.132	5.191	57.332
84	37	255	1051.905	846.338	21.556	6.990	6.739	93.985
85	86	255	305.826	843.395	33.213	11.187	9.788	80.873
86	31	255	467.823	845.468	24.971	9.037	4.368	33.226
87	55	255	774.591	842.464	46.527	8.952	7.823	134.603
88	36	255	811.861	842.917	26.971	7.983	5.742	117.784
89	2690	255	933.897	808.667	267.664	107.287	31.924	33.745
90	46	255	569.283	840.783	35.456	9.389	6.238	75.026
91	33	255	1038.167	841.470	29.213	8.356	5.028	164.351
92	33	255	415.470	840.652	27.213	7.794	5.391	168.894
93	34	255	250.676	839.941	23.556	8.151	5.311	160.462
94	3054	255	742.402	808.068	328.250	138.393	28.097	160.294
95	28	255	1165.143	838.464	34.627	6.938	5.138	46.873
96	29	255	1219.672	839.879	20.142	6.950	5.313	49.966
97	22	255	619.364	839.136	16.728	6.297	4.449	67.984
98	28	255	922.714	839.071	18.142	6.250	5.704	55.197
99	1	255	1159.500	839.500	2.828	1.128	1.128	0.000
100	63	255	611.119	832.563	46.284	9.447	8.491	151.459
101	3	255	218.167	837.167	5.657	2.365	1.615	135.000
102	1	255	1159.500	837.500	2.828	1.128	1.128	0.000
103	52	255	218.500	831.712	33.799	10.332	6.408	156.707
104	29	255	1114.879	832.810	23.314	6.694	5.516	149.295
105	91	255	319.599	830.390	42.284	11.171	10.372	28.483
106	53	255	527.877	830.991	44.527	9.162	7.365	111.240
107	2	255	619.000	834.000	5.657	2.596	0.981	135.000
108	1	255	622.500	834.500	2.828	1.128	1.128	0.000
109	3	255	599.833	833.167	5.657	2.365	1.615	45.000
110	42	255	182.548	829.238	30.042	9.822	5.444	160.636
111	35	255	1031.329	829.243	26.971	8.729	5.105	135.936
112	33	255	1077.621	828.379	26.042	7.481	5.616	16.700
113	4	255	591.500	829.000	7.071	3.216	1.583	148.283
114	32	255	1204.875	823.844	30.385	7.913	5.149	149.620
115	32	255	65.281	825.500	26.971	9.628	4.232	6.604
116	33	255	300.712	823.197	21.556	6.929	6.064	4.903
117	33	255	556.712	823.712	20.142	7.176	5.855	17.515
118	2	255	1127.500	826.000	4.828	2.257	1.128	90.000
119	42	255	742.571	822.452	23.556	7.810	6.847	178.738
120	31	255	2.339	821.145	19.899	7.397	5.336	106.673
121	29	255	492.190	821.603	24.385	6.597	5.597	155.509
122	57	255	166.781	819.325	47.355	9.493	7.645	7.991
123	35	255	567.014	820.729	28.627	8.692	5.127	38.972
124	37	255	1129.527	820.959	24.142	7.943	5.931	2.082
125	23	255	50.022	819.891	20.142	6.055	4.836	8.267
126	30	255	274.400	820.100	25.314	8.380	4.558	149.900
127	31	255	204.565	817.500	21.556	7.682	5.138	103.626
128	61	255	842.615	815.172	36.042	9.245	8.401	9.083
129	25	255	578.900	815.860	18.142	5.747	5.539	152.496
130	71	255	263.669	813.669	32.385	11.805	7.658	26.032
131	44	255	458.409	812.159	38.042	7.836	7.149	166.807
132	48	255	293.875	812.438	24.385	8.145	7.504	142.917
133	4	255	214.000	812.000	5.657	2.257	2.257	0.000
134	1	255	216.500	812.500	2.828	1.128	1.128	0.000
135	47	255	498.968	809.309	36.870	8.963	6.677	156.411
136	1753	255	860.065	788.732	179.640	59.293	37.643	177.900
137	52	255	422.500	804.096	38.870	8.865	7.468	141.306
138	2	255	1122.500	808.000	4.828	2.257	1.128	90.000
139	35	255	229.014	803.186	36.627	7.416	6.009	0.560
140	23	255	270.022	805.630	18.142	6.722	4.356	175.082
141	1	255	228.500	806.500	2.828	1.128	1.128	0.000
142	49	255	573.173	800.235	34.971	9.808	6.361	128.817
143	1	255	573.500	806.500	2.828	1.128	1.128	0.000
144	8	255	1137.375	804.625	12.485	4.326	2.355	96.170
145	30	255	369.200	801.600	23.556	9.316	4.100	99.230
146	27	255	1127.389	803.574	21.556	6.982	4.924	161.593
147	38	255	339.079	799.947	30.627	8.142	5.943	42.665
148	27	255	387.611	801.463	18.142	6.624	5.190	103.826
149	3	255	499.167	804.167	5.657	2.365	1.615	135.000
150	42	255	511.119	800.333	34.870	8.601	6.217	170.640
151	1	255	513.500	804.500	2.828	1.128	1.128	0.000
152	587	255	820.275	792.526	101.355	29.319	25.492	170.730
153	39	255	83.090	799.577	27.213	8.767	5.664	127.656
154	67	255	124.590	797.142	44.527	9.837	8.672	115.420
155	4	255	273.000	801.000	5.657	2.257	2.257	0.000
156	5	255	382.900	800.100	9.657	4.076	1.562	69.006
157	46	255	207.391	796.413	41.698	8.453	6.929	65.287
158	1	255	460.500	800.500	2.828	1.128	1.128	0.000
159	44	255	433.523	795.000	27.213	7.929	7.065	63.887
160	64	255	561.594	792.312	50.770	10.030	8.124	154.000
161	26	255	218.000	794.500	18.971	7.773	4.259	56.310
162	39	255	401.372	791.013	30.042	8.307	5.978	84.553
163	16	255	476.562	795.188	13.899	5.325	3.826	18.435
164	66	255	419.121	791.833	41.456	10.388	8.089	166.729
165	7	255	461.500	794.929	10.485	4.134	2.156	27.231
166	24	255	1004.042	790.833	21.314	7.623	4.009	135.234
167	41	255	1137.866	789.427	30.971	9.205	5.671	137.688
168	4	255	988.250	792.750	8.485	3.589	1.419	45.000
169	21	255	35.833	790.548	16.485	5.254	5.090	98.130
170	39	255	310.577	788.295	22.971	9.364	5.303	130.055
171	72	255	357.403	786.667	29.799	9.874	9.284	121.295
172	32	255	992.219	788.500	22.385	6.979	5.838	5.570
173	1	255	188.500	790.500	2.828	1.128	1.128	0.000
174	29	255	190.397	784.948	20.142	6.329	5.834	103.433
175	32	255	1167.656	782.531	25.799	8.103	5.028	80.065
176	39	255	149.628	782.244	27.213	8.303	5.981	120.213
177	2	255	418.000	786.500	4.243	2.257	1.128	0.000
178	42	255	544.952	779.476	33.799	9.967	5.365	113.514
179	40	255	78.375	776.800	31.456	8.790	5.794	82.599
180	85	255	292.053	777.865	32.385	10.530	10.277	28.572
181	3	255	74.500	780.500	6.828	3.385	1.128	90.000
182	33	255	578.227	778.197	24.971	7.087	5.929	178.892
183	18	255	588.833	778.944	15.314	5.895	3.888	67.308
184	32	255	1191.250	776.781	27.799	9.293	4.384	130.494
185	44	255	46.932	777.250	30.627	8.787	6.375	17.762
186	24	255	554.250	777.750	19.556	6.431	4.752	25.670
187	28	255	65.250	776.357	20.971	6.694	5.326	107.256
188	24	255	272.667	777.667	17.899	6.686	4.570	37.372
189	37	255	402.284	775.608	31.799	6.988	6.741	54.360
190	38	255	1139.421	775.737	36.042	7.676	6.303	151.906
191	1	255	1143.500	779.500	2.828	1.128	1.128	0.000
192	61	255	218.352	773.926	29.556	11.427	6.797	80.131
193	4	255	678.000	777.500	8.243	4.514	1.128	0.000
194	49	255	251.704	772.990	25.799	9.587	6.508	28.321
195	65	255	801.223	770.731	36.042	9.611	8.611	43.791
196	43	255	106.802	770.314	31.799	7.777	7.040	147.520
197	1	255	61.500	773.500	2.828	1.128	1.128	0.000
198	3	255	518.833	771.833	5.657	2.365	1.615	135.000
199	71	255	317.387	767.176	30.385	10.248	8.821	118.609
200	40	255	376.050	769.175	29.213	9.307	5.472	173.079
201	56	255	518.429	766.804	31.799	9.374	7.606	170.097
202	42	255	389.833	767.119	27.799	9.029	5.923	27.645
203	24	255	265.042	767.750	17.314	6.145	4.973	24.516
204	22	255	330.091	766.045	25.556	7.102	3.944	83.731
205	34	255	446.441	764.706	28.385	9.059	4.779	130.187
206	20	255	293.900	765.800	20.728	6.976	3.650	121.287
207	1	255	559.500	768.500	2.828	1.128	1.128	0.000
208	40	255	561.625	763.775	31.799	8.268	6.160	30.433
209	43	255	1051.919	763.198	33.213	9.324	5.872	141.681
210	15	255	59.167	766.033	14.485	4.923	3.879	121.542
211	27	255	582.796	764.352	22.728	8.233	4.175	79.308
212	90	255	24.978	761.356	34.042	11.505	9.960	54.389
213	45	255	232.100	761.211	38.870	9.127	6.277	139.489
214	48	255	497.708	762.250	25.799	9.226	6.624	102.772
215	49	255	599.602	762.969	40.627	8.321	7.497	75.968
216	36	255	635.528	763.333	29.799	7.977	5.746	68.409
217	33	255	202.015	760.409	26.385	6.828	6.154	144.885
218	6	255	0.667	761.500	11.657	4.630	1.650	90.000
219	24	255	191.292	757.750	17.556	5.870	5.206	133.652
220	18	255	954.000	759.111	15.314	6.191	3.702	20.265
221	32	255	272.906	756.656	20.728	6.972	5.844	142.004
222	47	255	473.245	756.372	32.627	9.412	6.358	25.867
223	3	255	141.167	758.167	5.657	2.365	1.615	135.000
224	40	255	215.725	755.700	34.042	7.783	6.544	152.193
225	30	255	380.000	755.333	25.799	7.839	4.872	136.097
226	2	255	468.500	758.000	4.828	2.257	1.128	90.000
227	42	255	590.643	752.857	31.698	7.455	7.173	175.195
228	56	255	620.804	753.018	47.355	8.817	8.087	37.404
229	32	255	170.969	753.969	22.971	6.776	6.013	37.352
230	39	255	442.372	753.397	29.213	9.070	5.475	162.204
231	25	255	876.940	751.900	24.142	7.636	4.169	125.471
232	32	255	138.750	752.781	20.385	6.742	6.043	134.274
233	40	255	857.200	751.600	23.556	7.716	6.601	105.767
234	34	255	254.324	750.588	21.556	7.748	5.587	39.523
235	51	255	98.912	748.716	30.971	8.929	7.273	179.065
236	43	255	393.314	747.500	38.042	8.209	6.669	34.293
237	43	255	487.453	749.267	23.556	8.226	6.656	65.202
238	30	255	927.700	749.433	24.971	8.713	4.384	152.100
239	2	255	826.000	750.500	4.243	2.257	1.128	0.000
240	44	255	829.159	745.500	37.456	7.912	7.081	168.225
241	3	255	863.500	749.833	7.071	3.213	1.189	28.155
242	26	255	330.308	747.115	19.314	6.554	5.051	87.955
243	1	255	1140.500	749.500	2.828	1.128	1.128	0.000
244	51	255	1142.892	744.382	33.456	8.945	7.260	24.826
245	44	255	560.364	745.750	27.799	10.049	5.575	175.636
246	3	255	85.167	746.833	5.657	2.365	1.615	45.000
247	49	255	263.990	741.929	39.456	9.103	6.854	31.622
248	64	255	527.469	742.516	28.971	9.415	8.655	67.132
249	27	255	814.759	742.352	25.556	6.655	5.166	136.275
250	37	255	145.095	742.473	22.142	7.374	6.388	124.317
251	21	255	83.167	742.357	15.899	5.538	4.828	129.608
252	32	255	445.125	741.625	20.728	6.805	5.987	93.883
253	49	255	651.561	739.969	43.456	9.641	6.471	88.341
254	1	255	440.500	742.500	2.828	1.128	1.128	0.000
255	6	255	949.000	741.500	9.899	4.633	1.649	140.310
256	82	255	68.537	734.976	33.456	11.331	9.214	50.275
257	36	255	497.306	734.889	31.213	8.847	5.181	61.048
258	31	255	6.177	736.468	22.971	7.709	5.120	77.327
259	37	255	488.392	733.338	28.142	8.185	5.755	139.250
260	26	255	397.808	734.577	23.556	5.944	5.570	39.539
261	16	255	577.750	734.562	15.899	5.834	3.492	78.293
262	4	255	820.500	736.000	8.828	4.514	1.128	90.000
263	63	255	688.135	731.770	28.971	10.470	7.661	74.262
264	46	255	740.283	732.196	33.213	9.003	6.506	11.913
265	25	255	824.620	732.540	17.899	6.091	5.226	60.580
266	4	255	877.750	733.750	7.657	3.192	1.596	71.565
267	78	255	903.628	729.000	31.213	10.165	9.770	123.838
268	45	255	562.078	728.522	32.385	8.603	6.660	170.133
269	29	255	257.086	728.603	20.385	6.740	5.478	83.834
270	67	255	476.157	726.007	31.799	11.692	7.296	111.539
271	43	255	891.337	725.663	32.627	10.303	5.314	116.503
272	38	255	233.974	727.737	22.385	7.286	6.641	155.734
273	46	255	406.283	725.043	37.456	7.952	7.365	115.746
274	46	255	766.348	724.674	36.627	8.829	6.633	142.407
275	3	255	767.500	730.167	7.071	3.213	1.189	151.845
276	43	255	455.267	724.895	28.627	9.260	5.912	120.313
277	45	255	199.278	724.411	26.627	8.213	6.976	84.815
278	5	255	449.700	727.100	7.657	3.144	2.025	161.565
279	33	255	438.015	723.439	23.556	7.804	5.384	109.278
280	2	255	846.000	725.500	4.243	2.257	1.128	0.000
281	55	255	983.355	721.773	42.527	10.873	6.440	37.994
282	26	255	643.000	722.269	18.142	6.091	5.435	115.470
283	41	255	842.573	720.866	31.213	9.795	5.330	4.603
284	113	255	882.412	715.774	51.113	15.204	9.463	55.167
285	26	255	81.423	720.077	19.556	5.942	5.571	62.752
286	8	255	434.250	719.500	16.485	5.230	1.948	118.306
287	33	255	813.167	718.652	30.042	7.215	5.824	152.670
288	2	255	224.000	720.500	4.243	2.257	1.128	0.000
289	63	255	363.833	714.008	47.113	9.809	8.177	101.064
290	29	255	754.397	717.707	21.556	7.366	5.013	22.262
291	46	255	224.000	715.065	29.799	8.516	6.877	64.594
292	2	255	648.500	719.000	4.828	2.257	1.128	90.000
293	40	255	1160.775	715.625	28.627	8.678	5.868	139.286
294	53	255	592.670	714.764	37.213	8.677	7.777	81.733
295	43	255	695.081	712.081	27.799	8.882	6.164	118.034
296	24	255	1137.750	714.958	21.556	7.241	4.220	161.156
297	2	255	646.000	716.500	4.243	2.257	1.128	0.000
298	1	255	683.500	716.500	2.828	1.128	1.128	0.000
299	23	255	683.065	712.848	18.142	6.058	4.834	6.817
300	28	255	543.429	709.357	23.556	8.179	4.359	135.120
301	26	255	523.231	710.038	22.385	7.861	4.211	1.964
302	26	255	92.731	709.038	20.142	6.128	5.402	118.902
303	52	255	155.808	705.154	38.284	8.379	7.902	141.257
304	35	255	1205.871	705.014	28.971	8.212	5.427	125.926
305	52	255	304.346	704.635	43.456	10.919	6.064	105.698
306	27	255	1122.019	707.574	18.728	6.530	5.265	2.048
307	49	255	674.520	704.622	33.213	9.820	6.353	35.809
308	44	255	878.477	704.273	24.385	8.064	6.947	100.094
309	7	255	337.929	705.643	11.071	3.644	2.446	67.500
310	41	255	268.402	701.354	34.042	10.206	5.115	67.243
311	38	255	278.974	700.105	31.799	8.079	5.989	62.921
312	3	255	611.167	705.167	5.657	2.365	1.615	135.000
313	3	255	15.833	703.833	5.657	2.365	1.615	135.000
314	1	255	95.500	704.500	2.828	1.128	1.128	0.000
315	31	255	137.565	699.919	25.799	7.406	5.330	143.273
316	1	255	525.500	703.500	2.828	1.128	1.128	0.000
317	2	255	706.000	703.000	5.657	2.596	0.981	45.000
318	28	255	10.464	700.393	18.971	7.024	5.075	26.058
319	25	255	509.900	699.420	19.314	5.803	5.486	178.142
320	30	255	522.900	698.333	22.971	7.527	5.075	165.352
321	29	255	703.362	698.431	24.971	6.232	5.925	118.016
322	1	255	528.500	700.500	2.828	1.128	1.128	0.000
323	33	255	640.894	695.470	29.799	8.693	4.833	42.304
324	40	255	891.300	695.750	35.456	7.483	6.806	69.236
325	30	255	972.133	695.733	24.385	8.602	4.440	103.841
326	1	255	505.500	699.500	2.828	1.128	1.128	0.000
327	45	255	560.100	693.878	38.627	8.095	7.078	58.731
328	51	255	172.853	690.833	40.042	9.137	7.107	68.307
329	2	255	534.000	696.500	4.243	2.257	1.128	0.000
330	20	255	658.200	692.400	20.971	6.889	3.696	130.067
331	3	255	1028.833	695.167	5.657	2.365	1.615	45.000
332	32	255	289.625	692.531	23.213	8.454	4.819	166.721
333	63	255	436.357	687.500	45.941	9.982	8.036	125.445
334	41	255	530.549	690.768	30.627	10.497	4.973	12.649
335	26	255	723.154	691.346	17.899	6.366	5.200	176.492
336	41	255	1146.134	690.549	33.213	7.933	6.581	51.388
337	1	255	321.500	692.500	2.828	1.128	1.128	0.000
338	53	255	369.198	689.066	25.799	8.673	7.781	173.066
339	1	255	601.500	692.500	2.828	1.128	1.128	0.000
340	34	255	604.471	688.029	28.971	7.146	6.058	50.435
341	31	255	1032.242	690.145	32.042	8.946	4.412	172.116
342	44	255	275.182	688.159	33.456	9.962	5.624	128.787
343	41	255	323.354	688.354	29.456	8.763	5.957	161.608
344	53	255	347.651	688.519	26.142	9.223	7.316	17.105
345	17	255	295.794	687.735	16.142	5.367	4.033	139.296
346	39	255	988.859	682.705	31.456	8.997	5.519	79.402
347	1	255	503.500	687.500	2.828	1.128	1.128	0.000
348	34	255	505.088	681.912	29.556	8.678	4.988	62.954
349	1	255	281.500	686.500	2.828	1.128	1.128	0.000
350	64	255	312.250	682.125	40.870	9.244	8.815	111.960
351	37	255	397.419	682.014	29.799	8.162	5.772	40.870
352	22	255	1018.045	683.045	24.142	7.518	3.726	99.378
353	25	255	61.500	682.900	18.142	6.033	5.276	112.500
354	88	255	89.000	680.125	33.213	11.008	10.179	76.275
355	15	255	291.100	684.100	13.071	4.659	4.099	135.000
356	23	255	756.283	683.109	16.728	6.015	4.869	80.444
357	40	255	54.000	680.500	32.042	9.622	5.293	88.637
358	36	255	185.111	679.694	30.627	8.059	5.688	71.291
359	33	255	718.742	680.742	25.799	7.238	5.805	10.751
360	46	255	523.109	679.022	35.456	10.683	5.483	0.583
361	42	255	1079.095	677.238	54.184	7.871	6.794	145.248
362	44	255	1091.295	677.091	47.698	8.770	6.388	108.540
363	76	255	424.553	676.461	31.213	10.901	8.877	163.762
364	55	255	71.300	674.682	28.142	10.347	6.768	83.346
365	2	255	63.500	678.000	4.828	2.257	1.128	90.000
366	2	255	642.000	678.500	4.243	2.257	1.128	0.000
367	34	255	839.118	673.647	27.556	9.287	4.661	31.432
368	33	255	626.167	670.227	29.556	7.392	5.684	136.247
369	33	255	643.712	673.076	22.971	7.113	5.907	6.675
370	32	255	1208.000	671.375	24.385	7.217	5.646	122.005
371	28	255	873.821	672.000	22.971	7.458	4.780	8.938
372	51	255	440.990	669.971	41.698	8.599	7.552	140.995
373	42	255	963.714	670.286	28.971	7.656	6.985	48.815
374	44	255	983.091	669.682	31.213	9.044	6.194	28.202
375	1	255	18.500	672.500	2.828	1.128	1.128	0.000
376	34	255	22.059	669.500	24.385	8.234	5.258	31.351
377	34	255	379.588	668.735	23.556	9.063	4.776	43.671
378	59	255	464.551	668.246	27.556	9.385	8.005	17.486
379	24	255	1108.417	668.167	18.142	6.131	4.984	62.303
380	41	255	1120.622	666.988	29.213	9.604	5.435	36.251
381	54	255	343.019	664.481	48.284	8.966	7.668	103.066
382	3	255	558.167	668.167	5.657	2.365	1.615	135.000
383	1	255	560.500	667.500	2.828	1.128	1.128	0.000
384	47	255	1142.394	663.223	30.627	8.499	7.041	68.499
385	2	255	215.000	666.500	4.243	2.257	1.128	0.000
386	50	255	215.120	660.840	36.042	9.250	6.882	32.814
387	59	255	311.992	659.195	45.698	9.662	7.775	147.354
388	43	255	562.151	663.035	32.042	10.256	5.338	170.071
389	32	255	40.156	662.031	19.899	6.780	6.009	51.782
390	1	255	1000.500	664.500	2.828	1.128	1.128	0.000
391	44	255	790.023	657.318	36.284	9.763	5.738	108.282
392	2	255	997.500	663.000	4.828	2.257	1.128	90.000
393	7	255	795.214	660.214	13.657	5.930	1.503	100.822
394	1	255	1132.500	662.500	2.828	1.128	1.128	0.000
395	33	255	721.409	657.955	21.556	7.690	5.464	148.246
396	50	255	883.840	658.200	34.284	10.410	6.115	163.324
397	88	255	158.716	655.330	33.456	10.736	10.436	68.112
398	33	255	1002.591	657.742	21.556	6.796	6.183	37.124
399	27	255	1130.315	657.648	18.728	7.157	4.803	160.858
400	22	255	296.409	655.773	17.314	6.103	4.590	127.027
401	39	255	712.859	655.269	30.385	8.633	5.752	22.256
402	40	255	338.750	653.625	30.284	9.203	5.534	117.587
403	1	255	706.500	657.500	2.828	1.128	1.128	0.000
404	22	255	958.682	655.409	29.213	6.193	4.523	7.254
405	4	255	366.500	656.000	7.071	3.216	1.583	31.717
406	25	255	1022.940	653.700	17.314	6.464	4.925	24.972
407	42	255	1102.262	650.548	31.213	8.967	5.963	162.398
408	40	255	1121.500	651.625	30.971	10.163	5.011	16.377
409	26	255	64.808	648.423	29.799	7.354	4.502	47.301
410	34	255	365.735	651.235	27.213	7.889	5.487	8.280
411	52	255	992.635	649.385	41.456	8.794	7.529	131.529
412	36	255	190.778	648.167	29.213	8.299	5.523	25.693
413	32	255	218.812	647.312	26.385	7.678	5.306	118.414
414	1	255	220.500	652.500	2.828	1.128	1.128	0.000
415	2	255	344.500	652.000	4.828	2.257	1.128	90.000
416	8	255	886.750	651.750	12.728	4.660	2.186	168.690
417	2	255	222.500	651.000	4.828	2.257	1.128	90.000
418	56	255	390.464	648.107	42.042	9.260	7.700	173.601
419	26	255	437.077	646.346	20.728	7.174	4.615	32.799
420	24	255	658.708	647.500	18.142	5.945	5.140	49.149
421	1	255	999.500	649.500	2.828	1.128	1.128	0.000
422	2	255	1131.500	646.000	4.828	2.257	1.128	90.000
423	3	255	662.833	645.167	5.657	2.365	1.615	45.000
424	4	255	1128.250	644.250	7.657	3.192	1.596	71.565
425	39	255	497.064	641.346	30.627	8.735	5.685	135.970
426	1	255	58.500	643.500	2.828	1.128	1.128	0.000
427	61	255	90.713	638.516	47.113	9.423	8.243	77.831
428	8	255	522.125	641.875	15.314	3.568	2.855	135.000
429	6	255	60.833	640.333	12.485	4.391	1.740	93.995
430	33	255	397.470	638.197	47.355	7.068	5.945	161.260
431	35	255	442.786	639.071	29.213	8.988	4.958	29.187
432	49	255	183.500	638.439	24.971	9.082	6.870	167.088
433	4	255	57.000	640.000	5.657	2.257	2.257	0.000
434	48	255	553.062	636.604	40.385	9.835	6.214	75.833
435	44	255	1131.795	637.568	24.971	8.013	6.991	168.118
436	33	255	263.742	636.712	21.556	7.192	5.842	12.837
437	53	255	880.066	635.972	26.142	8.686	7.769	57.949
438	34	255	759.676	634.676	20.728	6.993	6.191	169.873
439	39	255	24.038	630.321	30.971	8.662	5.733	36.304
440	29	255	347.190	633.052	18.728	6.269	5.890	145.305
441	16	255	901.188	632.625	16.728	5.962	3.417	45.306
442	20	255	1097.400	632.450	15.314	5.251	4.849	116.565
443	45	255	120.433	627.856	30.627	9.189	6.235	92.300
444	47	255	213.670	629.053	32.627	9.899	6.045	168.998
445	1	255	218.500	632.500	2.828	1.128	1.128	0.000
446	43	255	472.291	629.384	24.142	7.855	6.970	96.456
447	39	255	1041.423	629.500	22.142	7.248	6.851	12.584
448	32	255	1118.156	628.969	26.142	7.154	5.695	141.255
449	20	255	1083.950	629.450	16.142	5.432	4.688	8.086
450	35	255	1018.243	627.700	30.971	7.776	5.731	50.719
451	44	255	239.727	625.091	34.284	8.458	6.623	140.162
452	53	255	662.764	621.877	39.698	9.764	6.911	79.029
453	54	255	1004.056	622.704	44.042	9.779	7.031	7.960
454	1	255	1001.500	626.500	2.828	1.128	1.128	0.000
455	36	255	134.194	619.556	30.971	7.553	6.068	70.586
456	1	255	456.500	623.500	2.828	1.128	1.128	0.000
457	42	255	461.357	620.571	28.385	10.714	4.991	16.323
458	43	255	578.942	620.942	22.728	8.566	6.392	175.865
459	2	255	417.000	622.500	4.243	2.257	1.128	0.000
460	6	255	656.167	621.000	9.657	3.718	2.055	90.000
461	2	255	1020.000	622.500	4.243	2.257	1.128	0.000
462	53	255	94.858	617.764	44.284	9.037	7.467	56.960
463	36	255	413.944	617.972	28.627	8.518	5.381	6.892
464	24	255	535.250	618.625	22.142	6.686	4.571	169.695
465	46	255	1177.478	615.217	32.870	9.526	6.148	106.975
466	32	255	1058.531	617.219	28.385	7.725	5.274	45.474
467	51	255	1162.402	612.167	37.456	9.523	6.819	101.046
468	39	255	291.321	612.705	35.113	8.892	5.584	45.484
469	44	255	792.023	613.636	44.284	11.922	4.699	153.722
470	23	255	958.761	614.283	25.213	7.971	3.674	20.519
471	36	255	169.833	612.889	26.971	8.184	5.601	150.765
472	64	255	450.688	611.375	47.113	9.899	8.232	166.621
473	2	255	425.000	614.500	4.243	2.257	1.128	0.000
474	7	255	1214.500	613.071	12.728	5.937	1.501	41.740
475	39	255	104.936	610.192	27.799	8.013	6.197	146.300
476	40	255	558.400	610.000	30.971	8.445	6.030	123.714
477	18	255	979.500	611.167	14.485	5.349	4.285	0.000
478	37	255	1219.257	608.176	24.385	7.805	6.036	85.138
479	70	255	397.886	607.514	29.799	9.996	8.916	12.838
480	2	255	421.500	611.000	4.828	2.257	1.128	90.000
481	29	255	426.810	609.052	20.142	7.226	5.110	16.557
482	4	255	564.000	610.500	7.657	3.216	1.583	121.717
483	35	255	817.014	608.271	35.456	9.357	4.763	1.443
484	1	255	835.500	611.500	2.828	1.128	1.128	0.000
485	72	255	190.111	606.597	30.385	10.938	8.381	30.226
486	32	255	384.188	607.625	24.971	7.888	5.165	28.617
487	2	255	833.500	610.000	4.828	2.257	1.128	90.000
488	29	255	838.155	607.776	18.728	6.548	5.639	35.450
489	41	255	1073.524	605.768	29.799	8.439	6.186	147.709
490	3	255	789.833	608.167	5.657	2.365	1.615	45.000
491	35	255	170.757	604.214	24.385	7.628	5.842	18.430
492	56	255	320.071	602.857	50.184	9.450	7.545	48.851
493	19	255	884.658	605.132	17.314	6.394	3.784	36.772
494	28	255	372.750	602.536	22.142	7.484	4.764	80.161
495	2	255	792.000	606.500	4.243	2.257	1.128	0.000
496	37	255	1137.716	603.392	30.385	9.110	5.171	126.310
497	9	255	591.167	604.611	10.485	3.919	2.924	20.301
498	33	255	519.106	601.167	24.385	6.806	6.174	170.114
499	26	255	675.192	601.846	22.142	7.130	4.643	129.038
500	24	255	757.708	601.083	18.385	6.251	4.888	128.076
501	68	255	13.662	597.500	29.799	9.840	8.799	39.070
502	33	255	94.348	597.106	24.142	8.411	4.996	87.228
503	36	255	120.194	596.000	26.385	9.672	4.739	130.289
504	38	255	364.026	595.737	37.941	8.053	6.008	143.716
505	63	255	430.198	595.563	27.799	9.204	8.715	62.890
506	64	255	608.375	595.641	28.385	9.596	8.492	35.162
507	46	255	737.087	593.891	36.284	9.995	5.860	153.716
508	17	255	819.618	597.088	13.899	5.229	4.140	15.172
509	1	255	282.500	597.500	2.828	1.128	1.128	0.000
510	6	255	286.667	596.167	10.485	4.606	1.658	119.233
511	8	255	548.500	595.500	11.071	3.726	2.734	0.000
512	35	255	632.700	591.329	27.556	8.503	5.241	44.853
513	34	255	284.176	590.471	20.728	6.876	6.296	101.586
514	30	255	752.833	590.500	26.627	8.539	4.473	43.576
515	47	255	880.266	589.181	42.527	8.159	7.334	28.055
516	44	255	379.023	589.318	27.799	8.789	6.374	158.020
517	1	255	522.500	592.500	2.828	1.128	1.128	0.000
518	9	255	708.611	590.833	14.142	6.063	1.890	46.363
519	1	255	908.500	592.500	2.828	1.128	1.128	0.000
520	21	255	912.738	589.881	16.142	5.462	4.896	104.036
521	1	255	792.500	591.500	2.828	1.128	1.128	0.000
522	2	255	934.000	591.500	4.243	2.257	1.128	0.000
523	15	255	1111.300	589.033	17.314	5.745	3.324	140.328
524	23	255	1181.543	588.239	20.971	6.591	4.443	135.379
525	10	255	712.000	588.100	18.142	5.577	2.283	47.090
526	30	255	792.900	587.333	25.213	7.723	4.946	19.211
527	47	255	1031.989	586.691	36.284	8.604	6.955	36.907
528	48	255	174.042	585.479	36.870	8.439	7.242	24.783
529	1	255	303.500	589.500	2.828	1.128	1.128	0.000
530	41	255	848.866	586.256	22.971	7.759	6.728	12.860
531	41	255	936.500	586.500	22.142	7.892	6.615	45.001
532	39	255	59.756	585.141	30.042	8.862	5.603	77.322
533	31	255	299.048	585.532	21.556	6.788	5.815	50.997
534	33	255	770.197	584.227	36.042	7.425	5.659	157.740
535	2	255	931.000	588.500	4.243	2.257	1.128	0.000
536	33	255	144.227	583.773	22.728	6.931	6.062	51.772
537	4	255	90.500	586.000	7.071	3.216	1.583	31.717
538	4	255	230.000	586.000	5.657	2.257	2.257	0.000
539	2	255	304.500	586.000	4.828	2.257	1.128	90.000
540	75	255	130.273	581.620	31.799	10.827	8.820	21.944
541	39	255	233.808	581.526	35.698	8.566	5.797	164.413
542	37	255	920.554	582.176	26.971	8.527	5.525	38.226
543	42	255	1010.143	582.214	40.870	7.451	7.177	17.902
544	21	255	92.881	581.548	16.485	5.568	4.802	102.732
545	3	255	55.167	582.167	5.657	2.365	1.615	135.000
546	55	255	487.318	578.482	41.698	8.902	7.866	159.253
547	51	255	670.265	577.127	44.527	8.829	7.355	7.799
548	40	255	730.675	578.250	31.456	8.717	5.842	170.178
549	3	255	1195.833	581.167	5.657	2.365	1.615	45.000
550	25	255	1198.740	578.580	20.971	6.767	4.704	35.559
551	32	255	1040.031	574.750	27.556	8.831	4.614	120.123
552	13	255	1092.115	576.885	11.899	4.380	3.779	135.000
553	36	255	425.222	573.639	31.213	9.550	4.800	60.748
554	28	255	897.393	572.179	22.971	7.354	4.848	103.371
555	41	255	1218.646	571.110	40.284	7.932	6.581	151.988
556	40	255	62.175	571.175	25.799	8.356	6.095	82.966
557	31	255	108.371	572.113	29.213	6.633	5.950	132.684
558	1	255	902.500	574.500	2.828	1.128	1.128	0.000
559	57	255	46.886	566.746	43.941	9.912	7.322	142.920
560	62	255	520.323	567.306	28.385	9.077	8.697	88.129
561	18	255	723.167	569.389	15.899	6.248	3.668	114.857
562	41	255	157.476	566.646	23.556	8.010	6.517	176.206
563	34	255	327.265	565.088	26.971	7.279	5.948	133.640
564	3	255	330.167	569.167	5.657	2.365	1.615	135.000
565	31	255	581.565	566.532	22.971	7.377	5.351	16.546
566	31	255	650.081	566.758	27.799	6.983	5.653	145.027
567	2	255	57.000	568.500	4.243	2.257	1.128	0.000
568	50	255	411.420	564.080	41.698	8.359	7.616	40.946
569	4	255	426.000	568.000	5.657	2.257	2.257	0.000
570	29	255	989.362	561.466	23.799	7.461	4.949	132.756
571	25	255	139.620	562.220	23.556	6.803	4.679	113.278
572	47	255	57.543	560.202	37.213	9.833	6.086	163.710
573	44	255	858.591	559.864	23.556	7.747	7.231	99.293
574	38	255	900.132	560.342	30.385	9.681	4.997	29.962
575	11	255	535.318	561.409	13.314	5.017	2.792	39.345
576	50	255	217.820	556.600	42.870	9.699	6.564	52.208
577	1	255	289.500	561.500	2.828	1.128	1.128	0.000
578	35	255	359.500	558.414	25.799	6.803	6.550	14.431
579	35	255	927.243	558.329	28.385	9.229	4.829	43.084
580	2	255	512.000	559.500	4.243	2.257	1.128	0.000
581	44	255	602.000	554.932	41.941	7.565	7.406	20.235
582	40	255	290.900	556.200	26.385	8.477	6.008	175.787
583	21	255	733.738	555.262	28.385	6.987	3.827	168.658
584	59	255	97.483	553.517	31.456	9.004	8.343	52.622
585	1	255	734.500	557.500	2.828	1.128	1.128	0.000
586	28	255	257.821	553.857	20.142	7.682	4.641	41.149
587	18	255	512.056	554.667	14.728	4.974	4.608	99.100
588	6	255	697.500	556.000	7.657	3.385	2.257	0.000
589	24	255	997.167	551.458	22.971	7.171	4.261	93.878
590	32	255	1123.031	553.156	20.971	6.900	5.905	127.298
591	45	255	696.833	550.589	37.456	9.055	6.327	16.721
592	67	255	531.604	550.306	30.627	11.415	7.473	146.276
593	5	255	927.700	553.300	8.485	3.833	1.661	45.000
594	5	255	651.700	553.300	9.071	4.183	1.522	10.901
595	62	255	654.823	547.048	45.113	10.362	7.618	176.340
596	53	255	763.274	547.557	45.698	8.718	7.740	8.935
597	40	255	1038.000	549.225	34.042	8.530	5.971	50.695
598	40	255	385.000	548.050	29.799	8.618	5.910	138.885
599	3	255	389.167	551.167	5.657	2.365	1.615	135.000
600	31	255	354.081	547.984	20.728	6.489	6.082	82.897
601	35	255	666.729	547.243	24.971	7.394	6.027	144.718
602	8	255	484.625	548.750	10.485	3.961	2.571	7.796
603	25	255	150.540	546.580	20.142	6.126	5.196	40.040
604	1	255	259.500	546.500	2.828	1.128	1.128	0.000
605	51	255	1064.324	541.578	46.527	10.412	6.237	80.019
606	1	255	145.500	545.500	2.828	1.128	1.128	0.000
607	33	255	262.318	541.803	21.556	7.650	5.492	60.434
608	2	255	402.000	545.000	5.657	2.596	0.981	45.000
609	34	255	750.441	543.029	21.556	7.354	5.886	13.521
610	35	255	1172.929	542.329	40.284	7.227	6.166	172.254
611	41	255	303.134	538.939	30.627	8.753	5.964	89.747
612	19	255	778.553	540.605	21.556	9.442	2.562	120.549
613	1	255	306.500	543.500	2.828	1.128	1.128	0.000
614	35	255	404.757	540.729	22.728	8.119	5.488	30.042
615	30	255	849.900	537.667	26.971	8.005	4.772	121.455
616	46	255	1020.217	538.304	24.142	8.602	6.809	31.834
617	36	255	881.583	537.056	30.627	7.898	5.804	2.817
618	44	255	971.182	535.273	40.527	9.090	6.163	149.204
619	43	255	221.407	535.826	23.799	8.862	6.178	127.867
620	101	255	625.342	533.678	52.184	14.316	8.983	160.374
621	26	255	658.500	537.000	17.314	6.259	5.289	90.000
622	40	255	5.550	535.375	24.142	8.308	6.130	49.299
623	82	255	584.768	531.756	33.799	12.233	8.535	112.185
624	24	255	1095.083	535.333	17.314	6.322	4.834	9.740
625	40	255	152.300	533.375	27.799	10.229	4.979	10.664
626	66	255	174.212	531.394	47.113	11.169	7.524	66.403
627	1	255	146.500	535.500	2.828	1.128	1.128	0.000
628	1	255	216.500	535.500	2.828	1.128	1.128	0.000
629	1	255	662.500	535.500	2.828	1.128	1.128	0.000
630	23	255	730.239	532.978	16.971	5.664	5.170	35.398
631	40	255	711.000	529.950	30.627	8.901	5.722	93.655
632	68	255	184.706	527.279	53.941	11.634	7.442	89.773
633	23	255	690.630	529.065	23.556	7.863	3.725	6.696
634	3	255	726.167	530.833	5.657	2.365	1.615	45.000
635	4	255	715.500	527.000	8.828	4.514	1.128	90.000
636	53	255	95.311	524.066	26.142	8.437	7.998	70.490
637	41	255	255.402	524.866	23.556	8.125	6.425	29.540
638	49	255	503.949	522.724	39.456	8.277	7.538	3.384
639	37	255	129.419	524.041	21.314	7.326	6.430	9.268
640	43	255	441.337	521.058	36.284	8.774	6.240	143.427
641	37	255	466.365	523.149	29.799	8.960	5.258	177.046
642	2	255	479.000	525.000	5.657	2.596	0.981	45.000
643	84	255	998.286	521.071	32.971	10.807	9.896	126.157
644	28	255	1064.786	521.607	21.556	7.477	4.768	17.912
645	38	255	1083.263	520.368	22.971	7.250	6.674	75.568
646	1	255	1181.500	524.500	2.828	1.128	1.128	0.000
647	13	255	259.192	521.038	16.728	6.339	2.611	37.231
648	26	255	606.231	521.154	22.142	6.488	5.103	57.593
649	68	255	749.868	519.265	31.213	10.383	8.338	103.739
650	3	255	1185.500	523.500	6.243	3.385	1.128	0.000
651	30	255	477.933	519.200	19.556	6.716	5.688	63.512
652	1	255	482.500	521.500	2.828	1.128	1.128	0.000
653	1	255	1088.500	521.500	2.828	1.128	1.128	0.000
654	1	255	195.500	520.500	2.828	1.128	1.128	0.000
655	35	255	585.700	514.843	27.799	8.219	5.422	91.318
656	3	255	636.500	520.500	6.243	3.385	1.128	0.000
657	39	255	534.474	515.449	22.971	7.692	6.456	60.584
658	3	255	540.500	519.167	7.071	3.213	1.189	151.845
659	24	255	635.417	516.542	18.142	6.185	4.941	160.328
660	24	255	1011.583	515.667	18.971	7.267	4.205	157.441
661	4	255	541.000	516.000	5.657	2.257	2.257	0.000
662	20	255	827.550	514.600	15.314	5.251	4.849	153.435
663	1	255	596.500	515.500	2.828	1.128	1.128	0.000
664	1	255	604.500	515.500	2.828	1.128	1.128	0.000
665	55	255	652.664	511.464	47.113	10.261	6.825	177.833
666	30	255	411.900	511.333	22.728	8.574	4.455	107.272
667	33	255	594.712	510.015	29.799	7.726	5.438	168.454
668	34	255	212.029	509.676	29.213	9.075	4.770	178.273
669	39	255	230.500	509.064	28.627	8.108	6.124	102.733
670	28	255	403.143	507.286	25.556	8.281	4.305	107.008
671	28	255	996.929	509.607	24.971	7.763	4.592	96.549
672	39	255	7.782	506.423	38.284	7.930	6.262	121.503
673	1	255	122.500	511.500	2.828	1.128	1.128	0.000
674	32	255	125.000	507.344	24.385	7.599	5.361	51.804
675	30	255	461.000	508.000	26.385	9.404	4.062	78.167
676	25	255	489.820	508.260	26.971	7.412	4.295	69.624
677	5	255	552.500	511.300	11.071	4.839	1.316	11.749
678	18	255	738.389	509.833	23.556	5.868	3.906	20.949
679	12	255	1140.417	509.917	20.385	6.651	2.297	154.113
680	1	255	470.500	510.500	2.828	1.128	1.128	0.000
681	48	255	554.979	506.333	33.213	9.467	6.456	10.836
682	3	255	824.500	510.500	6.243	3.385	1.128	0.000
683	41	255	1052.183	506.646	31.799	8.994	5.804	95.609
684	31	255	346.371	505.855	19.899	6.748	5.849	57.382
685	32	255	471.375	504.906	25.556	7.389	5.514	18.209
686	58	255	570.948	504.448	47.698	9.228	8.002	106.105
687	5	255	1135.900	506.500	11.657	5.078	1.254	107.143
688	44	255	965.432	504.159	34.042	7.981	7.020	118.603
689	21	255	1017.500	505.500	20.971	5.805	4.606	65.593
690	41	255	282.402	501.159	34.042	7.741	6.744	77.030
691	2	255	1058.500	505.000	4.828	2.257	1.128	90.000
692	1	255	432.500	504.500	2.828	1.128	1.128	0.000
693	36	255	1172.806	499.222	31.456	7.856	5.835	58.739
694	50	255	432.420	497.320	44.627	9.465	6.726	85.822
695	4	255	885.500	503.000	7.071	3.216	1.583	148.283
696	2	255	880.500	502.000	4.828	2.257	1.128	90.000
697	34	255	1066.676	499.176	31.799	7.109	6.089	62.606
698	31	255	421.306	496.726	43.113	6.395	6.172	146.092
699	27	255	883.685	498.463	18.142	6.997	4.913	170.829
700	45	255	935.589	494.700	32.627	8.808	6.505	136.568
701	55	255	536.300	495.082	26.385	9.029	7.756	27.234
702	30	255	615.400	496.033	25.556	7.285	5.243	18.710
703	57	255	628.202	491.675	38.042	10.659	6.809	123.087
704	3	255	631.167	498.167	5.657	2.365	1.615	135.000
705	61	255	710.303	491.352	53.113	10.859	7.152	86.217
706	28	255	216.750	494.321	20.971	7.674	4.646	58.147
707	25	255	232.340	495.380	22.385	7.588	4.195	18.283
708	24	255	1052.792	494.542	17.314	5.766	5.299	21.038
709	4	255	1073.000	496.500	8.243	4.514	1.128	0.000
710	1	255	632.500	495.500	2.828	1.128	1.128	0.000
711	1	255	1076.500	495.500	2.828	1.128	1.128	0.000
712	43	255	83.547	491.151	31.456	10.009	5.470	36.922
713	21	255	297.310	491.881	19.556	5.201	5.141	143.350
714	26	255	681.500	492.269	22.142	7.048	4.697	49.704
715	24	255	1073.208	489.625	33.799	7.620	4.010	172.001
716	26	255	824.231	488.269	32.042	6.895	4.801	143.201
717	50	255	450.400	488.200	26.042	8.696	7.321	167.078
718	18	255	486.000	489.500	14.485	5.587	4.102	113.109
719	27	255	960.093	489.574	17.899	6.451	5.329	12.492
720	3	255	1123.500	491.167	7.071	3.213	1.189	151.845
721	40	255	1122.150	485.150	32.627	8.963	5.682	133.925
722	62	255	63.532	485.903	28.627	9.904	7.971	170.661
723	4	255	766.500	488.000	7.071	3.216	1.583	31.717
724	47	255	770.904	482.989	36.042	10.049	5.955	179.278
725	1	255	738.500	483.500	2.828	1.128	1.128	0.000
726	91	255	199.027	477.654	34.971	11.770	9.844	105.653
727	31	255	736.758	479.210	25.213	7.334	5.382	13.667
728	39	255	291.885	478.731	33.213	7.424	6.689	159.640
729	54	255	225.333	475.278	43.698	8.780	7.831	45.710
730	33	255	625.894	477.712	20.142	6.781	6.196	81.998
731	56	255	605.875	473.250	49.113	9.042	7.886	127.003
732	4	255	348.750	477.750	7.657	3.192	1.596	71.565
733	3	255	488.167	478.167	5.657	2.365	1.615	135.000
734	27	255	931.796	476.796	18.728	7.271	4.728	157.223
735	33	255	352.682	474.227	20.385	6.958	6.039	32.998
736	25	255	165.500	473.300	21.556	7.003	4.545	110.994
737	39	255	488.756	473.064	30.385	8.723	5.693	166.061
738	39	255	802.526	472.321	27.799	8.503	5.840	147.250
739	30	255	503.800	473.000	25.799	7.009	5.450	161.097
740	44	255	277.477	469.000	25.799	8.487	6.601	71.570
741	35	255	451.614	470.471	25.556	8.325	5.353	69.669
742	5	255	627.900	471.900	9.071	4.076	1.562	159.006
743	20	255	1095.300	469.300	17.899	6.321	4.029	136.703
744	43	255	415.337	466.384	27.556	7.769	7.047	136.305
745	31	255	1011.242	466.081	25.556	6.764	5.835	29.148
746	56	255	3.679	463.893	34.870	10.160	7.018	86.408
747	1	255	842.500	468.500	2.828	1.128	1.128	0.000
748	54	255	381.704	464.222	44.042	10.025	6.858	164.674
749	1	255	455.500	467.500	2.828	1.128	1.128	0.000
750	20	255	530.250	465.250	15.314	5.142	4.953	135.000
751	52	255	1198.788	464.212	25.556	8.224	8.051	134.989
752	3	255	686.500	466.500	6.243	3.385	1.128	0.000
753	1	255	453.500	465.500	2.828	1.128	1.128	0.000
754	9	255	567.500	464.500	9.657	3.385	3.385	0.000
755	51	255	618.167	461.657	26.142	9.627	6.745	103.608
756	30	255	690.833	462.100	22.385	6.557	5.825	170.521
757	36	255	498.611	460.583	31.799	7.175	6.388	57.884
758	29	255	511.431	459.293	24.728	7.426	4.972	145.294
759	2	255	684.500	463.000	4.828	2.257	1.128	90.000
760	38	255	87.342	458.737	26.971	9.311	5.196	108.066
761	29	255	636.879	460.052	19.899	6.751	5.469	56.948
762	66	255	941.076	455.212	49.941	10.151	8.278	92.473
763	23	255	1046.022	458.761	20.728	7.375	3.971	101.583
764	23	255	1151.630	459.326	17.071	5.836	5.018	37.892
765	13	255	570.192	459.115	16.142	4.753	3.483	7.018
766	49	255	69.847	455.663	41.698	8.816	7.077	168.350
767	19	255	308.447	457.395	19.556	6.820	3.547	46.776
768	36	255	758.556	455.222	31.799	8.043	5.699	163.205
769	1	255	304.500	457.500	2.828	1.128	1.128	0.000
770	62	255	661.129	452.387	53.941	9.513	8.299	137.796
771	28	255	424.821	453.250	18.728	6.267	5.689	47.612
772	22	255	541.909	453.864	17.899	7.138	3.924	17.448
773	27	255	793.426	451.722	22.728	6.717	5.118	118.108
774	24	255	1032.583	451.125	19.556	6.817	4.483	109.265
775	68	255	20.441	448.368	30.971	11.398	7.596	90.831
776	34	255	218.529	451.559	24.385	9.548	4.534	166.781
777	60	255	553.200	448.350	42.284	9.318	8.198	120.812
778	29	255	255.845	448.810	22.385	6.852	5.389	112.805
779	3	255	419.500	450.500	6.828	3.385	1.128	90.000
780	3	255	811.500	450.500	6.828	3.385	1.128	90.000
781	1	255	814.500	451.500	2.828	1.128	1.128	0.000
782	29	255	873.638	448.845	26.627	8.199	4.504	17.660
783	44	255	1094.705	448.182	23.556	8.047	6.962	71.346
784	26	255	162.846	445.538	24.385	7.949	4.164	51.640
785	28	255	756.786	446.286	24.728	7.316	4.873	162.697
786	2	255	260.500	447.000	4.828	2.257	1.128	90.000
787	42	255	450.786	443.452	30.870	8.684	6.158	164.977
788	57	255	330.553	440.202	41.113	10.967	6.617	87.616
789	36	255	814.528	443.667	23.556	6.979	6.567	121.977
790	4	255	335.500	444.000	8.828	4.514	1.128	90.000
791	27	255	393.389	441.537	23.799	7.647	4.495	52.099
792	24	255	230.333	441.250	17.556	5.765	5.300	75.416
793	23	255	902.196	440.065	28.627	6.290	4.656	134.570
794	34	255	892.559	439.353	26.385	8.258	5.242	77.330
795	1	255	905.500	442.500	2.828	1.128	1.128	0.000
796	20	255	419.600	438.450	15.314	5.251	4.849	63.435
797	30	255	1119.000	436.700	20.728	6.659	5.737	30.927
798	51	255	319.853	433.853	25.556	8.770	7.404	130.184
799	11	255	1044.682	435.955	16.142	4.601	3.044	167.869
800	2	255	128.000	436.500	4.243	2.257	1.128	0.000
801	29	255	505.569	434.638	22.971	7.470	4.943	165.781
802	45	255	612.967	431.122	38.042	8.779	6.526	130.472
803	36	255	365.361	432.917	26.971	8.244	5.560	18.086
804	31	255	1010.823	432.565	26.385	7.429	5.313	110.621
805	1	255	738.500	433.500	2.828	1.128	1.128	0.000
806	25	255	551.340	429.940	23.799	7.813	4.074	43.260
807	11	255	738.409	429.773	20.728	4.969	2.819	158.325
808	60	255	1098.817	428.333	44.870	9.156	8.344	85.763
809	58	255	214.552	426.983	44.527	10.209	7.233	119.640
810	55	255	249.282	426.936	40.870	9.762	7.174	99.946
811	1	255	289.500	430.500	2.828	1.128	1.128	0.000
812	41	255	568.378	425.817	31.213	8.915	5.856	109.336
813	6	255	188.333	427.833	12.728	3.856	1.981	15.945
814	27	255	290.130	425.722	19.314	6.134	5.604	165.009
815	38	255	371.500	425.053	34.042	9.021	5.363	62.547
816	57	255	410.395	425.167	26.971	9.253	7.843	12.886
817	24	255	524.167	426.125	22.728	6.577	4.646	53.156
818	1	255	519.500	426.500	2.828	1.128	1.128	0.000
819	34	255	870.412	422.235	32.870	7.004	6.181	39.656
820	24	255	187.083	422.083	17.314	6.236	4.901	78.140
821	2	255	574.500	424.000	4.828	2.257	1.128	90.000
822	37	255	194.959	419.635	28.627	9.911	4.753	70.084
823	28	255	795.107	419.179	23.556	6.955	5.126	122.342
824	55	255	465.009	415.482	47.113	10.495	6.672	9.546
825	45	255	119.011	414.500	35.456	8.517	6.727	154.883
826	29	255	307.155	415.121	19.556	6.964	5.302	15.594
827	35	255	1042.843	413.500	32.627	7.696	5.790	4.851
828	38	255	482.974	413.132	26.042	7.738	6.252	51.799
829	1	255	1202.500	416.500	2.828	1.128	1.128	0.000
830	51	255	1177.441	408.990	36.042	9.695	6.698	136.754
831	33	255	1200.955	412.439	25.556	8.687	4.837	174.127
832	13	255	904.192	411.269	13.314	4.949	3.344	39.275
833	15	255	1123.233	410.833	13.899	4.759	4.014	95.884
834	26	255	1189.692	407.923	25.556	6.985	4.739	129.806
835	51	255	445.696	407.069	39.698	8.891	7.304	31.207
836	20	255	323.400	407.850	19.556	6.180	4.120	114.926
837	1	255	810.500	409.500	2.828	1.128	1.128	0.000
838	30	255	813.433	405.300	24.385	7.201	5.304	75.884
839	2	255	328.500	407.000	4.828	2.257	1.128	90.000
840	19	255	464.974	405.237	16.142	5.275	4.586	152.412
841	38	255	742.395	403.079	32.627	10.313	4.691	124.338
842	53	255	855.443	403.689	43.941	9.098	7.417	150.016
843	25	255	1028.860	404.900	20.971	7.315	4.351	153.753
844	26	255	83.115	404.000	22.971	6.128	5.402	161.891
845	6	255	830.167	404.667	9.657	4.134	1.848	77.067
846	1	255	808.500	405.500	2.828	1.128	1.128	0.000
847	16	255	785.500	403.000	13.314	4.963	4.105	0.000
848	34	255	201.853	400.853	25.799	6.720	6.442	122.361
849	35	255	224.186	400.643	32.627	6.813	6.541	143.350
850	51	255	276.304	397.108	36.042	8.225	7.895	45.167
851	23	255	579.239	400.978	17.899	6.230	4.701	165.810
852	2	255	781.000	402.000	5.657	2.596	0.981	45.000
853	24	255	996.000	400.333	16.728	6.470	4.723	180.000
854	33	255	1038.409	397.773	26.385	7.806	5.382	54.424
855	37	255	470.743	396.392	22.728	8.299	5.677	76.840
856	70	255	548.286	395.443	51.698	9.908	8.996	34.938
857	30	255	1134.867	397.067	20.971	6.731	5.675	179.516
858	30	255	348.700	395.767	22.142	7.329	5.212	163.193
859	7	255	475.786	394.357	11.657	4.647	1.918	94.308
860	3	255	675.833	394.833	5.657	2.365	1.615	135.000
861	40	255	173.150	389.800	27.556	8.420	6.049	78.912
862	42	255	673.714	389.381	25.556	8.845	6.046	143.610
863	1	255	168.500	392.500	2.828	1.128	1.128	0.000
864	17	255	1120.794	390.735	14.728	4.964	4.360	137.118
865	43	255	794.105	386.012	43.941	8.662	6.321	130.387
866	22	255	730.227	388.455	16.485	5.508	5.085	112.357
867	32	255	150.062	387.156	22.971	8.449	4.822	24.341
868	25	255	963.620	386.540	24.385	6.718	4.738	51.354
869	50	255	23.940	384.100	38.042	9.634	6.608	115.284
870	42	255	352.167	385.286	22.971	7.925	6.748	177.529
871	3	255	440.167	386.500	7.657	3.213	1.189	118.155
872	1	255	566.500	387.500	2.828	1.128	1.128	0.000
873	31	255	871.758	385.694	27.799	8.545	4.619	168.031
874	30	255	437.300	382.400	27.799	7.197	5.307	154.942
875	32	255	156.938	381.625	28.385	9.019	4.517	69.191
876	35	255	565.300	382.329	23.799	7.575	5.883	173.606
877	3	255	1051.500	385.500	6.243	3.385	1.128	0.000
878	43	255	185.942	381.198	36.042	8.108	6.752	7.471
879	42	255	996.048	379.167	30.627	9.228	5.795	110.424
880	36	255	3.528	380.139	25.799	7.843	5.844	134.464
881	24	255	342.875	381.833	17.899	6.474	4.720	174.398
882	34	255	409.176	380.147	29.213	6.874	6.298	155.471
883	1	255	1000.500	383.500	2.828	1.128	1.128	0.000
884	2	255	1048.500	383.000	4.828	2.257	1.128	90.000
885	40	255	1055.450	379.825	30.042	8.150	6.249	152.784
886	2	255	148.000	382.500	4.243	2.257	1.128	0.000
887	29	255	516.776	379.638	20.385	6.293	5.867	49.797
888	18	255	550.389	380.222	14.728	5.088	4.504	154.594
889	23	255	586.283	379.630	19.556	6.245	4.689	153.662
890	1	255	1060.500	382.500	2.828	1.128	1.128	0.000
891	34	255	1181.235	379.559	31.213	7.900	5.480	106.699
892	27	255	229.130	379.500	18.142	6.650	5.169	0.000
893	40	255	482.900	375.675	32.042	7.627	6.677	159.406
894	2	255	536.000	379.500	4.243	2.257	1.128	0.000
895	34	255	1077.941	375.559	26.971	7.949	5.446	149.063
896	4	255	511.000	378.000	5.657	2.257	2.257	0.000
897	38	255	532.500	375.658	27.799	9.387	5.154	4.977
898	23	255	430.500	375.543	18.142	5.560	5.267	153.633
899	42	255	1116.548	372.048	25.556	8.560	6.247	156.940
900	66	255	1050.333	368.152	28.971	9.366	8.972	26.616
901	35	255	176.129	369.186	24.728	7.407	6.017	30.198
902	1	255	171.500	370.500	2.828	1.128	1.128	0.000
903	2	255	433.000	370.500	4.243	2.257	1.128	0.000
904	24	255	754.042	367.208	18.728	5.974	5.115	71.802
905	55	255	876.609	366.009	25.799	9.210	7.603	159.530
906	2	255	627.000	367.000	5.657	2.596	0.981	45.000
907	34	255	96.441	362.382	20.971	6.891	6.282	104.215
908	42	255	376.786	361.262	40.042	8.466	6.316	79.333
909	36	255	203.194	362.361	27.213	8.956	5.118	4.547
910	36	255	592.500	360.389	30.042	7.462	6.143	61.634
911	40	255	784.025	360.850	30.042	8.870	5.742	78.940
912	1	255	588.500	363.500	2.828	1.128	1.128	0.000
913	32	255	629.125	361.344	21.556	7.175	5.679	11.237
914	38	255	668.842	355.211	31.456	8.620	5.613	109.307
915	2	255	419.000	359.500	4.243	2.257	1.128	0.000
916	4	255	422.750	359.250	7.657	3.192	1.596	161.565
917	1	255	672.500	359.500	2.828	1.128	1.128	0.000
918	2	255	788.500	359.000	4.828	2.257	1.128	90.000
919	29	255	954.328	355.328	24.971	7.940	4.651	140.672
920	74	255	62.905	354.135	31.213	10.920	8.628	47.628
921	71	255	230.965	353.106	40.284	10.529	8.586	81.615
922	37	255	401.122	354.311	36.870	7.852	6.000	148.389
923	41	255	1033.012	352.280	32.042	8.989	5.807	83.590
924	1	255	673.500	357.500	2.828	1.128	1.128	0.000
925	33	255	421.500	354.167	21.556	7.152	5.875	0.000
926	42	255	267.619	351.524	34.042	8.006	6.679	40.071
927	23	255	771.196	352.196	17.314	6.401	4.575	60.933
928	1	255	1037.500	354.500	2.828	1.128	1.128	0.000
929	33	255	87.803	347.682	25.799	7.964	5.276	87.221
930	44	255	183.477	347.159	55.941	8.117	6.902	18.327
931	2	255	548.000	351.500	4.243	2.257	1.128	0.000
932	23	255	660.283	348.543	20.142	7.759	3.774	62.904
933	4	255	1015.500	350.750	9.899	2.780	1.832	55.278
934	2	255	551.500	350.000	4.828	2.257	1.128	90.000
935	23	255	611.326	348.500	16.485	5.433	5.390	90.000
936	41	255	679.207	344.110	36.385	7.977	6.544	100.779
937	60	255	30.250	343.817	42.870	9.583	7.972	158.084
938	29	255	549.086	344.741	19.899	6.646	5.556	16.206
939	29	255	137.259	343.431	19.556	6.715	5.498	99.329
940	33	255	364.318	343.864	22.971	9.202	4.566	146.389
941	35	255	1006.786	340.043	29.799	9.535	4.674	106.421
942	48	255	258.333	341.438	24.971	7.992	7.647	163.496
943	51	255	412.422	339.324	43.698	8.460	7.675	145.048
944	31	255	789.919	339.952	30.385	7.082	5.574	172.581
945	65	255	208.438	336.946	29.213	10.231	8.089	63.102
946	1	255	358.500	340.500	2.828	1.128	1.128	0.000
947	32	255	526.844	336.688	28.627	9.405	4.332	63.587
948	3	255	751.500	340.500	6.243	3.385	1.128	0.000
949	32	255	753.875	336.000	26.385	7.487	5.442	36.527
950	36	255	953.583	335.750	36.284	6.880	6.662	168.185
951	41	255	77.500	335.500	22.142	7.892	6.615	134.999
952	34	255	361.765	334.912	22.971	7.263	5.961	22.604
953	38	255	646.842	335.658	28.728	8.521	5.678	160.800
954	1	255	652.500	338.500	2.828	1.128	1.128	0.000
955	2	255	356.500	337.000	4.828	2.257	1.128	90.000
956	34	255	293.941	332.118	24.385	7.564	5.723	62.111
957	32	255	741.438	333.375	30.042	6.680	6.100	90.730
958	18	255	1016.278	333.556	16.728	6.870	3.336	131.186
959	31	255	1024.048	333.919	21.314	6.627	5.956	12.821
960	3	255	551.833	334.833	5.657	2.365	1.615	135.000
961	59	255	66.042	328.280	27.799	9.593	7.831	56.604
962	85	255	383.888	327.712	34.042	11.336	9.547	159.918
963	35	255	434.014	326.814	26.385	8.699	5.123	169.495
964	25	255	1059.380	325.820	19.556	6.897	4.615	107.663
965	37	255	1089.365	324.284	30.627	8.201	5.744	156.706
966	24	255	53.792	323.000	20.142	6.755	4.523	68.413
967	27	255	402.648	322.981	22.485	7.256	4.738	119.428
968	24	255	499.667	323.458	16.728	6.187	4.939	20.598
969	2	255	42.000	324.500	4.243	2.257	1.128	0.000
970	5	255	494.300	323.300	8.485	3.833	1.661	135.000
971	38	255	877.447	319.447	30.042	7.246	6.677	169.767
972	1	255	39.500	322.500	2.828	1.128	1.128	0.000
973	35	255	42.757	318.671	24.142	7.712	5.778	26.736
974	45	255	150.878	318.278	24.728	8.741	6.555	111.539
975	38	255	768.158	315.895	35.698	8.234	5.876	155.352
976	42	255	419.762	315.476	26.385	8.553	6.252	151.241
977	49	255	961.276	314.745	43.941	8.772	7.112	152.190
978	32	255	992.688	315.312	26.971	7.640	5.333	37.462
979	42	255	1065.881	312.214	31.213	9.512	5.622	116.142
980	22	255	981.136	313.500	20.971	7.396	3.787	76.519
981	33	255	455.621	311.470	28.971	8.184	5.134	137.695
982	64	255	61.391	311.609	29.213	10.581	7.702	142.003
983	109	255	183.986	310.151	38.042	12.406	11.187	127.175
984	54	255	846.074	311.315	27.213	9.100	7.555	54.950
985	39	255	141.654	310.833	30.385	9.295	5.342	85.003
986	26	255	271.538	310.231	19.314	7.427	4.457	57.412
987	55	255	492.318	310.245	27.799	9.808	7.140	1.929
988	48	255	109.917	309.250	24.971	8.131	7.516	16.485
989	34	255	506.412	308.500	44.284	7.908	5.474	81.403
990	45	255	447.878	304.256	29.799	9.179	6.242	67.698
991	2	255	993.000	310.500	4.243	2.257	1.128	0.000
992	4	255	443.500	308.000	8.828	4.514	1.128	90.000
993	46	255	73.739	304.826	36.042	8.493	6.896	115.967
994	57	255	682.921	303.991	26.971	9.166	7.918	37.605
995	23	255	930.109	302.109	30.627	5.914	4.952	68.355
996	1	255	1097.500	305.500	2.828	1.128	1.128	0.000
997	18	255	1094.944	302.389	15.314	4.897	4.680	119.518
998	41	255	826.866	298.573	28.627	9.292	5.618	83.632
999	34	255	46.265	298.441	24.728	8.051	5.377	59.877
1000	41	255	5.402	298.085	29.799	7.919	6.592	68.793
1001	45	255	428.011	297.856	39.456	8.031	7.134	98.565
1002	42	255	497.571	298.595	34.042	7.870	6.795	3.702
1003	43	255	369.407	297.360	26.627	8.060	6.792	45.801
1004	1	255	831.500	299.500	2.828	1.128	1.128	0.000
1005	45	255	1212.211	295.633	23.556	7.973	7.186	17.383
1006	12	255	407.667	294.250	15.899	5.417	2.821	80.609
1007	21	255	219.929	294.119	15.899	6.279	4.258	97.202
1008	2	255	499.500	293.000	4.828	2.257	1.128	90.000
1009	22	255	994.045	288.909	20.142	6.379	4.391	84.827
1010	17	255	477.382	290.088	13.899	5.229	4.140	164.828
1011	27	255	630.093	288.648	18.728	6.407	5.365	125.813
1012	7	255	864.071	291.214	11.071	5.155	1.729	9.615
1013	31	255	339.952	286.726	23.556	7.420	5.319	58.696
1014	35	255	870.100	287.843	21.314	6.890	6.468	174.572
1015	25	255	1060.900	287.300	18.971	5.965	5.336	135.000
1016	32	255	1221.875	286.844	21.314	7.976	5.109	86.514
1017	45	255	375.922	285.700	33.456	8.818	6.497	127.806
1018	1	255	635.500	289.500	2.828	1.128	1.128	0.000
1019	1	255	999.500	289.500	2.828	1.128	1.128	0.000
1020	39	255	1095.141	286.551	27.213	7.711	6.440	68.843
1021	30	255	511.733	285.467	25.556	6.799	5.618	103.845
1022	51	255	65.088	283.167	33.213	9.946	6.528	134.048
1023	3	255	862.500	287.167	7.071	3.213	1.189	151.845
1024	77	255	408.890	280.851	31.213	10.533	9.308	31.220
1025	31	255	3.887	281.790	25.556	7.141	5.527	102.989
1026	35	255	692.043	279.986	26.385	7.793	5.719	136.601
1027	30	255	389.500	280.600	19.556	6.785	5.629	167.312
1028	1	255	695.500	283.500	2.828	1.128	1.128	0.000
1029	1	255	8.500	282.500	2.828	1.128	1.128	0.000
1030	29	255	798.638	278.328	22.971	7.799	4.735	103.369
1031	3	255	256.500	281.167	7.071	3.213	1.189	28.155
1032	33	255	260.894	277.167	20.971	7.778	5.402	50.705
1033	34	255	781.794	274.559	25.799	8.171	5.298	105.856
1034	3	255	255.167	277.500	7.657	3.213	1.189	118.155
1035	4	255	385.750	277.000	9.657	3.969	1.283	107.609
1036	1	255	785.500	278.500	2.828	1.128	1.128	0.000
1037	2	255	649.000	277.500	4.243	2.257	1.128	0.000
1038	32	255	829.438	274.312	20.385	6.701	6.081	77.102
1039	44	255	503.023	270.136	38.870	8.425	6.650	67.591
1040	42	255	649.167	271.571	25.799	8.339	6.413	17.327
1041	46	255	32.152	267.935	33.456	8.667	6.758	36.383
1042	91	255	292.962	267.830	34.385	11.059	10.476	77.584
1043	1	255	422.500	272.500	2.828	1.128	1.128	0.000
1044	3	255	608.500	272.167	7.071	3.213	1.189	28.155
1045	31	255	9.887	268.403	20.971	6.385	6.181	88.276
1046	35	255	330.843	268.443	27.213	9.094	4.901	2.359
1047	42	255	422.738	268.119	29.799	9.413	5.681	163.438
1048	39	255	590.654	268.269	23.556	7.378	6.730	89.076
1049	3	255	612.167	270.167	5.657	2.365	1.615	135.000
1050	51	255	632.853	267.402	30.385	9.080	7.151	175.282
1051	44	255	606.977	265.795	27.213	8.682	6.453	153.877
1052	5	255	14.900	265.700	7.657	3.144	2.025	71.565
1053	37	255	578.662	263.905	29.799	7.644	6.163	156.592
1054	86	255	788.012	262.070	34.627	12.083	9.062	42.013
1055	38	255	963.132	260.684	28.385	8.943	5.410	12.391
1056	41	255	306.622	258.841	22.971	7.591	6.877	178.510
1057	36	255	1080.917	258.528	31.213	7.917	5.790	69.163
1058	4	255	598.500	260.000	7.071	3.216	1.583	31.717
1059	38	255	256.447	255.868	22.728	7.684	6.297	55.220
1060	12	255	312.917	254.667	20.971	5.259	2.905	66.537
1061	33	255	599.561	255.167	23.556	7.703	5.454	28.743
1062	28	255	1055.464	255.000	28.042	6.107	5.838	176.422
1063	57	255	424.026	251.623	40.627	9.149	7.932	79.469
1064	42	255	468.000	253.500	22.385	7.999	6.685	169.819
1065	27	255	976.907	254.315	22.142	7.545	4.557	26.438
1066	29	255	633.914	251.086	25.556	7.817	4.724	128.957
1067	36	255	918.306	253.139	28.385	8.666	5.289	27.640
1068	1	255	575.500	253.500	2.828	1.128	1.128	0.000
1069	37	255	580.797	250.554	25.556	7.713	6.108	66.540
1070	1	255	1084.500	253.500	2.828	1.128	1.128	0.000
1071	29	255	800.707	249.259	23.213	6.746	5.473	108.943
1072	1	255	572.500	251.500	2.828	1.128	1.128	0.000
1073	10	255	857.800	249.900	12.728	3.878	3.283	113.109
1074	53	255	145.330	244.236	35.456	9.504	7.100	94.026
1075	60	255	391.567	244.550	49.355	10.517	7.264	60.310
1076	36	255	1004.389	248.000	27.799	7.474	6.133	0.000
1077	35	255	225.300	246.986	28.627	9.069	4.914	169.951
1078	2	255	141.500	248.000	4.828	2.257	1.128	90.000
1079	2	255	574.000	248.000	5.657	2.596	0.981	135.000
1080	29	255	721.121	241.362	23.799	7.346	5.027	11.859
1081	40	255	922.000	239.075	35.456	7.340	6.938	150.513
1082	42	255	55.929	236.881	31.213	9.569	5.588	35.305
1083	24	255	106.917	237.542	19.314	6.867	4.450	50.711
1084	17	255	131.147	238.324	14.728	5.183	4.176	57.452
1085	53	255	366.425	234.613	37.456	9.401	7.178	135.403
1086	36	255	461.889	238.333	31.799	8.733	5.249	2.917
1087	74	255	1110.243	235.608	31.213	10.812	8.714	95.376
1088	3	255	126.833	238.500	7.657	3.213	1.189	118.155
1089	1	255	369.500	239.500	2.828	1.128	1.128	0.000
1090	1	255	586.500	239.500	2.828	1.128	1.128	0.000
1091	1	255	855.500	239.500	2.828	1.128	1.128	0.000
1092	26	255	20.962	233.308	25.556	7.774	4.259	63.340
1093	43	255	977.035	234.314	32.042	10.154	5.392	104.439
1094	29	255	1021.983	233.845	25.556	8.005	4.613	130.956
1095	56	255	535.089	233.911	26.728	8.451	8.437	45.148
1096	19	255	583.184	235.447	14.728	5.397	4.482	42.092
1097	47	255	616.053	233.394	32.385	9.926	6.029	70.479
1098	2	255	111.000	236.500	4.243	2.257	1.128	0.000
1099	50	255	950.400	231.880	24.728	8.586	7.415	105.247
1100	24	255	864.958	230.125	18.142	6.112	4.999	135.483
1101	56	255	384.607	227.821	38.284	8.845	8.061	65.586
1102	49	255	1052.173	227.561	30.042	9.613	6.490	54.226
1103	25	255	400.820	227.540	22.728	6.654	4.784	6.213
1104	1	255	982.500	230.500	2.828	1.128	1.128	0.000
1105	4	255	619.250	228.500	7.657	2.734	1.863	90.000
1106	19	255	879.868	228.132	15.899	5.654	4.278	168.423
1107	44	255	321.432	224.909	30.971	8.488	6.600	115.433
1108	46	255	25.783	222.739	32.042	7.962	7.356	179.799
1109	45	255	798.100	224.278	34.042	7.793	7.352	146.149
1110	1	255	23.500	226.500	2.828	1.128	1.128	0.000
1111	43	255	274.198	222.407	30.042	9.101	6.016	87.962
1112	2	255	326.000	226.500	4.243	2.257	1.128	0.000
1113	8	255	931.125	225.625	14.485	4.992	2.040	146.044
1114	33	255	197.591	222.985	23.799	8.222	5.110	14.567
1115	58	255	243.293	222.621	44.527	10.967	6.734	11.746
1116	31	255	261.306	223.081	24.385	8.355	4.724	12.885
1117	38	255	553.053	222.447	29.213	7.684	6.296	79.827
1118	14	255	928.714	221.143	22.142	5.929	3.006	148.910
1119	72	255	966.542	220.111	29.799	10.550	8.689	54.350
1120	4	255	1054.500	223.000	7.071	3.216	1.583	31.717
1121	1	255	759.500	222.500	2.828	1.128	1.128	0.000
1122	40	255	759.775	218.175	29.213	8.071	6.310	172.780
1123	31	255	992.113	216.306	23.799	8.083	4.883	117.050
1124	2	255	556.500	219.000	4.828	2.257	1.128	90.000
1125	37	255	898.284	214.635	30.627	8.296	5.678	105.900
1126	34	255	114.941	210.676	29.456	8.129	5.325	136.351
1127	1	255	1004.500	214.500	2.828	1.128	1.128	0.000
1128	37	255	1097.338	209.527	26.971	7.629	6.175	117.782
1129	19	255	776.132	211.447	15.314	5.702	4.243	124.349
1130	9	255	1102.722	210.722	15.314	5.621	2.039	107.044
1131	31	255	1005.403	209.113	22.385	6.703	5.888	150.894
1132	29	255	1038.534	208.466	22.971	7.412	4.981	156.220
1133	1	255	109.500	210.500	2.828	1.128	1.128	0.000
1134	36	255	128.472	207.694	26.142	8.700	5.268	47.303
1135	31	255	435.339	207.629	21.799	7.132	5.534	21.822
1136	63	255	611.325	206.056	29.556	10.329	7.766	84.085
1137	1	255	821.500	209.500	2.828	1.128	1.128	0.000
1138	2	255	123.500	208.000	4.828	2.257	1.128	90.000
1139	44	255	266.386	204.886	34.627	9.801	5.716	114.819
1140	2	255	483.000	208.500	4.243	2.257	1.128	0.000
1141	37	255	820.311	205.878	26.971	8.165	5.770	173.794
1142	27	255	406.352	202.463	36.042	7.565	4.544	101.380
1143	1	255	440.500	206.500	2.828	1.128	1.128	0.000
1144	32	255	484.156	203.156	26.971	8.788	4.636	159.012
1145	24	255	637.292	204.292	20.142	6.310	4.843	59.189
1146	7	255	1051.786	203.643	13.314	4.941	1.804	62.537
1147	5	255	412.700	202.500	12.485	5.322	1.196	117.123
1148	2	255	1055.500	204.000	4.828	2.257	1.128	90.000
1149	4	255	272.000	203.000	5.657	2.257	2.257	0.000
1150	2	255	409.500	203.000	4.828	2.257	1.128	90.000
1151	40	255	64.850	198.775	23.213	8.147	6.252	27.400
1152	24	255	1038.833	199.333	21.314	6.946	4.399	41.868
1153	30	255	396.033	196.133	24.385	7.368	5.185	137.980
1154	39	255	1027.346	197.013	33.456	7.625	6.513	73.566
1155	4	255	1056.000	199.500	7.657	3.216	1.583	121.717
1156	29	255	1050.466	196.121	27.213	9.335	3.956	135.023
1157	1	255	288.500	198.500	2.828	1.128	1.128	0.000
1158	25	255	294.100	196.620	17.899	6.149	5.177	150.482
1159	46	255	88.783	191.283	33.799	8.755	6.690	120.124
1160	41	255	438.549	192.549	28.971	10.300	5.068	93.221
1161	3	255	288.167	195.167	5.657	2.365	1.615	135.000
1162	23	255	461.326	192.935	16.728	5.800	5.049	106.111
1163	58	255	725.845	189.172	48.527	9.067	8.145	84.884
1164	67	255	22.455	189.590	29.213	10.715	7.962	50.099
1165	38	255	44.211	190.079	28.627	10.077	4.801	126.967
1166	24	255	382.292	191.792	18.142	6.968	4.386	51.880
1167	37	255	802.770	188.311	34.284	7.035	6.697	90.378
1168	68	255	927.662	188.706	33.213	9.820	8.817	38.070
1169	1	255	559.500	191.500	2.828	1.128	1.128	0.000
1170	27	255	562.796	189.093	19.556	7.099	4.843	18.049
1171	1	255	807.500	191.500	2.828	1.128	1.128	0.000
1172	1	255	943.500	191.500	2.828	1.128	1.128	0.000
1173	4	255	39.500	190.000	7.071	3.216	1.583	148.283
1174	2	255	442.500	189.000	4.828	2.257	1.128	90.000
1175	38	255	940.579	185.868	22.971	7.732	6.257	147.226
1176	63	255	171.135	184.183	45.941	9.792	8.192	171.089
1177	44	255	197.864	185.568	24.385	7.886	7.104	150.836
1178	2	255	946.500	188.000	4.828	2.257	1.128	90.000
1179	31	255	397.952	184.565	27.213	6.987	5.649	103.098
1180	3	255	530.167	185.833	5.657	2.365	1.615	45.000
1181	22	255	31.409	183.000	18.142	6.659	4.207	20.308
1182	1	255	402.500	185.500	2.828	1.128	1.128	0.000
1183	27	255	532.241	181.648	19.556	6.637	5.180	1.867
1184	24	255	861.792	179.875	20.142	7.400	4.130	133.793
1185	54	255	456.833	177.722	44.184	9.350	7.353	111.576
1186	44	255	771.136	176.114	34.627	8.472	6.613	138.616
1187	1	255	771.500	181.500	2.828	1.128	1.128	0.000
1188	2	255	889.000	181.500	4.243	2.257	1.128	0.000
1189	2	255	1223.000	180.000	5.657	2.596	0.981	45.000
1190	19	255	887.763	176.395	17.314	5.628	4.298	101.667
1191	37	255	922.122	170.689	27.799	8.087	5.825	125.761
1192	38	255	391.684	170.895	25.213	8.821	5.485	65.983
1193	27	255	1009.093	170.685	29.799	7.214	4.766	97.226
1194	44	255	159.500	169.091	35.456	9.053	6.188	168.645
1195	38	255	929.921	163.289	31.799	9.974	4.851	90.369
1196	34	255	945.471	165.676	38.284	8.505	5.090	57.649
1197	15	255	1138.567	164.900	26.385	5.448	3.506	89.194
1198	1	255	946.500	165.500	2.828	1.128	1.128	0.000
1199	1	255	951.500	164.500	2.828	1.128	1.128	0.000
1200	45	255	183.344	155.722	35.456	9.843	5.821	105.090
1201	34	255	387.500	157.000	29.213	7.315	5.918	64.700
1202	49	255	724.969	154.786	43.456	10.237	6.094	70.888
1203	6	255	178.000	158.167	10.485	3.995	1.912	99.462
1204	12	255	1094.167	157.917	16.728	5.275	2.896	36.718
1205	1	255	277.500	158.500	2.828	1.128	1.128	0.000
1206	4	255	281.250	157.750	7.657	3.192	1.596	108.435
1207	32	255	278.562	153.250	21.556	6.757	6.029	143.591
1208	1	255	392.500	156.500	2.828	1.128	1.128	0.000
1209	48	255	473.646	153.854	41.456	9.185	6.654	5.265
1210	53	255	1108.142	152.858	25.556	9.221	7.318	45.001
1211	26	255	1140.308	152.154	22.385	7.422	4.460	146.199
1212	24	255	1171.333	152.708	17.556	6.568	4.652	165.462
1213	38	255	265.737	149.947	31.456	7.603	6.364	75.426
1214	54	255	1013.407	150.037	31.799	8.621	7.975	51.361
1215	23	255	7.543	150.109	18.971	7.666	3.820	145.669
1216	55	255	715.773	145.445	26.385	8.828	7.932	99.073
1217	56	255	816.625	145.893	26.385	9.604	7.424	146.339
1218	26	255	34.808	146.462	20.142	6.893	4.803	171.274
1219	55	255	862.627	142.536	45.698	8.826	7.935	105.166
1220	36	255	609.639	143.611	26.627	8.487	5.401	91.227
1221	44	255	908.023	141.977	40.284	8.241	6.798	73.658
1222	25	255	1173.460	144.180	21.556	8.161	3.900	162.561
1223	1	255	469.500	144.500	2.828	1.128	1.128	0.000
1224	43	255	417.733	138.709	32.627	7.823	6.998	51.081
1225	34	255	467.882	139.206	25.556	8.210	5.273	165.693
1226	1	255	470.500	142.500	2.828	1.128	1.128	0.000
1227	27	255	566.093	140.019	20.142	6.381	5.388	56.480
1228	15	255	1133.500	139.300	16.142	5.330	3.583	144.645
1229	39	255	170.141	134.833	39.799	9.042	5.492	97.997
1230	34	255	505.824	136.500	26.971	6.974	6.208	112.062
1231	43	255	832.802	137.430	34.870	10.170	5.383	19.204
1232	39	255	778.064	135.885	30.627	7.549	6.578	66.775
1233	32	255	296.719	131.844	27.556	8.984	4.535	88.743
1234	36	255	1067.028	134.972	27.556	7.651	5.991	26.398
1235	56	255	1220.143	131.804	40.870	10.135	7.035	84.123
1236	1	255	293.500	136.500	2.828	1.128	1.128	0.000
1237	54	255	56.907	131.574	26.385	8.846	7.773	178.479
1238	51	255	389.186	132.147	25.556	8.575	7.573	62.841
1239	25	255	872.500	130.940	24.385	6.790	4.688	99.870
1240	40	255	462.650	130.325	23.556	8.110	6.280	114.639
1241	56	255	496.214	130.071	43.698	10.286	6.932	21.934
1242	29	255	659.776	131.224	24.971	6.751	5.469	10.029
1243	64	255	706.672	125.734	37.456	12.604	6.465	58.529
1244	3	255	830.500	132.500	6.243	3.385	1.128	0.000
1245	1	255	1073.500	132.500	2.828	1.128	1.128	0.000
1246	15	255	533.967	129.167	13.899	4.887	3.908	65.015
1247	4	255	953.500	131.000	7.071	3.216	1.583	31.717
1248	1	255	956.500	130.500	2.828	1.128	1.128	0.000
1249	29	255	865.638	126.397	22.142	8.413	4.389	158.581
1250	24	255	953.167	126.625	16.728	6.111	5.001	160.395
1251	20	255	1017.100	123.500	19.899	6.834	3.726	125.143
1252	1	255	467.500	126.500	2.828	1.128	1.128	0.000
1253	17	255	796.029	124.265	16.142	5.149	4.204	89.377
1254	1	255	658.500	125.500	2.828	1.128	1.128	0.000
1255	75	255	691.860	120.100	31.799	10.443	9.144	141.487
1256	63	255	345.357	120.389	28.971	10.117	7.929	176.381
1257	37	255	451.149	118.068	30.627	9.938	4.740	152.966
1258	35	255	567.614	118.700	28.385	7.461	5.973	89.788
1259	34	255	909.706	119.765	32.042	7.600	5.696	42.331
1260	35	255	644.014	118.100	26.385	8.084	5.512	86.454
1261	24	255	859.250	117.250	31.213	6.812	4.486	126.551
1262	3	255	170.833	119.167	5.657	2.365	1.615	45.000
1263	42	255	506.738	115.333	34.042	7.896	6.773	4.587
1264	1	255	796.500	119.500	2.828	1.128	1.128	0.000
1265	54	255	1115.889	116.111	25.556	8.594	8.000	134.997
1266	2	255	648.500	117.000	4.828	2.257	1.128	90.000
1267	1	255	860.500	117.500	2.828	1.128	1.128	0.000
1268	1	255	864.500	117.500	2.828	1.128	1.128	0.000
1269	31	255	525.726	113.532	30.042	7.922	4.982	156.111
1270	46	255	539.043	110.174	44.870	8.262	7.089	89.892
1271	1	255	882.500	115.500	2.828	1.128	1.128	0.000
1272	51	255	605.676	106.559	40.284	8.498	7.642	82.706
1273	36	255	758.667	109.111	24.971	7.906	5.797	4.188
1274	46	255	192.957	105.739	31.213	8.136	7.199	18.521
1275	62	255	1013.403	103.048	51.355	9.108	8.667	74.194
1276	46	255	482.761	101.326	36.042	8.773	6.676	117.797
1277	50	255	732.740	102.800	44.527	9.208	6.914	153.268
1278	42	255	934.690	102.333	42.042	8.127	6.580	65.542
1279	23	255	979.804	104.022	16.971	5.681	5.154	118.155
1280	37	255	773.095	100.365	31.456	8.223	5.729	93.088
1281	55	255	837.700	101.700	42.042	9.049	7.739	3.182
1282	27	255	615.389	102.426	19.556	6.764	5.082	34.549
1283	2	255	778.000	103.000	5.657	2.596	0.981	135.000
1284	11	255	428.682	101.318	18.728	6.545	2.140	31.407
1285	1	255	622.500	102.500	2.828	1.128	1.128	0.000
1286	51	255	96.657	97.265	34.627	9.734	6.671	127.249
1287	36	255	348.028	97.972	26.971	7.689	5.962	111.180
1288	7	255	432.643	98.357	12.485	5.244	1.699	58.015
1289	19	255	564.763	98.289	24.627	6.596	3.668	15.282
1290	4	255	590.500	100.000	7.071	3.216	1.583	31.717
1291	23	255	857.370	98.283	16.728	5.884	4.977	59.957
1292	21	255	1022.786	98.262	16.142	5.523	4.841	164.377
1293	65	255	516.792	95.085	49.113	9.243	8.954	131.165
1294	36	255	590.833	94.722	28.385	8.566	5.351	38.283
1295	33	255	951.015	95.773	30.627	7.853	5.350	113.565
1296	52	255	248.981	94.385	32.627	9.771	6.776	118.611
1297	2	255	955.000	98.500	4.243	2.257	1.128	0.000
1298	30	255	784.467	92.533	26.385	7.195	5.309	111.740
1299	35	255	1070.986	92.414	45.941	7.596	5.867	111.615
1300	1	255	565.500	96.500	2.828	1.128	1.128	0.000
1301	37	255	574.257	90.662	32.971	9.061	5.199	137.411
1302	3	255	575.167	96.167	5.657	2.365	1.615	135.000
1303	22	255	619.136	92.727	20.971	6.299	4.447	93.384
1304	29	255	687.397	94.362	20.728	7.407	4.985	170.590
1305	1	255	936.500	96.500	2.828	1.128	1.128	0.000
1306	29	255	186.328	91.155	35.456	7.461	4.949	90.964
1307	4	255	254.000	94.500	7.657	3.216	1.583	121.717
1308	56	255	86.000	90.071	38.627	10.466	6.813	129.682
1309	1	255	565.500	93.500	2.828	1.128	1.128	0.000
1310	33	255	545.742	89.045	24.385	6.777	6.199	48.501
1311	45	255	963.167	88.033	31.213	9.041	6.338	156.175
1312	1	255	92.500	90.500	2.828	1.128	1.128	0.000
1313	1	255	551.500	90.500	2.828	1.128	1.128	0.000
1314	1	255	968.500	90.500	2.828	1.128	1.128	0.000
1315	48	255	1119.500	85.750	24.142	8.281	7.380	90.000
1316	1	255	93.500	88.500	2.828	1.128	1.128	0.000
1317	23	255	631.283	85.848	18.971	6.489	4.513	117.954
1318	37	255	795.473	85.716	28.385	8.087	5.825	46.754
1319	21	255	265.024	84.738	18.142	6.818	3.922	95.855
1320	31	255	380.565	84.855	24.971	8.963	4.404	133.051
1321	65	255	761.762	82.962	28.971	10.269	8.060	98.647
1322	33	255	419.803	83.621	27.213	8.431	4.984	14.788
1323	26	255	533.000	84.615	17.899	6.342	5.220	158.286
1324	37	255	1000.716	83.203	22.971	7.799	6.041	140.976
1325	6	255	800.333	83.167	10.485	4.387	1.742	32.243
1326	1	255	527.500	83.500	2.828	1.128	1.128	0.000
1327	2	255	1008.000	82.000	5.657	2.596	0.981	45.000
1328	32	255	343.375	77.844	28.142	8.894	4.581	67.627
1329	41	255	542.695	77.524	35.456	7.927	6.585	164.267
1330	41	255	142.671	76.915	22.971	7.757	6.730	83.938
1331	4	255	742.500	79.000	7.071	3.216	1.583	148.283
1332	29	255	1045.534	76.052	22.385	7.237	5.102	53.831
1333	43	255	391.384	75.523	31.213	8.711	6.285	177.187
1334	32	255	97.875	72.094	24.971	8.947	4.554	122.728
1335	24	255	742.000	73.083	17.556	5.824	5.247	129.806
1336	43	255	1008.151	70.872	34.627	8.633	6.342	82.620
1337	9	255	1197.056	72.389	15.314	5.859	1.956	73.804
1338	71	255	268.359	68.908	29.799	10.454	8.647	58.527
1339	6	255	345.667	72.667	8.485	3.140	2.433	45.000
1340	39	255	1083.731	70.038	28.971	8.117	6.117	143.026
1341	51	255	378.265	68.539	36.627	8.607	7.544	109.613
1342	2	255	1088.000	72.000	5.657	2.596	0.981	135.000
1343	40	255	424.450	68.150	23.799	7.228	7.046	2.521
1344	36	255	227.861	63.722	28.627	7.847	5.841	68.443
1345	4	255	668.750	64.250	7.657	3.192	1.596	108.435
1346	38	255	759.026	62.105	32.627	7.774	6.223	1.586
1347	5	255	426.300	62.700	9.657	4.183	1.522	10.901
1348	87	255	458.948	57.971	32.971	10.642	10.409	119.055
1349	27	255	874.796	59.500	20.142	7.163	4.800	141.303
1350	31	255	398.790	58.952	19.314	6.870	5.745	133.687
1351	29	255	782.500	57.638	26.385	8.403	4.394	144.192
1352	43	255	922.407	55.686	34.627	8.876	6.168	143.047
1353	3	255	924.500	60.500	8.485	3.969	0.963	135.000
1354	30	255	202.900	56.733	35.213	6.941	5.503	4.235
1355	38	255	1008.289	56.579	24.971	7.585	6.378	109.918
1356	1	255	1221.500	59.500	2.828	1.128	1.128	0.000
1357	21	255	372.405	56.071	16.142	5.937	4.503	114.843
1358	24	255	841.250	55.875	17.314	6.456	4.733	118.058
1359	20	255	955.350	54.250	15.899	5.297	4.807	41.492
1360	1	255	1192.500	56.500	2.828	1.128	1.128	0.000
1361	39	255	1196.167	52.321	30.042	8.065	6.157	41.791
1362	14	255	1222.500	53.357	16.485	6.379	2.794	108.937
1363	38	255	425.316	52.000	22.971	7.746	6.246	87.243
1364	44	255	681.386	50.795	23.556	8.217	6.818	76.462
1365	43	255	1055.407	50.802	24.971	8.461	6.471	66.311
1366	92	255	1076.402	49.522	34.042	10.940	10.707	110.961
1367	1	255	1191.500	54.500	2.828	1.128	1.128	0.000
1368	49	255	1037.806	44.520	37.456	9.872	6.320	102.587
1369	47	255	954.713	46.734	31.213	9.163	6.531	101.521
1370	22	255	463.909	46.727	17.556	5.603	5.000	77.709
1371	2	255	430.000	48.500	4.243	2.257	1.128	0.000
1372	3	255	458.833	47.500	7.657	3.213	1.189	61.845
1373	1	255	959.500	48.500	2.828	1.128	1.128	0.000
1374	29	255	637.914	44.328	25.213	7.250	5.093	160.406
1375	49	255	796.929	42.969	35.213	8.228	7.582	112.249
1376	1	255	960.500	45.500	2.828	1.128	1.128	0.000
1377	38	255	438.711	40.263	34.042	9.013	5.368	38.669
1378	53	255	1060.481	34.142	37.456	9.396	7.182	152.542
1379	54	255	393.370	34.685	26.971	9.395	7.318	27.714
1380	40	255	551.925	35.125	29.456	8.540	5.963	14.797
1381	45	255	917.211	31.189	33.698	9.958	5.754	79.775
1382	55	255	226.045	32.936	26.142	8.831	7.930	138.339
1383	22	255	770.045	33.364	19.556	6.574	4.261	106.013
1384	25	255	836.060	34.540	18.728	6.184	5.147	166.033
1385	2	255	923.500	35.000	4.828	2.257	1.128	90.000
1386	39	255	873.141	31.269	34.042	7.170	6.926	28.804
1387	50	255	147.000	30.000	24.971	8.270	7.698	66.801
1388	3	255	1009.500	32.500	6.243	3.385	1.128	0.000
1389	38	255	1008.895	26.816	31.213	8.414	5.750	154.831
1390	47	255	1075.777	28.266	39.698	9.040	6.620	42.561
1391	2	255	98.000	28.500	4.243	2.257	1.128	0.000
1392	35	255	1040.700	23.157	31.213	8.787	5.072	95.923
1393	26	255	1193.654	24.577	18.142	6.716	4.929	83.953
1394	43	255	696.105	22.616	24.971	8.188	6.686	170.742
1395	56	255	61.786	19.964	28.142	10.533	6.770	88.382
1396	65	255	479.469	20.515	28.385	9.573	8.646	151.957
1397	27	255	731.833	22.648	35.213	8.241	4.171	169.512
1398	41	255	772.744	17.110	32.042	8.064	6.473	142.670
1399	49	255	849.745	15.765	32.627	9.881	6.314	49.533
1400	20	255	949.000	15.750	20.728	6.364	4.001	118.102
1401	40	255	94.550	14.625	30.870	8.207	6.206	127.553
1402	33	255	232.773	14.227	24.971	7.268	5.781	118.186
1403	39	255	732.423	14.218	32.627	8.807	5.638	89.938
1404	19	255	723.289	14.395	25.556	7.175	3.372	114.039
1405	24	255	683.042	13.833	17.556	6.093	5.015	63.285
1406	3	255	737.833	15.833	5.657	2.365	1.615	135.000
1407	25	255	995.540	12.940	22.385	6.470	4.920	92.637
1408	47	255	381.096	8.862	38.870	7.923	7.553	85.479
1409	7	255	738.071	10.929	11.314	5.135	1.736	36.175
1410	1	255	991.500	9.500	2.828	1.128	1.128	0.000
1411	33	255	114.985	5.773	25.556	7.717	5.445	69.561
1412	25	255	443.620	1.220	32.385	7.792	4.085	172.997
1413	1	255	650.500	4.500	2.828	1.128	1.128	0.000
1414	29	255	741.603	1.810	26.971	7.355	5.020	35.613
1415	28	255	1189.643	2.536	26.385	7.547	4.724	176.266
1416	1	255	443.500	3.500	2.828	1.128	1.128	0.000
1417	38	255	548.816	1.368	30.385	9.614	5.033	2.765
1418	18	255	649.944	0.500	21.314	6.952	3.297	164.008
1419	17	255	1152.324	0.382	24.485	7.300	2.965	164.207
1420	15	255	625.633	0.567	15.899	4.923	3.879	174.073
1421	19	255	876.342	0.658	22.385	8.405	2.878	5.892
1422	2	255	746.500	0.000	4.828	2.257	1.128	90.000
1423	3	255	13.500	-0.500	6.243	3.385	1.128	0.000
