 	Area	Mean	XM	YM	Perim.	Major	Minor	Angle
1	33	255	55.985	899.348	24.385	7.692	5.463	68.432
2	4	255	87.000	902.500	8.243	4.514	1.128	0.000
3	16	255	634.250	900.812	17.899	5.614	3.629	116.742
4	31	255	1090.210	901.210	21.899	9.389	4.204	4.556
5	18	255	1115.167	900.833	20.728	5.427	4.223	65.301
6	17	255	1119.912	900.029	17.314	7.098	3.049	64.177
7	32	255	429.531	897.094	23.556	8.789	4.636	89.819
8	34	255	454.412	894.118	27.556	7.987	5.420	86.754
9	52	255	901.019	892.346	26.971	9.651	6.860	111.171
10	55	255	745.191	890.118	26.385	8.731	8.020	31.560
11	37	255	1161.392	890.014	24.142	7.360	6.401	21.134
12	53	255	722.557	884.613	26.971	10.026	6.731	105.954
13	31	255	198.339	884.855	19.556	6.602	5.978	10.090
14	28	255	833.750	884.250	23.556	8.315	4.287	78.090
15	36	255	190.361	881.139	22.728	8.544	5.365	101.939
16	63	255	40.690	878.262	27.799	9.209	8.711	31.409
17	31	255	1025.952	879.661	20.728	7.271	5.428	84.238
18	22	255	1012.000	876.318	20.142	6.053	4.627	20.638
19	32	255	676.250	873.969	22.971	7.941	5.131	68.123
20	30	255	492.600	870.600	19.899	7.100	5.380	103.040
21	19	255	462.921	869.868	17.899	6.298	3.841	69.699
22	49	255	880.663	869.133	24.971	8.781	7.105	43.871
23	41	255	959.768	868.695	25.213	8.011	6.517	68.392
24	30	255	531.133	868.867	18.728	6.529	5.850	45.001
25	35	255	1055.500	866.786	23.556	7.489	5.951	177.660
26	53	255	1117.745	865.745	33.799	9.259	7.288	27.453
27	28	255	1143.071	863.750	20.971	7.353	4.849	27.501
28	55	255	162.045	859.700	28.627	10.088	6.942	70.547
29	19	255	145.342	859.974	15.899	5.405	4.475	155.192
30	52	255	312.942	858.750	26.385	9.726	6.807	124.578
31	29	255	103.190	858.534	20.142	7.375	5.007	114.192
32	48	255	740.104	858.562	30.627	9.168	6.666	15.769
33	30	255	1144.800	850.700	22.385	7.272	5.253	57.935
34	21	255	266.643	849.929	16.728	5.241	5.102	22.500
35	34	255	1012.471	850.029	24.971	7.853	5.512	150.727
36	55	255	806.591	847.773	27.213	8.786	7.971	50.017
37	24	255	574.125	848.750	17.314	6.456	4.733	151.942
38	43	255	1176.128	846.012	32.627	9.513	5.755	44.194
39	52	255	730.173	844.308	31.456	11.228	5.897	37.241
40	35	255	846.814	845.186	20.971	6.966	6.397	134.998
41	36	255	1006.556	845.389	22.385	7.132	6.427	97.191
42	51	255	90.284	842.598	24.971	9.236	7.030	172.072
43	55	255	947.918	840.809	31.799	8.511	8.228	107.714
44	32	255	631.844	841.469	28.971	8.171	4.987	171.161
45	38	255	743.605	840.711	21.556	7.411	6.529	35.943
46	59	255	868.110	839.822	27.556	8.963	8.381	59.936
47	43	255	903.802	840.523	31.456	8.020	6.827	157.318
48	33	255	411.318	836.227	22.728	6.979	6.021	24.230
49	37	255	1220.905	835.473	22.142	8.138	5.789	52.503
50	45	255	245.833	831.078	26.971	8.108	7.066	95.618
51	57	255	79.728	828.553	27.213	10.077	7.202	143.226
52	43	255	1099.291	827.663	29.213	10.009	5.470	29.064
53	60	255	444.117	825.483	27.556	9.325	8.193	103.748
54	64	255	617.016	826.109	28.971	10.348	7.874	4.369
55	41	255	727.476	826.085	34.042	8.406	6.210	123.532
56	64	255	1131.844	825.328	29.556	10.706	7.611	62.494
57	54	255	694.889	823.352	27.556	10.101	6.807	10.655
58	52	255	270.000	822.000	24.971	8.137	8.137	0.000
59	41	255	116.768	816.402	24.142	9.789	5.333	110.013
60	33	255	494.409	816.985	22.971	7.872	5.338	79.690
61	19	255	409.289	816.184	15.314	6.165	3.924	140.022
62	47	255	906.032	814.926	24.971	8.083	7.403	80.101
63	27	255	775.648	814.833	18.728	6.839	5.027	101.488
64	44	255	156.545	812.136	22.971	7.844	7.142	66.689
65	13	255	1222.654	811.808	15.899	4.973	3.329	76.316
66	34	255	802.294	807.412	26.971	8.205	5.276	72.665
67	45	255	825.967	805.922	24.385	8.242	6.951	99.125
68	25	255	315.340	805.980	22.728	6.812	4.672	96.378
69	49	255	245.949	804.092	33.456	8.154	7.651	85.935
70	26	255	732.577	804.846	19.556	6.843	4.837	90.943
71	37	255	878.635	803.905	28.042	7.769	6.064	141.095
72	57	255	942.640	802.868	27.556	10.465	6.935	71.173
73	86	255	852.570	801.093	32.627	10.983	9.970	2.212
74	57	255	927.675	802.061	26.971	8.875	8.177	169.629
75	29	255	295.672	799.672	19.314	7.172	5.149	108.057
76	39	255	1147.449	798.474	23.556	8.141	6.099	126.126
77	59	255	901.008	793.602	41.698	10.477	7.170	135.774
78	34	255	746.794	792.235	24.385	7.003	6.182	110.251
79	43	255	757.593	789.663	24.385	8.887	6.161	66.364
80	37	255	41.041	781.068	23.314	9.284	5.074	114.291
81	33	255	215.258	781.833	22.142	9.279	4.528	1.085
82	47	255	3.968	779.117	27.799	8.805	6.796	49.342
83	74	255	1150.419	776.932	31.556	11.354	8.298	118.878
84	34	255	667.588	777.706	23.556	8.705	4.973	27.615
85	36	255	717.833	776.694	21.556	7.139	6.421	60.524
86	59	255	866.602	770.975	30.627	10.282	7.306	125.499
87	34	255	347.324	771.000	20.728	7.152	6.053	160.353
88	31	255	510.694	769.661	25.213	8.197	4.815	146.699
89	15	255	699.033	770.367	13.314	4.640	4.116	75.964
90	49	255	262.520	762.357	28.971	10.057	6.203	75.480
91	30	255	26.067	759.333	19.556	6.463	5.910	124.367
92	59	255	554.822	758.992	28.385	9.898	7.590	169.962
93	8	255	845.000	761.500	9.899	3.489	2.919	0.000
94	44	255	32.977	755.273	24.385	9.118	6.144	110.559
95	35	255	494.786	753.871	21.556	7.519	5.927	71.897
96	45	255	745.633	749.944	30.627	8.397	6.823	105.146
97	35	255	730.729	747.871	20.728	7.217	6.175	25.131
98	55	255	391.100	744.009	26.971	8.753	8.000	148.082
99	44	255	1213.705	743.091	30.870	9.471	5.915	26.816
100	25	255	579.500	742.540	21.556	7.341	4.336	29.270
101	45	255	775.122	739.344	32.385	10.656	5.377	109.222
102	51	255	858.539	732.167	25.799	9.315	6.971	162.720
103	65	255	993.608	731.454	28.971	10.643	7.776	47.718
104	47	255	329.394	728.160	26.627	10.235	5.847	116.562
105	22	255	841.818	730.045	18.728	6.301	4.445	40.033
106	43	255	4.895	728.547	24.385	9.970	5.492	146.200
107	44	255	743.114	728.795	22.971	8.264	6.779	157.923
108	36	255	766.111	728.639	20.728	7.372	6.218	107.029
109	30	255	905.567	726.400	21.556	7.231	5.282	175.606
110	65	255	1115.531	723.731	29.799	9.485	8.725	60.548
111	33	255	38.894	723.864	20.728	6.929	6.064	34.959
112	40	255	935.950	722.825	35.456	7.882	6.462	136.362
113	32	255	148.062	721.938	21.556	6.743	6.042	116.348
114	27	255	253.093	719.759	19.556	6.923	4.965	52.519
115	62	255	126.903	717.823	28.971	10.717	7.366	164.958
116	36	255	899.472	718.583	20.971	6.937	6.608	18.435
117	45	255	1096.811	717.300	26.385	9.955	5.755	26.129
118	30	255	924.767	714.267	19.556	6.709	5.693	4.332
119	77	255	854.825	711.565	31.213	10.900	8.995	175.441
120	41	255	1050.646	709.354	22.142	7.248	7.202	45.030
121	47	255	395.819	707.500	25.556	8.039	7.444	0.000
122	51	255	452.225	704.029	26.142	10.085	6.439	1.877
123	60	255	512.400	700.017	28.142	10.565	7.231	99.291
124	53	255	1115.783	697.349	35.456	9.310	7.249	2.182
125	38	255	1159.947	697.816	22.385	7.407	6.532	13.004
126	46	255	990.761	694.087	26.385	9.789	5.983	112.478
127	49	255	43.582	692.949	25.799	9.425	6.620	149.684
128	35	255	582.414	694.157	20.728	7.451	5.981	155.138
129	17	255	767.618	691.971	16.728	5.330	4.061	37.982
130	38	255	381.974	687.711	25.799	9.598	5.041	145.104
131	11	255	986.045	689.500	12.485	3.924	3.569	144.992
132	26	255	1218.923	688.000	18.728	7.082	4.675	34.184
133	21	255	1.595	684.786	19.314	7.225	3.701	100.021
134	30	255	1035.133	686.167	22.971	6.893	5.542	165.890
135	1	255	955.500	685.500	2.828	1.128	1.128	0.000
136	33	255	1188.015	677.712	26.385	8.528	4.927	97.703
137	61	255	314.451	671.172	29.213	11.856	6.551	50.964
138	81	255	697.772	671.154	32.385	11.580	8.906	178.092
139	41	255	981.329	667.939	27.213	7.567	6.899	89.852
140	31	255	578.984	664.468	20.142	7.575	5.211	131.624
141	44	255	242.977	662.818	27.799	9.185	6.099	73.562
142	53	255	120.066	661.387	26.142	8.416	8.019	161.634
143	40	255	346.425	657.500	22.971	7.833	6.502	129.561
144	33	255	255.833	655.348	23.314	9.636	4.360	82.964
145	45	255	339.856	645.167	24.971	9.275	6.177	136.297
146	21	255	552.357	646.833	18.142	6.319	4.231	34.178
147	23	255	921.674	646.717	20.142	8.199	3.572	19.420
148	42	255	1048.024	644.024	26.627	8.134	6.575	149.645
149	10	255	1223.000	643.500	11.657	5.642	2.257	90.000
150	53	255	882.406	640.085	37.698	9.944	6.786	142.097
151	42	255	232.690	639.214	25.799	7.657	6.984	99.933
152	58	255	369.983	638.259	30.042	8.834	8.359	81.237
153	47	255	832.543	638.074	24.142	8.384	7.138	65.344
154	33	255	725.167	637.652	23.213	7.937	5.294	149.188
155	50	255	174.300	633.060	30.142	9.917	6.419	1.374
156	60	255	1189.267	627.967	32.385	8.960	8.526	12.587
157	29	255	859.638	627.466	22.728	7.322	5.043	76.024
158	31	255	865.565	627.371	27.556	7.558	5.222	98.814
159	43	255	555.291	626.151	23.556	8.335	6.569	110.729
160	26	255	1061.385	627.769	20.728	8.371	3.955	18.307
161	32	255	403.375	619.094	22.728	8.434	4.831	98.292
162	59	255	929.890	618.585	28.627	10.432	7.201	42.404
163	60	255	978.767	617.783	33.213	9.811	7.787	163.037
164	40	255	879.650	616.075	32.042	8.969	5.678	120.443
165	44	255	436.182	613.682	24.142	8.263	6.780	16.754
166	36	255	103.194	609.000	21.314	7.328	6.255	156.081
167	28	255	726.714	608.250	20.728	8.114	4.394	29.953
168	48	255	1053.229	602.125	26.385	9.477	6.449	81.333
169	22	255	694.955	601.864	20.142	7.406	3.782	104.312
170	39	255	958.423	600.654	28.385	8.418	5.899	97.553
171	50	255	983.200	600.160	34.042	9.026	7.053	69.090
172	40	255	881.100	601.075	24.971	8.832	5.766	15.588
173	2	255	662.000	598.500	4.243	2.257	1.128	0.000
174	28	255	909.679	594.179	18.728	6.371	5.595	138.397
175	57	255	759.904	588.728	26.971	9.593	7.565	116.393
176	57	255	744.482	587.184	27.799	10.319	7.033	37.067
177	40	255	963.350	586.200	24.728	8.624	5.905	93.750
178	30	255	891.633	584.500	24.971	7.567	5.048	105.643
179	47	255	70.755	580.755	26.971	9.814	6.098	114.302
180	34	255	506.941	576.941	24.385	8.496	5.095	147.659
181	25	255	687.980	576.780	19.556	7.068	4.504	68.938
182	33	255	898.136	575.015	24.142	8.102	5.186	158.321
183	31	255	843.500	572.274	21.556	9.031	4.371	48.488
184	27	255	1018.130	570.907	18.142	6.085	5.650	32.563
185	43	255	1055.477	570.221	23.556	7.929	6.905	65.677
186	4	255	898.500	569.000	7.071	3.216	1.583	148.283
187	45	255	1083.344	565.011	27.556	9.260	6.187	55.260
188	28	255	123.179	565.321	18.728	6.371	5.595	48.397
189	52	255	1117.404	560.962	29.213	10.413	6.358	32.873
190	50	255	817.480	555.200	25.556	8.294	7.675	108.043
191	21	255	1065.643	553.500	15.899	5.622	4.756	141.047
192	28	255	454.286	551.429	24.385	7.435	4.795	29.864
193	29	255	57.362	550.052	21.556	9.088	4.063	34.489
194	35	255	748.986	548.100	27.213	8.705	5.119	67.509
195	52	255	992.365	546.615	37.456	9.385	7.054	132.943
196	3	255	1065.167	549.167	5.657	2.365	1.615	135.000
197	44	255	350.364	541.409	25.213	8.794	6.370	162.111
198	24	255	872.125	540.667	18.728	6.462	4.729	167.661
199	33	255	446.379	539.167	20.728	6.674	6.295	152.750
200	3	255	351.833	536.833	5.657	2.365	1.615	135.000
201	40	255	649.725	533.725	22.728	7.484	6.805	149.278
202	54	255	1121.852	533.370	32.627	10.456	6.576	33.038
203	59	255	41.924	532.008	27.799	9.431	7.966	25.670
204	43	255	418.430	532.105	23.556	7.627	7.179	60.632
205	32	255	380.938	527.969	24.385	8.863	4.597	100.553
206	33	255	665.955	528.561	23.799	8.831	4.758	157.577
207	40	255	453.600	524.825	24.142	7.681	6.631	161.576
208	34	255	521.941	523.853	22.971	7.037	6.151	110.501
209	26	255	218.808	522.500	22.971	6.794	4.873	37.319
210	33	255	199.773	521.773	21.556	7.064	5.948	45.000
211	2	255	667.000	524.500	4.243	2.257	1.128	0.000
212	48	255	298.062	518.438	30.870	8.545	7.152	43.860
213	29	255	346.052	518.569	24.971	9.549	3.867	88.968
214	62	255	923.032	518.984	39.456	13.120	6.017	15.719
215	18	255	545.667	519.833	16.728	6.636	3.453	25.381
216	41	255	133.305	509.476	22.142	7.394	7.060	13.038
217	46	255	1181.435	507.413	38.870	9.453	6.196	67.002
218	57	255	1155.009	506.377	33.213	9.217	7.874	73.193
219	28	255	216.536	501.786	19.314	6.718	5.307	92.390
220	28	255	623.429	501.107	22.385	8.034	4.438	156.079
221	63	255	330.056	496.262	29.556	11.105	7.224	25.671
222	3	255	626.167	495.833	5.657	2.365	1.615	45.000
223	30	255	349.500	487.167	26.385	7.997	4.776	143.665
224	44	255	595.591	485.364	22.971	8.097	6.919	119.617
225	39	255	1019.397	484.782	26.971	8.120	6.115	144.852
226	57	255	202.254	478.044	27.799	10.532	6.891	138.787
227	42	255	406.738	479.786	23.556	7.756	6.895	35.555
228	52	255	495.808	476.365	27.799	10.326	6.412	66.082
229	33	255	533.742	474.227	22.971	8.687	4.837	35.312
230	49	255	760.867	473.092	25.799	9.707	6.427	39.174
231	74	255	163.081	470.486	32.042	10.965	8.593	171.383
232	37	255	305.446	470.797	22.728	8.606	5.474	41.702
233	59	255	559.585	463.398	30.627	9.286	8.090	43.874
234	36	255	577.833	464.167	25.556	9.307	4.925	62.143
235	1	255	762.500	466.500	2.828	1.128	1.128	0.000
236	24	255	698.708	459.167	18.142	5.864	5.211	96.597
237	41	255	605.207	456.671	25.556	9.099	5.737	78.873
238	24	255	883.000	457.583	18.728	5.859	5.215	164.726
239	39	255	1013.295	454.115	23.556	9.310	5.334	68.738
240	33	255	101.894	453.409	21.556	8.046	5.222	120.764
241	36	255	302.889	454.111	23.556	8.533	5.372	17.201
242	23	255	472.543	453.413	16.728	5.802	5.048	20.918
243	18	255	686.722	454.056	16.142	5.537	4.139	21.187
244	34	255	236.382	451.441	23.556	7.757	5.581	51.177
245	43	255	1173.500	450.895	26.627	7.727	7.085	92.023
246	51	255	217.382	448.500	30.627	8.785	7.391	164.749
247	47	255	1077.351	445.947	24.142	8.313	7.199	81.992
248	29	255	844.293	445.638	21.314	7.347	5.026	69.293
249	64	255	40.906	441.047	28.971	10.687	7.625	115.899
250	52	255	1029.096	441.981	36.627	8.344	7.935	80.742
251	26	255	809.346	440.731	20.142	7.177	4.613	112.851
252	41	255	1176.841	438.744	29.213	10.032	5.204	47.132
253	32	255	1063.344	438.188	22.385	7.555	5.393	158.897
254	50	255	872.020	434.640	27.799	10.313	6.173	123.589
255	1	255	1180.500	438.500	2.828	1.128	1.128	0.000
256	33	255	114.045	433.864	21.556	9.079	4.628	146.328
257	36	255	649.611	429.778	30.627	8.023	5.713	92.030
258	49	255	199.296	427.071	29.213	10.347	6.029	38.269
259	42	255	616.786	426.905	28.385	9.025	5.926	102.921
260	39	255	1122.192	428.115	28.971	9.003	5.516	22.455
261	23	255	995.891	427.239	17.314	6.223	4.706	91.496
262	72	255	32.639	423.986	31.213	11.435	8.017	131.282
263	31	255	738.339	425.339	21.556	7.409	5.328	119.771
264	50	255	46.800	423.360	26.971	9.453	6.735	152.595
265	27	255	521.167	423.352	19.314	7.707	4.460	152.808
266	45	255	380.589	421.567	37.456	9.699	5.907	159.826
267	41	255	501.720	421.476	25.799	8.861	5.891	47.833
268	44	255	243.727	419.205	24.971	9.628	5.818	79.461
269	30	255	344.867	419.867	18.728	6.529	5.850	135.000
270	68	255	947.279	417.779	29.799	10.169	8.514	110.331
271	40	255	964.325	417.600	23.799	7.956	6.402	71.746
272	45	255	622.056	416.811	30.042	8.118	7.058	30.094
273	41	255	1053.817	416.061	23.799	7.871	6.633	172.471
274	46	255	824.391	411.870	32.042	9.574	6.117	62.085
275	1	255	383.500	415.500	2.828	1.128	1.128	0.000
276	37	255	1170.068	410.527	24.971	9.103	5.175	136.599
277	36	255	489.083	409.250	21.556	6.810	6.731	161.565
278	54	255	474.278	406.981	26.385	8.502	8.087	20.534
279	43	255	700.895	407.407	31.213	7.797	7.022	179.346
280	45	255	605.456	404.700	25.799	9.666	5.927	38.142
281	32	255	862.000	405.000	19.314	6.383	6.383	0.000
282	42	255	1202.667	402.357	27.213	8.210	6.514	145.255
283	38	255	51.658	401.211	22.385	9.028	5.359	129.463
284	60	255	112.250	398.450	28.385	10.092	7.569	51.034
285	31	255	134.242	391.210	20.142	6.884	5.734	179.375
286	22	255	877.136	391.409	24.971	5.941	4.715	146.943
287	39	255	782.141	389.936	26.385	8.823	5.628	20.678
288	49	255	547.459	386.459	31.799	8.815	7.078	113.376
289	63	255	912.135	383.071	28.971	9.766	8.214	86.837
290	51	255	153.186	373.461	27.213	9.915	6.549	119.494
291	23	255	777.543	375.674	26.385	6.384	4.587	169.734
292	39	255	818.962	374.654	28.042	8.698	5.709	146.081
293	38	255	1052.658	374.895	23.556	7.743	6.249	11.952
294	7	255	1222.643	375.071	13.899	3.452	2.582	157.500
295	38	255	136.316	372.026	23.556	7.724	6.264	1.845
296	40	255	681.175	370.700	24.142	8.108	6.281	68.782
297	21	255	802.929	372.833	16.142	5.633	4.747	8.888
298	39	255	473.654	370.321	22.142	7.340	6.765	115.681
299	42	255	362.119	369.667	23.556	8.275	6.462	170.041
300	55	255	616.955	365.645	27.799	9.673	7.240	135.946
301	55	255	911.282	366.027	26.142	8.526	8.214	109.187
302	43	255	135.593	364.151	26.385	8.537	6.413	142.330
303	59	255	1218.314	363.568	29.213	8.977	8.368	27.633
304	40	255	795.275	362.600	23.556	8.120	6.272	100.265
305	12	255	803.583	364.667	14.728	5.206	2.935	127.737
306	37	255	319.149	362.257	22.385	8.029	5.868	116.999
307	42	255	371.071	356.119	23.556	8.371	6.388	119.212
308	44	255	182.568	353.591	25.799	10.770	5.202	37.949
309	47	255	559.904	349.351	31.213	9.235	6.480	104.012
310	44	255	963.364	349.977	28.627	9.262	6.049	133.160
311	19	255	541.447	349.605	15.899	6.158	3.929	128.084
312	47	255	213.309	346.947	26.971	8.507	7.035	107.204
313	2	255	545.500	349.000	4.828	2.257	1.128	90.000
314	41	255	806.207	343.061	27.799	8.381	6.229	106.011
315	40	255	1114.800	341.525	31.799	7.268	7.007	55.933
316	48	255	409.438	338.625	24.971	9.375	6.519	115.825
317	1	255	1165.500	342.500	2.828	1.128	1.128	0.000
318	56	255	28.071	338.250	26.971	10.230	6.970	13.076
319	30	255	1155.300	339.067	23.799	6.899	5.537	163.001
320	31	255	758.629	335.887	20.142	7.246	5.447	24.599
321	63	255	1064.929	334.500	28.627	10.597	7.569	40.641
322	27	255	460.315	333.241	20.142	6.436	5.341	145.738
323	31	255	1028.984	330.790	21.556	7.809	5.055	122.663
324	39	255	911.962	327.038	22.971	7.951	6.245	116.955
325	50	255	1167.520	327.440	28.627	9.740	6.536	30.813
326	37	255	959.500	325.392	22.142	8.526	5.526	137.410
327	32	255	904.781	325.156	21.556	7.201	5.658	178.800
328	42	255	348.357	322.024	27.213	8.079	6.619	27.709
329	23	255	711.761	322.109	18.971	6.203	4.721	152.535
330	42	255	828.500	320.357	28.971	7.676	6.967	90.000
331	56	255	675.000	318.643	26.971	8.645	8.247	46.023
332	23	255	1025.761	318.717	26.142	6.699	4.372	168.134
333	36	255	246.222	316.639	22.971	7.304	6.276	137.509
334	2	255	714.000	318.500	4.243	2.257	1.128	0.000
335	48	255	737.583	315.375	26.971	10.210	5.986	17.596
336	64	255	1200.422	311.906	29.213	10.606	7.683	122.675
337	45	255	135.589	309.811	26.627	9.669	5.925	40.364
338	59	255	596.669	307.229	28.971	11.511	6.526	73.867
339	42	255	1155.452	310.095	35.213	9.076	5.892	166.930
340	32	255	267.188	306.000	20.728	7.591	5.367	38.742
341	34	255	260.206	304.647	25.799	9.144	4.734	132.850
342	42	255	1067.833	303.143	24.728	8.962	5.967	11.445
343	24	255	179.875	296.583	18.142	5.721	5.341	79.033
344	54	255	189.778	293.037	26.971	9.632	7.138	43.527
345	51	255	524.324	290.225	25.213	8.400	7.730	169.368
346	48	255	538.417	289.562	25.799	8.360	7.310	80.721
347	64	255	91.969	287.953	31.213	11.155	7.305	61.141
348	31	255	155.145	289.210	23.799	8.313	4.748	130.016
349	53	255	1105.255	289.085	32.627	9.243	7.300	25.295
350	34	255	888.000	288.441	32.971	7.312	5.921	108.649
351	51	255	982.324	288.127	25.799	9.252	7.019	148.961
352	46	255	719.870	287.174	29.213	9.214	6.357	34.296
353	47	255	1175.372	287.351	26.142	10.222	5.854	25.638
354	74	255	1042.649	284.149	31.213	10.792	8.730	102.541
355	54	255	869.722	284.241	26.385	8.882	7.741	167.387
356	42	255	595.286	284.167	26.385	8.853	6.040	177.185
357	34	255	1024.794	281.676	20.728	7.080	6.114	74.394
358	40	255	1062.525	280.900	22.971	7.929	6.423	99.829
359	58	255	181.121	278.345	26.971	10.376	7.117	13.789
360	53	255	428.085	276.953	31.213	8.600	7.847	92.630
361	41	255	510.866	276.988	25.556	8.628	6.051	16.659
362	42	255	551.595	275.429	29.556	8.811	6.069	132.050
363	15	255	1134.100	277.433	17.314	7.167	2.665	158.292
364	30	255	683.200	274.133	19.556	7.354	5.194	39.854
365	34	255	1220.088	273.059	20.971	7.310	5.922	87.405
366	57	255	470.991	270.518	28.385	10.445	6.948	62.710
367	57	255	132.904	271.991	28.385	11.589	6.262	176.610
368	29	255	1060.776	270.293	20.971	7.416	4.979	20.646
369	36	255	544.000	264.056	23.556	8.136	5.634	155.557
370	31	255	858.565	262.919	20.728	6.647	5.938	57.595
371	54	255	114.667	255.352	26.385	9.190	7.482	101.884
372	19	255	1181.026	256.711	19.556	6.541	3.698	176.282
373	55	255	506.973	253.827	31.213	9.161	7.645	132.474
374	49	255	675.602	251.398	26.971	10.406	5.996	79.166
375	36	255	1045.556	251.556	22.142	9.090	5.042	100.784
376	54	255	1102.185	245.167	25.799	8.795	7.817	61.520
377	36	255	545.333	244.694	24.142	8.424	5.441	42.902
378	28	255	753.214	244.500	20.142	7.373	4.835	48.093
379	43	255	799.872	239.360	25.556	10.301	5.315	70.876
380	80	255	926.000	238.375	31.799	10.327	9.864	0.000
381	19	255	1050.395	240.342	16.728	6.816	3.549	0.906
382	59	255	74.568	234.517	28.385	9.875	7.607	55.422
383	34	255	238.412	233.529	22.142	8.270	5.235	137.417
384	51	255	617.363	233.049	37.113	9.233	7.033	28.108
385	72	255	133.778	230.819	30.971	11.286	8.123	171.637
386	34	255	378.941	230.324	20.728	6.999	6.186	81.041
387	35	255	1030.671	225.071	33.456	10.155	4.388	149.941
388	43	255	571.616	222.430	26.627	9.120	6.003	8.590
389	13	255	1027.038	222.115	15.314	6.211	2.665	141.068
390	26	255	560.346	216.923	18.728	6.097	5.430	29.137
391	40	255	298.925	211.075	23.799	9.800	5.197	134.043
392	50	255	1048.560	208.800	28.971	10.206	6.238	23.036
393	30	255	184.533	206.400	19.314	7.122	5.363	85.775
394	31	255	787.403	205.694	20.971	8.800	4.485	42.550
395	30	255	21.633	205.067	20.142	7.214	5.295	137.518
396	69	255	79.486	202.065	31.213	10.814	8.124	158.508
397	48	255	866.292	199.062	27.556	9.069	6.739	59.822
398	36	255	317.194	198.389	23.556	8.913	5.143	130.968
399	61	255	1214.205	196.254	28.627	10.131	7.666	33.706
400	31	255	1202.500	197.468	21.314	7.159	5.513	3.969
401	45	255	792.189	193.456	33.213	8.946	6.405	161.832
402	34	255	459.882	193.471	29.213	8.452	5.122	3.656
403	26	255	982.462	191.538	23.556	8.345	3.967	30.534
404	47	255	130.755	188.904	24.971	9.917	6.034	134.632
405	31	255	654.790	186.758	22.142	8.348	4.728	7.083
406	36	255	350.667	181.556	22.142	8.422	5.443	126.909
407	36	255	47.194	179.333	24.385	8.036	5.704	127.824
408	58	255	480.931	178.466	28.385	10.633	6.945	14.945
409	45	255	1046.189	178.344	27.556	8.727	6.565	59.372
410	50	255	647.000	177.420	25.314	8.389	7.589	1.247E-13
411	36	255	792.139	176.278	22.971	7.296	6.282	143.802
412	58	255	460.155	174.431	27.799	9.691	7.620	171.538
413	1	255	1047.500	174.500	2.828	1.128	1.128	0.000
414	1	255	1049.500	174.500	2.828	1.128	1.128	0.000
415	55	255	682.555	170.118	26.385	9.554	7.330	37.075
416	37	255	1007.959	170.419	20.728	7.326	6.430	99.268
417	58	255	40.293	168.552	28.385	10.561	6.992	115.906
418	31	255	897.242	164.790	22.971	7.378	5.350	159.802
419	28	255	478.036	156.143	22.142	8.174	4.361	103.431
420	61	255	147.156	155.287	28.971	10.076	7.708	178.434
421	54	255	245.352	151.870	26.385	9.448	7.277	154.931
422	75	255	402.700	147.593	42.870	10.353	9.224	171.155
423	50	255	1168.880	147.400	24.728	8.586	7.415	164.753
424	46	255	1203.500	145.196	24.385	8.129	7.205	53.178
425	73	255	55.801	142.363	30.971	11.318	8.212	100.661
426	52	255	835.019	144.269	26.971	8.656	7.649	161.878
427	53	255	83.311	141.123	27.799	10.079	6.695	135.838
428	37	255	347.230	142.338	22.971	8.666	5.436	36.941
429	37	255	586.122	140.149	24.142	7.691	6.125	95.384
430	61	255	191.123	136.648	27.556	9.904	7.842	121.221
431	14	255	595.000	139.000	12.485	4.849	3.676	45.000
432	22	255	817.318	138.227	18.728	5.492	5.101	58.990
433	47	255	359.989	134.032	26.385	9.665	6.192	60.861
434	55	255	386.809	131.318	28.385	10.469	6.689	115.457
435	33	255	1083.197	131.439	20.728	6.722	6.251	128.791
436	41	255	1164.476	130.085	22.385	7.317	7.135	130.935
437	63	255	719.754	128.468	29.213	9.494	8.449	47.286
438	29	255	782.466	129.603	19.314	7.066	5.226	178.786
439	1	255	1210.500	131.500	2.828	1.128	1.128	0.000
440	65	255	35.500	125.377	28.385	9.314	8.886	44.119
441	32	255	735.969	125.750	22.971	7.617	5.349	123.185
442	50	255	81.860	124.740	24.971	8.625	7.381	22.806
443	46	255	633.674	123.630	27.213	8.690	6.740	105.928
444	44	255	368.614	122.182	24.971	8.852	6.329	64.117
445	38	255	177.079	122.658	21.556	7.342	6.590	51.506
446	41	255	785.915	121.159	24.142	9.687	5.389	112.396
447	14	255	1222.571	122.643	13.071	5.443	3.275	97.161
448	25	255	1012.340	115.220	25.799	8.715	3.653	150.305
449	51	255	156.775	112.833	26.385	10.412	6.237	145.139
450	61	255	470.959	113.172	33.799	10.224	7.597	17.323
451	49	255	1135.031	110.071	24.971	8.229	7.582	9.403
452	44	255	809.795	109.614	28.385	8.090	6.925	158.171
453	50	255	1105.140	108.320	25.799	9.240	6.890	126.444
454	55	255	793.518	107.245	35.456	9.332	7.504	168.915
455	47	255	376.330	106.479	24.142	8.073	7.412	7.240
456	45	255	836.900	104.300	28.971	10.489	5.463	10.876
457	39	255	216.731	102.038	29.213	9.815	5.059	155.340
458	65	255	787.762	97.808	30.042	11.565	7.156	143.203
459	4	255	564.000	100.500	7.657	3.216	1.583	121.717
460	47	255	723.926	96.904	24.385	9.226	6.486	47.165
461	41	255	971.280	96.573	25.799	8.243	6.333	143.992
462	57	255	778.798	93.482	32.385	9.600	7.560	127.743
463	47	255	1202.074	91.670	24.142	8.190	7.307	9.123
464	35	255	912.843	86.500	24.385	7.283	6.119	48.090
465	46	255	251.587	83.239	26.385	9.174	6.385	55.011
466	43	255	552.640	80.616	24.971	10.234	5.350	120.310
467	58	255	18.448	77.552	29.213	11.016	6.704	165.229
468	45	255	1061.678	74.722	32.284	9.542	6.005	123.630
469	62	255	96.742	72.468	29.213	10.476	7.536	75.659
470	57	255	698.430	70.939	28.385	10.159	7.144	80.868
471	63	255	395.103	69.563	28.971	10.036	7.993	75.186
472	45	255	406.122	68.478	25.799	7.853	7.296	3.611
473	43	255	74.244	68.081	23.556	8.719	6.280	171.515
474	48	255	276.979	66.500	26.971	8.015	7.625	122.991
475	60	255	562.133	61.050	28.971	10.811	7.067	112.098
476	35	255	866.900	60.071	26.385	9.624	4.630	125.010
477	21	255	195.357	59.929	16.728	5.241	5.102	157.500
478	46	255	513.804	59.391	27.799	8.329	7.032	15.903
479	50	255	590.780	58.780	34.627	8.881	7.168	127.313
480	29	255	818.603	60.431	20.728	7.432	4.968	7.116
481	85	255	348.241	57.265	33.213	11.430	9.469	144.082
482	31	255	1025.500	58.790	21.556	7.411	5.326	154.493
483	64	255	1159.062	56.250	28.627	10.277	7.929	29.102
484	36	255	1109.278	53.972	22.142	7.487	6.122	17.971
485	52	255	1073.308	44.712	30.042	10.180	6.503	138.619
486	46	255	440.935	43.826	26.385	10.308	5.682	123.189
487	83	255	31.331	39.922	33.213	11.875	8.899	41.335
488	52	255	824.212	39.385	34.042	8.731	7.583	96.173
489	73	255	522.021	38.034	30.627	10.244	9.073	114.168
490	43	255	16.663	38.012	23.799	7.893	6.937	25.419
491	31	255	1202.565	39.597	22.142	7.638	5.168	6.081
492	33	255	837.409	33.652	28.142	8.277	5.076	106.559
493	1	255	838.500	38.500	2.828	1.128	1.128	0.000
494	24	255	1222.250	33.000	19.314	7.121	4.291	90.000
495	45	255	729.189	31.856	26.385	10.242	5.594	173.399
496	53	255	1155.915	30.877	26.385	9.615	7.019	52.443
497	70	255	163.543	27.043	29.799	10.413	8.559	58.468
498	27	255	298.056	25.426	20.971	8.282	4.151	127.327
499	28	255	652.393	24.214	18.728	7.002	5.092	7.047
500	69	255	516.746	21.384	29.799	9.922	8.854	81.444
501	36	255	845.250	22.222	22.142	8.605	5.327	119.366
502	58	255	352.828	19.845	28.385	10.353	7.133	26.894
503	38	255	10.158	20.500	24.142	9.495	5.095	13.399
504	65	255	1201.192	17.438	28.971	9.640	8.585	119.881
505	31	255	303.790	17.242	20.142	7.083	5.573	0.481
506	70	255	720.857	15.571	32.627	11.028	8.082	13.353
507	40	255	912.375	15.125	22.385	7.366	6.914	53.551
508	51	255	129.245	10.951	26.627	9.392	6.914	20.800
509	33	255	985.591	6.864	23.799	7.938	5.293	147.622
510	67	255	139.276	4.037	29.799	10.510	8.117	27.121
511	71	255	617.176	4.063	31.213	11.546	7.830	44.817
512	34	255	1127.000	4.941	28.385	8.594	5.037	60.187
513	5	255	939.900	-0.300	9.071	3.732	1.706	174.848
