 	Area	Mean	XM	YM	Perim.	Major	Minor	Angle
1	40	255	292.850	899.700	22.971	8.612	5.914	140.317
2	11	255	344.955	901.773	14.728	5.058	2.769	178.742
3	27	255	477.315	901.537	23.314	9.724	3.535	178.177
4	21	255	578.500	901.690	19.899	8.305	3.219	0.000
5	45	255	695.811	898.500	24.971	9.441	6.069	68.349
6	87	255	943.397	898.810	33.556	11.692	9.474	5.493
7	47	255	224.160	893.649	25.799	10.493	5.703	154.179
8	94	255	663.415	888.915	35.456	13.149	9.102	128.337
9	82	255	1147.744	886.451	33.213	11.639	8.971	128.735
10	42	255	433.048	883.786	23.556	8.473	6.311	92.369
11	36	255	735.333	881.139	29.213	8.885	5.159	71.208
12	33	255	200.288	881.258	23.556	7.426	5.658	98.469
13	51	255	493.363	876.441	25.799	8.514	7.627	89.280
14	64	255	881.781	874.188	29.213	9.603	8.485	143.868
15	33	255	417.500	874.682	20.485	7.620	5.514	90.000
16	83	255	159.307	872.355	33.213	11.809	8.949	173.653
17	39	255	690.962	872.654	24.385	8.854	5.608	104.732
18	72	255	252.972	870.361	31.799	10.891	8.418	52.501
19	37	255	1127.203	867.932	22.728	8.180	5.759	66.462
20	67	255	907.515	865.649	29.799	9.865	8.647	87.100
21	39	255	124.269	865.372	23.799	8.450	5.877	3.524
22	54	255	594.185	862.426	26.385	9.189	7.483	117.578
23	32	255	1079.562	863.844	24.971	6.753	6.033	178.096
24	50	255	523.900	861.220	29.213	11.225	5.671	37.626
25	62	255	659.726	859.452	27.799	9.061	8.713	174.519
26	62	255	417.984	858.790	29.213	11.572	6.822	151.184
27	19	255	946.921	859.605	15.071	5.550	4.359	77.179
28	50	255	1192.400	855.060	30.971	10.979	5.799	107.682
29	3	255	1194.167	860.167	5.657	2.365	1.615	135.000
30	53	255	614.745	854.689	28.042	9.760	6.914	110.123
31	35	255	66.186	854.271	23.556	8.942	4.983	110.382
32	55	255	1034.500	853.791	32.627	9.358	7.483	96.247
33	64	255	15.578	852.641	29.556	10.728	7.595	50.056
34	72	255	350.500	852.431	30.971	9.934	9.229	115.578
35	79	255	679.272	848.551	32.627	10.710	9.392	57.895
36	82	255	1098.390	848.012	32.627	10.401	10.038	33.106
37	42	255	297.595	846.929	23.556	8.196	6.525	54.957
38	44	255	825.159	844.455	24.728	9.229	6.070	106.731
39	32	255	198.594	843.031	22.971	8.192	4.974	27.606
40	74	255	355.689	841.392	30.385	10.434	9.030	22.628
41	69	255	141.065	839.993	31.213	11.003	7.984	117.338
42	47	255	82.713	837.457	24.971	8.707	6.873	64.987
43	41	255	704.573	838.622	23.556	9.368	5.572	177.548
44	52	255	315.769	830.231	25.799	8.774	7.546	120.653
45	77	255	615.864	830.643	30.971	10.710	9.154	165.730
46	60	255	66.167	830.233	28.971	11.047	6.916	166.462
47	31	255	80.306	829.790	20.971	7.053	5.596	5.507
48	75	255	132.940	828.167	31.213	10.275	9.294	125.329
49	35	255	1066.500	829.729	23.556	7.612	5.855	115.289
50	74	255	1096.676	828.257	31.213	10.075	9.352	124.813
51	43	255	471.779	828.174	23.556	8.793	6.227	118.155
52	59	255	845.280	827.805	27.799	10.208	7.359	155.086
53	63	255	289.675	825.944	27.556	9.518	8.428	172.663
54	67	255	559.500	824.500	28.971	9.495	8.984	63.435
55	46	255	256.565	824.000	26.385	8.446	6.934	57.988
56	68	255	494.309	824.382	32.142	12.372	6.998	10.360
57	58	255	1056.155	823.690	27.799	8.875	8.321	128.607
58	59	255	101.873	817.771	29.213	11.377	6.603	42.680
59	33	255	61.652	816.288	22.385	6.881	6.106	51.703
60	37	255	1114.365	817.473	23.799	8.113	5.807	15.752
61	57	255	784.202	814.132	27.799	10.373	6.996	117.970
62	49	255	743.092	813.908	27.213	8.335	7.485	38.354
63	39	255	965.577	814.064	21.899	7.636	6.503	10.730
64	52	255	1083.577	813.173	25.556	9.275	7.138	2.609
65	82	255	616.707	809.317	34.042	11.848	8.812	85.578
66	53	255	726.179	811.311	25.799	8.939	7.549	74.631
67	45	255	1179.256	809.811	24.385	8.047	7.120	148.337
68	58	255	667.086	806.603	26.971	9.095	8.120	103.024
69	44	255	1054.977	800.909	28.385	10.010	5.597	91.782
70	35	255	181.214	801.871	21.556	7.519	5.927	108.103
71	67	255	533.396	800.664	30.627	10.341	8.250	20.704
72	83	255	718.681	800.018	32.971	11.048	9.565	46.504
73	53	255	219.047	799.764	26.385	8.720	7.739	42.476
74	53	255	1130.575	799.632	28.971	10.601	6.366	18.502
75	95	255	732.300	794.289	37.799	13.118	9.221	116.626
76	48	255	1171.646	796.646	25.799	9.340	6.543	23.663
77	39	255	550.346	793.500	22.142	7.177	6.919	0.000
78	68	255	1115.029	790.235	30.042	10.117	8.558	36.783
79	82	255	380.463	788.549	32.385	11.332	9.213	75.027
80	59	255	1215.314	788.161	42.284	10.541	7.127	146.491
81	33	255	686.621	789.500	20.485	7.651	5.492	90.000
82	58	255	799.000	788.362	26.385	8.854	8.341	90.000
83	61	255	365.287	787.139	29.799	10.882	7.137	117.357
84	79	255	504.766	785.475	32.042	10.701	9.400	143.766
85	75	255	741.447	784.887	31.213	9.951	9.597	133.261
86	95	255	240.784	782.732	36.627	12.341	9.801	76.740
87	66	255	342.348	781.788	29.213	10.493	8.008	147.336
88	47	255	14.564	780.947	24.142	8.468	7.067	110.584
89	32	255	403.312	782.156	26.385	7.780	5.237	14.990
90	44	255	821.477	781.182	24.385	8.240	6.799	161.728
91	11	255	753.955	781.136	13.314	4.632	3.024	96.768
92	49	255	578.541	778.929	24.728	8.639	7.221	70.344
93	34	255	680.706	778.824	22.971	8.954	4.835	103.399
94	58	255	1041.241	778.776	26.971	9.123	8.095	15.841
95	73	255	1120.226	777.938	32.627	12.676	7.333	38.112
96	51	255	62.676	776.225	28.385	10.986	5.911	64.045
97	49	255	333.296	775.806	24.971	8.319	7.499	140.361
98	42	255	886.690	776.714	25.799	9.413	5.681	20.605
99	1	255	684.500	776.500	2.828	1.128	1.128	0.000
100	23	255	446.283	773.152	17.314	6.080	4.817	124.722
101	38	255	769.263	769.895	23.799	7.774	6.224	127.481
102	58	255	308.983	767.776	27.213	9.600	7.692	69.259
103	49	255	1145.541	769.867	26.971	10.164	6.138	175.397
104	44	255	730.818	767.068	25.799	9.392	5.965	128.298
105	39	255	419.474	767.346	23.314	9.239	5.375	5.598
106	37	255	864.122	766.581	22.142	7.137	6.601	134.913
107	30	255	342.467	760.267	23.799	8.187	4.665	135.485
108	55	255	103.955	759.555	26.385	10.055	6.965	177.697
109	58	255	1086.241	758.862	27.556	8.959	8.243	40.115
110	10	255	1163.000	759.300	10.485	4.198	3.033	180.000
111	47	255	380.521	750.479	26.385	8.033	7.449	102.349
112	49	255	334.622	747.969	26.971	9.881	6.314	52.754
113	57	255	218.096	743.675	30.627	9.154	7.929	45.882
114	2	255	364.000	747.500	4.243	2.257	1.128	0.000
115	70	255	1073.043	743.471	30.385	9.885	9.017	158.498
116	76	255	322.553	740.434	32.385	12.631	7.661	122.081
117	58	255	103.000	740.155	26.971	9.247	7.986	120.562
118	45	255	453.300	741.544	27.213	9.283	6.172	152.372
119	47	255	1055.287	740.500	27.213	9.056	6.608	149.092
120	48	255	807.875	738.208	28.627	11.189	5.462	138.853
121	100	255	397.320	735.110	36.870	14.084	9.040	161.711
122	76	255	672.382	732.618	32.627	12.906	7.498	121.087
123	44	255	597.955	733.136	24.385	9.691	5.781	47.559
124	69	255	1150.094	733.486	35.556	13.022	6.746	167.127
125	59	255	420.025	731.500	27.213	8.770	8.566	90.000
126	91	255	714.456	730.137	34.042	11.331	10.225	45.253
127	39	255	177.987	731.474	22.971	7.280	6.821	12.639
128	27	255	465.167	731.537	18.728	6.183	5.560	1.464
129	96	255	344.948	723.010	35.213	11.668	10.476	75.443
130	81	255	1017.784	722.710	31.799	10.657	9.677	138.098
131	76	255	273.487	720.711	33.456	12.628	7.663	44.041
132	3	255	364.833	724.833	5.657	2.365	1.615	135.000
133	36	255	622.139	721.972	22.971	8.784	5.218	123.480
134	51	255	741.520	720.304	28.971	11.434	5.679	105.761
135	53	255	222.500	720.406	26.142	9.518	7.090	103.611
136	24	255	951.542	722.792	18.142	7.135	4.283	154.128
137	30	255	301.867	720.433	22.971	8.392	4.552	49.552
138	31	255	323.048	721.081	19.314	6.461	6.109	149.036
139	64	255	1176.484	718.562	28.971	10.639	7.659	46.919
140	38	255	395.921	714.684	25.556	7.775	6.223	85.766
141	69	255	690.935	714.428	29.799	9.921	8.856	18.333
142	54	255	1084.889	714.889	25.556	8.594	8.000	45.000
143	48	255	211.458	712.729	25.556	8.740	6.993	107.799
144	56	255	376.589	710.625	28.971	11.266	6.329	70.936
145	45	255	1071.078	707.233	30.627	8.462	6.771	135.064
146	39	255	1208.910	706.885	25.556	8.925	5.564	63.790
147	59	255	62.907	705.771	27.799	10.280	7.308	153.938
148	68	255	431.882	702.853	30.042	10.829	7.995	53.465
149	83	255	167.512	700.946	32.627	11.936	8.854	35.396
150	39	255	779.885	701.987	23.556	8.722	5.693	71.773
151	2	255	952.500	705.000	4.828	2.257	1.128	90.000
152	61	255	742.762	694.795	28.385	10.147	7.654	95.600
153	7	255	520.786	695.500	9.071	3.086	2.888	90.000
154	89	255	849.433	690.871	33.213	11.413	9.929	22.228
155	62	255	1206.726	691.419	29.799	10.136	7.788	166.929
156	69	255	60.094	689.877	29.799	10.135	8.668	99.903
157	14	255	493.429	690.357	13.314	5.342	3.337	23.125
158	13	255	489.962	685.654	12.485	4.359	3.797	166.224
159	24	255	1167.042	684.833	18.142	6.438	4.746	169.781
160	67	255	231.769	680.022	29.799	10.642	8.016	6.829
161	39	255	118.192	679.013	22.971	7.749	6.408	93.421
162	2	255	1171.000	682.000	5.657	2.596	0.981	45.000
163	21	255	83.595	679.452	17.314	5.579	4.792	159.298
164	63	255	1001.611	676.294	30.142	11.581	6.927	106.182
165	26	255	1094.654	677.692	18.728	6.165	5.370	137.476
166	30	255	1178.833	677.700	19.314	6.311	6.053	9.412
167	47	255	459.202	676.096	24.971	7.972	7.507	170.181
168	89	255	630.242	674.669	34.042	11.226	10.094	46.563
169	33	255	78.167	674.167	20.971	7.406	5.673	170.783
170	51	255	793.049	670.912	26.728	10.731	6.051	102.698
171	27	255	1179.944	671.870	19.314	6.705	5.127	26.540
172	32	255	422.125	670.344	19.556	6.924	5.884	110.294
173	24	255	314.042	668.750	17.899	7.045	4.337	83.060
174	29	255	73.638	667.879	19.314	6.953	5.310	127.894
175	51	255	104.716	664.029	26.971	10.237	6.343	100.802
176	29	255	285.224	664.948	19.314	6.726	5.490	125.365
177	94	255	950.117	661.809	35.213	11.823	10.123	3.395
178	61	255	579.697	659.943	41.799	11.109	6.992	109.190
179	51	255	71.441	658.735	29.213	11.448	5.672	121.021
180	12	255	267.167	661.250	20.142	4.806	3.179	50.629
181	76	255	326.697	659.211	32.042	11.952	8.097	138.734
182	76	255	392.237	658.947	30.971	10.773	8.982	114.412
183	61	255	1078.500	657.713	31.213	11.549	6.725	80.685
184	27	255	674.870	657.907	21.556	7.852	4.378	123.532
185	50	255	810.240	654.820	24.971	8.774	7.256	49.928
186	3	255	704.167	655.833	5.657	2.365	1.615	45.000
187	33	255	830.621	652.773	22.971	8.512	4.936	89.513
188	71	255	268.514	650.599	31.213	12.610	7.169	149.522
189	89	255	1049.612	648.230	33.456	11.216	10.103	22.203
190	42	255	913.048	648.405	29.799	8.542	6.261	91.004
191	40	255	471.800	648.225	22.728	8.533	5.969	11.243
192	36	255	414.167	645.889	21.556	7.506	6.107	159.699
193	88	255	47.614	641.784	34.042	11.079	10.113	132.228
194	36	255	758.861	642.194	23.556	7.878	5.818	76.610
195	42	255	1128.333	642.643	22.971	8.413	6.356	126.681
196	107	255	9.977	639.164	37.456	11.948	11.403	34.509
197	36	255	34.861	638.944	21.556	8.200	5.590	114.672
198	10	255	743.200	640.900	11.314	3.618	3.519	63.435
199	63	255	362.690	638.738	29.556	11.279	7.112	174.812
200	50	255	502.980	637.120	28.142	10.710	5.944	102.997
201	34	255	552.000	638.618	20.728	7.828	5.530	59.830
202	65	255	659.931	636.500	28.971	9.774	8.467	118.302
203	37	255	800.662	636.716	26.385	7.091	6.643	36.420
204	30	255	1136.833	634.533	19.556	6.721	5.683	107.924
205	48	255	698.896	632.083	26.042	9.871	6.191	152.151
206	27	255	406.981	631.611	21.799	7.254	4.739	133.026
207	38	255	286.474	630.158	22.728	7.756	6.238	156.637
208	1	255	798.500	632.500	2.828	1.128	1.128	0.000
209	57	255	385.711	627.746	27.799	9.843	7.373	159.463
210	48	255	650.438	626.917	29.799	8.962	6.819	114.063
211	46	255	1107.609	627.174	29.799	8.802	6.654	53.521
212	71	255	133.007	625.697	30.627	11.611	7.786	44.104
213	78	255	309.744	623.205	32.627	11.295	8.792	37.048
214	35	255	730.643	625.300	21.314	7.755	5.746	154.434
215	51	255	845.931	622.775	31.213	10.981	5.913	75.943
216	100	255	454.500	621.730	38.042	14.098	9.031	148.086
217	38	255	190.316	620.553	22.142	7.717	6.270	48.616
218	37	255	63.230	618.338	22.385	7.710	6.110	148.595
219	89	255	938.028	614.388	35.213	11.857	9.557	104.121
220	19	255	703.237	615.342	14.728	5.685	4.255	140.092
221	60	255	794.100	613.633	34.627	9.335	8.183	77.282
222	86	255	531.500	611.000	33.799	11.145	9.825	132.050
223	35	255	208.871	610.386	21.556	8.001	5.570	58.243
224	41	255	745.524	610.012	23.556	7.927	6.585	73.095
225	22	255	809.591	610.591	18.142	6.524	4.294	64.261
226	28	255	772.750	608.714	19.314	7.126	5.003	158.151
227	78	255	246.000	605.000	31.799	10.685	9.294	121.062
228	12	255	353.500	607.833	13.314	4.424	3.453	81.650
229	37	255	588.851	604.662	23.799	9.519	4.949	40.483
230	34	255	710.912	606.029	21.556	8.715	4.967	160.863
231	23	255	54.196	603.848	17.899	6.825	4.290	96.084
232	61	255	394.025	601.795	29.456	11.189	6.941	133.718
233	20	255	684.850	605.650	21.314	8.793	2.896	1.117
234	31	255	59.984	602.758	20.142	6.501	6.071	100.079
235	47	255	1084.777	602.309	24.971	8.722	6.861	162.899
236	37	255	218.824	600.527	22.142	7.263	6.486	24.238
237	46	255	532.543	599.717	23.556	8.109	7.223	105.804
238	45	255	1108.900	600.678	23.556	8.297	6.906	161.477
239	45	255	123.589	595.811	27.799	8.338	6.872	76.146
240	41	255	616.841	595.915	22.728	8.344	6.256	94.194
241	35	255	775.671	594.471	24.971	9.477	4.702	93.459
242	49	255	105.316	592.500	25.799	8.536	7.309	7.544
243	49	255	816.602	590.969	30.042	8.251	7.562	38.396
244	36	255	115.083	590.694	21.556	7.418	6.179	117.283
245	39	255	146.346	590.577	22.142	7.517	6.606	122.392
246	55	255	894.136	589.573	26.385	8.764	7.990	109.873
247	34	255	921.500	591.088	20.728	7.681	5.636	144.720
248	81	255	992.722	588.290	32.627	10.882	9.478	144.666
249	38	255	403.132	588.132	22.728	8.277	5.845	78.321
250	78	255	386.218	586.385	31.799	10.896	9.115	23.546
251	33	255	109.773	586.136	20.728	7.162	5.867	78.136
252	39	255	366.295	585.603	29.556	8.566	5.797	79.205
253	33	255	284.591	584.288	20.728	7.880	5.332	97.615
254	51	255	421.735	583.971	24.971	8.748	7.423	133.542
255	47	255	513.670	583.926	23.556	8.190	7.307	99.123
256	38	255	924.263	579.737	29.456	8.529	5.673	48.051
257	5	255	817.900	581.900	9.071	4.076	1.562	159.006
258	92	255	200.598	576.217	34.042	11.666	10.041	136.323
259	52	255	263.885	577.885	25.556	8.695	7.615	34.944
260	51	255	906.461	575.382	26.971	9.133	7.110	95.497
261	44	255	442.523	575.159	24.142	8.475	6.610	59.766
262	63	255	339.643	573.548	28.971	11.709	6.851	165.477
263	64	255	122.234	572.125	28.385	9.918	8.216	166.511
264	41	255	432.598	571.524	23.899	9.710	5.376	85.338
265	36	255	747.694	572.944	22.971	7.848	5.841	153.288
266	61	255	1057.943	571.057	28.385	10.351	7.503	113.128
267	44	255	605.227	570.477	28.042	8.771	6.387	62.417
268	25	255	673.620	571.540	18.728	7.197	4.423	102.357
269	47	255	1103.309	567.862	24.385	8.177	7.318	64.985
270	37	255	180.311	565.635	24.142	9.613	4.901	70.754
271	19	255	1222.342	565.184	18.142	6.290	3.846	91.615
272	32	255	843.812	565.219	22.385	7.145	5.703	11.614
273	46	255	212.457	560.652	26.385	10.046	5.830	97.071
274	50	255	347.000	561.500	25.314	9.713	6.554	90.000
275	39	255	482.269	562.346	21.556	7.223	6.875	7.628
276	59	255	658.059	560.703	29.799	11.489	6.539	38.572
277	37	255	811.500	560.149	24.971	9.546	4.935	51.753
278	60	255	984.033	561.183	28.385	9.806	7.791	12.769
279	19	255	773.289	560.868	15.314	5.119	4.726	173.736
280	89	255	125.848	556.972	34.385	11.816	9.590	139.501
281	2	255	948.000	560.000	5.657	2.596	0.981	135.000
282	48	255	21.062	554.979	24.971	9.570	6.386	85.917
283	64	255	533.859	554.781	29.213	10.417	7.823	120.711
284	36	255	944.806	556.861	22.971	8.142	5.630	6.258
285	116	255	375.164	548.448	40.042	14.293	10.334	2.075
286	83	255	442.042	549.211	32.385	10.402	10.159	138.883
287	65	255	1069.715	548.408	29.556	10.186	8.125	83.253
288	19	255	170.395	550.079	15.071	5.550	4.359	12.821
289	85	255	42.982	544.841	34.042	12.398	8.729	115.225
290	37	255	845.257	548.581	23.556	9.207	5.117	177.878
291	63	255	351.897	544.817	28.971	9.700	8.269	19.889
292	77	255	810.539	543.240	33.799	12.413	7.898	70.311
293	87	255	327.443	540.856	33.213	11.087	9.991	17.169
294	16	255	554.688	538.750	15.314	5.895	3.455	101.417
295	65	255	1035.746	536.715	29.213	10.419	7.943	124.639
296	27	255	173.611	537.093	20.728	8.577	4.008	65.429
297	47	255	1131.649	537.309	24.728	8.290	7.218	112.500
298	39	255	992.987	535.269	24.971	9.263	5.361	102.373
299	85	255	595.582	533.394	33.799	11.396	9.497	23.364
300	32	255	360.156	533.969	21.799	7.564	5.386	11.876
301	70	255	438.929	531.557	30.385	10.005	8.908	88.587
302	75	255	32.527	529.313	31.213	11.066	8.630	157.969
303	47	255	895.457	529.138	31.799	10.476	5.712	60.943
304	41	255	520.549	529.427	22.728	7.471	6.988	49.471
305	47	255	283.543	526.926	24.728	8.423	7.104	83.252
306	52	255	469.212	525.250	27.213	10.463	6.328	58.818
307	37	255	1055.230	526.959	22.142	7.435	6.336	166.182
308	30	255	45.567	524.433	19.314	7.326	5.214	85.306
309	54	255	641.204	520.815	27.799	9.796	7.019	88.225
310	37	255	937.392	522.122	22.971	7.286	6.466	163.343
311	1	255	896.500	524.500	2.828	1.128	1.128	0.000
312	41	255	14.646	520.720	22.971	9.075	5.752	173.603
313	74	255	415.257	520.230	30.971	11.299	8.338	178.980
314	37	255	180.014	519.392	22.142	8.277	5.692	118.602
315	59	255	767.432	516.975	26.971	9.051	8.300	172.725
316	52	255	166.923	514.115	25.556	9.272	7.141	47.391
317	90	255	213.900	512.656	34.385	11.516	9.951	64.468
318	59	255	1111.839	513.212	26.971	9.058	8.293	77.189
319	41	255	7.378	511.963	24.728	9.856	5.297	95.256
320	58	255	1051.879	513.000	27.314	8.695	8.493	90.000
321	37	255	1157.284	511.824	21.314	7.384	6.380	174.022
322	22	255	76.091	511.773	16.728	5.888	4.758	164.352
323	76	255	371.987	507.908	32.971	12.733	7.599	108.169
324	49	255	707.051	509.622	26.385	9.639	6.472	70.493
325	70	255	761.200	508.586	29.799	10.160	8.772	149.167
326	45	255	233.789	506.278	28.142	8.233	6.959	169.984
327	47	255	604.777	504.840	24.385	7.897	7.578	103.761
328	49	255	441.337	503.418	25.556	9.483	6.579	112.545
329	77	255	499.968	503.006	32.385	12.010	8.163	8.564
330	33	255	775.409	503.985	20.142	7.336	5.727	145.930
331	32	255	821.688	503.812	21.799	7.072	5.761	136.601
332	44	255	1158.545	502.045	24.971	8.536	6.563	105.592
333	95	255	336.416	499.426	36.042	12.844	9.417	125.264
334	59	255	538.754	500.619	27.556	9.802	7.664	63.214
335	38	255	675.158	501.447	23.314	8.628	5.607	120.130
336	66	255	625.712	497.894	29.799	10.296	8.162	108.849
337	56	255	466.518	496.821	27.556	10.481	6.803	79.558
338	51	255	1024.657	497.853	25.799	9.332	6.958	153.229
339	38	255	167.447	497.579	21.556	7.146	6.771	123.690
340	72	255	837.097	495.278	30.627	10.830	8.465	140.101
341	71	255	915.613	493.923	31.556	12.394	7.294	91.320
342	94	255	882.479	493.926	34.385	11.588	10.329	170.676
343	50	255	936.940	495.040	29.213	8.450	7.534	88.720
344	42	255	1220.333	492.619	27.799	7.501	7.129	66.090
345	52	255	260.096	491.577	27.213	9.621	6.881	134.405
346	82	255	303.524	489.439	32.971	11.396	9.162	87.556
347	55	255	482.991	490.973	27.213	10.753	6.512	144.308
348	37	255	552.014	490.581	22.142	7.267	6.483	93.443
349	36	255	978.611	490.889	22.385	8.582	5.341	4.035
350	26	255	56.769	488.923	20.142	7.390	4.479	69.954
351	68	255	1061.088	487.397	30.385	9.770	8.862	62.382
352	58	255	885.810	481.638	27.556	10.081	7.326	61.907
353	42	255	240.548	480.429	22.728	7.796	6.860	48.831
354	53	255	671.632	479.028	26.385	9.119	7.400	28.370
355	46	255	36.130	477.739	26.385	8.029	7.294	136.983
356	87	255	731.155	476.718	35.213	12.712	8.714	27.413
357	76	255	874.618	476.382	32.042	11.423	8.471	122.340
358	31	255	434.565	478.113	20.728	6.540	6.035	117.198
359	77	255	497.331	477.045	33.799	12.322	7.956	8.780
360	51	255	1118.637	477.402	24.971	9.350	6.945	166.745
361	45	255	298.367	476.056	22.971	8.120	7.056	114.875
362	71	255	651.768	474.148	31.213	10.759	8.402	158.602
363	34	255	102.000	473.206	20.142	6.986	6.197	90.000
364	3	255	849.167	475.500	7.657	3.213	1.189	118.155
365	80	255	334.750	471.975	32.971	12.602	8.083	11.248
366	39	255	248.500	471.013	23.556	9.249	5.369	55.183
367	56	255	404.446	470.232	31.799	9.574	7.448	94.098
368	74	255	70.541	469.176	32.042	11.697	8.055	40.545
369	70	255	956.586	469.300	40.870	11.304	7.884	169.389
370	42	255	518.810	466.952	25.556	9.712	5.506	53.919
371	70	255	564.257	465.129	30.971	11.231	7.936	75.935
372	38	255	921.947	465.763	22.142	8.007	6.043	74.421
373	62	255	1202.500	465.226	27.799	9.195	8.585	39.831
374	60	255	312.233	463.250	29.456	11.120	6.870	41.848
375	43	255	1026.733	464.337	24.971	7.887	6.941	34.828
376	11	255	98.409	465.045	12.728	4.760	2.943	13.283
377	70	255	376.314	462.514	31.799	11.718	7.606	15.054
378	84	255	541.000	460.417	33.799	12.642	8.460	126.222
379	53	255	43.689	459.651	26.971	9.767	6.909	79.643
380	30	255	287.967	461.133	25.213	7.649	4.994	129.671
381	43	255	981.384	459.174	24.971	10.239	5.347	121.912
382	30	255	358.133	459.900	20.142	6.868	5.562	89.289
383	34	255	138.471	456.382	22.142	8.419	5.142	87.701
384	67	255	726.560	455.022	30.971	11.297	7.551	99.863
385	21	255	1052.500	458.357	15.899	5.622	4.756	51.047
386	23	255	12.804	455.196	18.728	7.450	3.931	142.497
387	28	255	881.500	454.714	20.728	7.619	4.679	68.895
388	36	255	899.972	453.944	22.385	8.817	5.198	125.120
389	30	255	426.333	453.867	19.556	7.100	5.380	20.783
390	7	255	707.786	455.929	9.071	4.154	2.146	171.650
391	50	255	281.860	452.340	26.971	10.876	5.854	164.576
392	25	255	1164.740	453.460	21.314	5.987	5.317	32.917
393	54	255	342.111	449.889	25.556	8.594	8.000	134.997
394	72	255	964.958	446.125	32.971	12.689	7.225	108.799
395	70	255	443.029	443.586	29.799	10.819	8.238	28.644
396	67	255	986.634	440.216	30.627	11.883	7.179	53.989
397	50	255	579.180	441.040	25.799	10.065	6.325	142.128
398	91	255	102.588	438.456	34.627	11.957	9.690	130.872
399	91	255	410.159	437.357	35.213	12.257	9.453	135.268
400	34	255	203.441	439.029	22.142	7.965	5.435	25.869
401	30	255	952.000	438.867	19.314	6.959	5.489	41.310
402	52	255	551.981	436.846	25.799	8.646	7.657	102.768
403	50	255	163.100	435.440	25.799	8.755	7.272	109.725
404	92	255	1112.696	433.674	35.456	12.211	9.593	124.590
405	84	255	1079.250	434.369	33.213	12.631	8.467	19.903
406	46	255	689.804	432.500	24.385	7.766	7.542	51.370
407	64	255	665.125	430.953	29.456	11.124	7.325	137.097
408	53	255	266.009	428.217	28.728	10.694	6.310	98.529
409	49	255	637.622	429.418	24.971	8.797	7.092	7.210
410	57	255	113.061	427.342	26.971	10.129	7.165	176.922
411	29	255	514.707	426.879	19.556	7.631	4.839	33.560
412	29	255	786.810	427.017	19.556	7.091	5.207	27.883
413	49	255	860.255	425.092	26.627	10.160	6.141	129.343
414	70	255	1048.900	425.200	30.627	9.512	9.370	72.758
415	35	255	1180.414	424.300	25.799	9.282	4.801	110.553
416	56	255	718.071	424.536	34.870	9.600	7.427	31.554
417	41	255	625.866	423.061	30.385	10.366	5.036	69.165
418	45	255	444.922	424.011	29.213	9.991	5.735	177.277
419	31	255	1194.500	424.597	19.899	7.355	5.367	10.419
420	39	255	65.244	423.192	24.142	7.957	6.241	170.589
421	61	255	951.303	420.516	27.799	9.774	7.947	130.101
422	73	255	202.911	419.897	31.213	11.051	8.411	163.184
423	8	255	1064.625	422.375	9.071	3.538	2.879	45.000
424	56	255	1207.768	420.268	28.385	10.873	6.557	170.177
425	35	255	998.500	419.300	22.142	7.931	5.619	110.402
426	29	255	119.810	418.328	22.728	7.610	4.852	95.534
427	45	255	246.500	412.500	23.314	7.569	7.569	0.000
428	84	255	732.262	409.262	33.799	12.261	8.723	15.955
429	56	255	387.875	406.232	26.971	9.174	7.772	53.182
430	41	255	430.573	407.402	24.385	9.845	5.303	33.433
431	39	255	980.577	405.782	33.213	8.191	6.062	106.252
432	60	255	29.383	402.933	27.556	9.985	7.651	149.018
433	61	255	87.828	401.385	27.799	9.314	8.339	155.035
434	45	255	270.633	400.900	25.799	10.117	5.663	117.015
435	24	255	847.917	401.000	19.799	5.853	5.221	29.872
436	44	255	40.227	399.727	23.556	8.038	6.969	3.456
437	103	255	224.636	396.063	37.456	13.463	9.741	137.075
438	47	255	931.840	396.372	25.799	9.686	6.178	55.500
439	35	255	649.671	396.957	21.556	7.316	6.091	11.472
440	29	255	1207.362	396.603	19.314	7.369	5.011	83.227
441	59	255	250.737	392.517	27.556	9.607	7.820	110.447
442	93	255	568.747	389.414	34.042	11.308	10.471	52.021
443	31	255	1100.500	391.274	22.971	7.089	5.568	99.776
444	43	255	1055.128	389.244	24.385	7.875	6.952	43.592
445	44	255	919.864	387.705	24.385	8.821	6.351	44.179
446	41	255	1184.988	387.939	27.213	8.281	6.304	41.315
447	52	255	658.981	387.442	26.142	9.106	7.271	164.660
448	38	255	10.711	387.053	22.142	8.587	5.635	27.340
449	49	255	637.520	385.724	26.627	10.369	6.017	141.389
450	49	255	330.969	385.071	24.385	8.229	7.582	170.597
451	54	255	261.870	382.963	26.385	9.356	7.349	144.923
452	73	255	160.418	380.719	30.385	11.586	8.022	167.837
453	57	255	593.272	380.132	26.385	8.962	8.098	86.561
454	80	255	354.025	378.862	32.627	12.270	8.301	131.079
455	84	255	192.298	376.905	33.213	10.869	9.840	25.450
456	47	255	847.862	376.734	27.799	10.146	5.898	92.426
457	28	255	770.893	377.357	20.971	6.456	5.523	173.562
458	49	255	477.582	374.031	25.799	8.900	7.010	38.415
459	83	255	955.476	369.367	34.385	11.920	8.866	85.757
460	37	255	900.878	370.446	27.799	8.287	5.685	140.872
461	62	255	461.516	368.371	28.385	9.940	7.942	43.364
462	73	255	1190.856	366.377	30.385	10.260	9.059	174.183
463	31	255	424.919	365.952	19.314	6.461	6.109	120.964
464	44	255	933.273	364.432	25.314	9.768	5.735	1.701
465	49	255	1001.031	361.990	30.042	9.350	6.672	45.399
466	40	255	976.250	361.900	24.971	8.304	6.133	54.251
467	60	255	1058.900	360.750	27.556	9.147	8.352	112.940
468	46	255	182.152	359.522	26.142	10.001	5.856	99.823
469	37	255	1091.284	360.257	21.556	8.264	5.701	140.878
470	80	255	141.400	353.600	34.385	13.275	7.673	84.533
471	92	255	62.870	350.859	34.627	11.924	9.824	73.174
472	21	255	966.738	354.405	16.728	5.713	4.680	138.785
473	62	255	934.435	349.516	27.799	9.699	8.139	49.012
474	90	255	1087.256	347.589	34.385	11.488	9.975	90.324
475	37	255	772.797	348.095	24.971	8.165	5.770	31.025
476	36	255	643.417	346.278	21.556	7.465	6.140	124.264
477	63	255	399.056	344.754	28.142	9.529	8.418	95.691
478	31	255	788.758	345.984	20.142	7.093	5.565	40.402
479	56	255	260.661	341.000	27.799	9.015	7.909	86.143
480	43	255	1130.663	340.244	28.385	7.744	7.070	94.145
481	41	255	276.012	339.988	24.142	8.841	5.905	96.167
482	38	255	994.053	337.000	24.971	8.807	5.494	94.959
483	36	255	284.583	336.472	22.728	8.864	5.171	38.847
484	17	255	485.559	337.029	18.728	6.105	3.546	146.809
485	48	255	518.312	334.938	25.556	8.836	6.916	74.937
486	29	255	815.190	336.190	20.971	8.220	4.492	26.644
487	64	255	935.234	333.219	29.456	10.845	7.514	134.493
488	56	255	886.071	332.571	26.971	9.669	7.374	61.456
489	90	255	961.589	328.733	34.971	12.535	9.142	93.538
490	63	255	5.929	328.690	29.456	10.880	7.373	44.365
491	63	255	1066.421	329.167	28.385	9.887	8.113	30.862
492	37	255	414.257	330.068	22.728	8.498	5.544	24.235
493	19	255	976.342	329.921	16.142	5.365	4.509	50.655
494	100	255	1212.090	326.450	36.870	13.254	9.606	120.723
495	52	255	178.000	326.000	24.971	8.137	8.137	0.000
496	60	255	433.933	325.867	28.385	9.665	7.904	18.403
497	40	255	1119.050	325.500	26.627	8.854	5.752	42.259
498	36	255	83.806	323.361	20.728	7.538	6.081	118.825
499	72	255	654.889	320.167	32.627	12.730	7.201	116.208
500	37	255	385.311	322.527	22.728	9.098	5.178	175.731
501	28	255	1170.321	321.893	20.142	6.245	5.709	75.358
502	61	255	347.959	314.533	29.799	11.881	6.537	34.047
503	31	255	375.371	313.629	21.314	7.855	5.025	70.481
504	63	255	1110.833	309.389	28.385	9.399	8.534	70.638
505	59	255	725.924	308.008	28.971	11.180	6.719	28.000
506	55	255	931.136	307.355	26.627	9.387	7.460	133.464
507	50	255	1080.880	308.320	25.556	8.294	7.676	139.019
508	25	255	505.380	304.300	20.142	6.325	5.032	74.534
509	61	255	296.598	300.664	29.556	11.370	6.831	104.120
510	55	255	1098.991	301.682	28.385	9.280	7.546	108.873
511	79	255	538.690	300.652	32.385	12.499	8.047	178.224
512	38	255	306.868	299.079	23.556	7.267	6.658	62.462
513	22	255	361.091	300.818	16.728	6.091	4.598	174.634
514	58	255	85.086	297.224	29.799	11.396	6.480	124.534
515	61	255	924.074	297.221	36.627	9.463	8.208	107.583
516	68	255	188.559	295.471	28.971	9.433	9.179	63.435
517	46	255	520.370	296.478	24.971	9.318	6.286	23.574
518	44	255	1094.545	295.341	27.213	9.443	5.932	145.815
519	62	255	1034.258	294.323	29.213	10.503	7.516	28.838
520	41	255	44.500	289.646	22.728	7.550	6.915	43.952
521	52	255	130.173	290.000	26.142	10.331	6.409	175.365
522	54	255	884.204	288.704	28.385	9.723	7.072	145.953
523	60	255	155.100	286.250	26.971	9.147	8.352	112.940
524	48	255	908.292	287.000	24.142	8.337	7.331	90.000
525	65	255	336.131	283.777	28.971	10.293	8.040	15.427
526	68	255	254.485	280.132	29.556	9.664	8.959	150.454
527	74	255	960.824	277.649	30.627	10.785	8.736	140.989
528	71	255	284.359	273.528	32.971	11.292	8.006	90.141
529	97	255	405.108	272.964	35.799	12.590	9.810	71.866
530	77	255	894.435	272.344	34.627	13.238	7.406	67.671
531	41	255	1174.280	273.695	32.627	7.660	6.815	78.173
532	76	255	271.197	272.750	32.385	11.011	8.788	89.258
533	40	255	139.650	273.225	23.314	8.545	5.960	87.258
534	33	255	1166.348	272.985	20.971	6.859	6.126	33.501
535	58	255	931.534	268.793	26.971	9.457	7.809	148.607
536	46	255	1091.174	266.217	26.971	8.924	6.563	14.225
537	36	255	690.111	263.361	23.556	8.872	5.166	55.753
538	41	255	804.354	262.280	22.728	7.503	6.957	132.366
539	40	255	820.700	262.425	21.556	7.295	6.982	144.277
540	50	255	453.200	260.380	26.627	9.836	6.472	40.564
541	65	255	137.638	256.638	28.971	9.621	8.602	26.604
542	58	255	646.241	257.655	28.385	11.372	6.494	21.437
543	36	255	465.833	256.917	22.971	7.241	6.330	11.884
544	40	255	934.725	255.525	25.556	8.488	6.000	48.579
545	91	255	504.599	253.214	33.799	11.685	9.916	164.839
546	55	255	799.464	252.173	26.971	9.284	7.543	10.476
547	71	255	17.697	249.542	32.042	12.477	7.245	125.632
548	33	255	1133.288	251.561	21.314	7.562	5.556	114.940
549	39	255	529.449	249.526	22.971	7.486	6.633	42.227
550	37	255	835.527	248.311	24.971	7.290	6.462	4.250
551	34	255	260.382	247.647	21.314	7.819	5.536	113.126
552	45	255	280.700	245.478	26.971	8.168	7.014	107.032
553	41	255	663.598	243.524	23.899	9.710	5.376	85.338
554	65	255	746.485	243.808	28.385	9.891	8.367	146.593
555	106	255	620.075	240.302	38.870	14.341	9.411	30.314
556	28	255	63.071	236.929	18.728	7.466	4.775	135.000
557	56	255	332.500	234.482	27.799	10.755	6.630	134.891
558	46	255	432.457	236.130	26.385	10.238	5.721	6.797
559	55	255	1211.700	230.900	26.385	9.538	7.342	142.534
560	61	255	1068.484	228.598	28.385	10.102	7.688	55.575
561	40	255	450.050	228.400	23.799	9.468	5.379	142.351
562	65	255	400.454	226.531	28.627	10.289	8.043	141.605
563	35	255	1039.357	228.014	21.556	6.737	6.615	8.939
564	50	255	166.580	222.040	26.385	8.870	7.177	100.063
565	88	255	259.875	221.750	34.627	11.534	9.715	129.947
566	20	255	1197.850	222.600	20.142	7.383	3.449	89.737
567	77	255	288.968	217.851	31.799	11.057	8.867	55.163
568	44	255	494.659	216.250	23.556	7.995	7.007	72.817
569	56	255	1181.625	216.214	27.213	10.096	7.062	17.210
570	38	255	928.842	214.868	29.213	8.360	5.788	178.399
571	54	255	526.963	212.907	27.213	9.677	7.105	154.284
572	39	255	28.910	210.833	22.971	7.482	6.636	32.480
573	48	255	345.896	209.104	24.385	8.029	7.611	1.491
574	70	255	413.900	205.643	30.385	11.242	7.928	34.795
575	3	255	683.833	208.167	5.657	2.365	1.615	45.000
576	82	255	711.829	202.793	31.799	10.446	9.995	146.798
577	63	255	1018.500	203.421	28.385	9.209	8.711	68.972
578	85	255	1206.888	198.159	33.556	12.672	8.540	91.912
579	69	255	70.239	195.297	29.799	10.078	8.717	14.565
580	67	255	587.336	195.604	29.799	10.793	7.904	34.977
581	45	255	465.033	193.678	26.385	9.855	5.814	113.719
582	77	255	558.227	193.916	33.799	12.995	7.544	16.195
583	53	255	115.651	192.708	26.385	9.150	7.375	111.972
584	37	255	370.014	192.338	22.971	8.441	5.581	64.899
585	31	255	977.919	192.565	22.971	7.725	5.109	141.574
586	51	255	824.618	190.029	27.799	10.900	5.958	142.018
587	65	255	396.515	189.608	28.385	9.438	8.769	158.518
588	29	255	241.948	188.914	18.728	6.608	5.588	130.184
589	49	255	307.010	185.439	25.799	8.780	7.105	112.109
590	73	255	1030.432	185.062	30.385	10.041	9.256	102.818
591	60	255	622.350	183.750	29.556	10.780	7.087	95.653
592	43	255	1144.547	184.174	31.213	8.134	6.731	44.790
593	41	255	1179.598	184.768	22.728	7.569	6.897	153.841
594	85	255	598.594	181.182	34.042	10.939	9.894	173.878
595	45	255	902.322	179.833	27.799	8.098	7.075	168.639
596	37	255	340.932	179.878	21.556	7.720	6.102	14.587
597	46	255	688.087	179.630	26.627	9.059	6.465	16.911
598	39	255	520.910	178.038	22.142	8.070	6.154	164.306
599	69	255	580.790	175.486	31.799	11.262	7.801	96.085
600	36	255	10.472	177.056	22.142	8.425	5.440	155.661
601	44	255	61.068	172.705	23.556	9.185	6.099	148.384
602	74	255	669.865	171.446	31.799	11.292	8.344	30.024
603	64	255	351.703	169.641	30.627	11.942	6.823	54.396
604	92	255	620.000	168.065	35.213	11.664	10.043	153.981
605	78	255	598.026	167.128	32.385	10.663	9.314	14.407
606	58	255	380.741	167.034	26.971	9.544	7.738	27.982
607	46	255	866.152	165.717	23.799	8.766	6.682	142.563
608	52	255	708.250	159.519	26.385	9.588	6.906	162.670
609	31	255	527.694	158.952	19.556	6.999	5.640	158.527
610	44	255	667.932	157.182	24.728	9.245	6.060	17.634
611	36	255	690.000	156.194	22.142	8.155	5.621	117.011
612	28	255	991.250	156.250	21.556	7.610	4.685	91.473
613	34	255	93.000	155.500	20.142	7.429	5.827	61.932
614	50	255	1057.280	153.660	26.728	9.570	6.652	112.016
615	84	255	852.107	151.357	33.213	11.335	9.435	51.636
616	95	255	819.584	149.721	35.456	12.012	10.070	68.171
617	52	255	416.096	150.308	25.799	9.946	6.657	48.416
618	25	255	609.820	152.180	18.142	6.239	5.102	129.578
619	121	255	757.079	147.847	40.870	13.234	11.641	8.045
620	49	255	160.663	149.071	24.728	8.501	7.339	97.656
621	45	255	676.567	147.500	30.627	9.087	6.305	92.956
622	34	255	792.735	149.412	24.142	8.593	5.038	16.808
623	39	255	1138.679	147.782	25.213	8.838	5.618	141.535
624	37	255	115.500	148.176	22.728	8.005	5.885	6.447
625	99	255	264.247	142.308	36.627	12.478	10.102	90.986
626	31	255	604.984	145.242	20.971	7.426	5.315	85.082
627	40	255	837.375	144.900	22.971	8.070	6.311	140.644
628	44	255	177.568	140.227	23.556	8.500	6.591	120.212
629	43	255	330.081	140.826	23.314	8.657	6.324	175.139
630	36	255	688.806	139.833	23.799	10.119	4.530	139.986
631	67	255	995.097	139.187	32.627	11.570	7.373	41.756
632	17	255	607.794	140.147	15.314	5.673	3.815	50.715
633	20	255	700.300	140.950	16.728	6.270	4.061	159.964
634	56	255	520.857	135.857	28.971	8.524	8.365	26.063
635	31	255	960.113	136.500	20.971	7.162	5.511	26.385
636	43	255	1114.477	136.919	29.799	9.457	5.789	21.362
637	59	255	751.415	134.636	29.456	12.029	6.245	146.259
638	91	255	873.962	133.632	33.799	11.332	10.225	107.636
639	36	255	220.806	133.750	22.728	8.521	5.379	68.818
640	46	255	842.217	133.326	24.385	8.095	7.235	144.599
641	54	255	484.111	131.944	26.385	9.042	7.604	68.437
642	60	255	1170.000	131.500	26.971	9.213	8.292	90.000
643	82	255	943.329	128.268	31.799	11.300	9.239	103.632
644	63	255	565.611	128.516	27.799	9.440	8.497	129.546
645	70	255	596.914	127.629	30.385	11.210	7.950	36.276
646	58	255	555.241	125.879	27.556	9.028	8.180	41.019
647	83	255	513.163	124.078	32.627	10.944	9.656	152.056
648	39	255	93.474	124.372	22.728	8.369	5.933	39.517
649	34	255	793.706	118.971	23.556	8.822	4.907	78.183
650	24	255	433.042	119.917	18.728	7.597	4.022	4.939
651	77	255	964.162	115.539	32.042	11.530	8.503	129.793
652	56	255	862.804	115.143	26.971	9.203	7.747	148.881
653	57	255	274.956	111.939	27.213	10.196	7.118	164.374
654	34	255	321.176	111.912	20.728	6.913	6.262	153.435
655	39	255	545.628	111.705	22.142	7.110	6.984	58.431
656	52	255	1019.981	110.808	26.142	9.317	7.106	43.599
657	75	255	52.673	108.313	32.627	12.385	7.710	163.740
658	51	255	1031.657	109.186	27.799	8.465	7.671	14.550
659	75	255	385.340	103.793	31.213	10.099	9.455	111.650
660	55	255	776.082	101.555	31.799	8.659	8.088	65.751
661	83	255	816.633	101.187	33.213	11.163	9.467	139.962
662	55	255	940.591	98.809	26.971	9.453	7.408	88.840
663	59	255	1128.754	99.500	27.556	9.523	7.888	68.034
664	18	255	541.833	99.944	15.314	5.895	3.888	67.308
665	86	255	610.884	96.872	34.627	12.606	8.687	54.055
666	40	255	4.175	98.150	22.971	7.793	6.535	148.903
667	115	255	443.222	96.152	39.456	12.622	11.601	154.429
668	55	255	196.482	97.700	28.142	11.746	5.962	178.780
669	45	255	253.078	94.656	24.142	7.811	7.336	168.506
670	77	255	751.383	92.721	31.799	10.280	9.537	43.925
671	42	255	1159.548	94.405	28.042	10.311	5.186	30.857
672	59	255	512.025	92.483	27.556	9.116	8.240	78.102
673	26	255	45.808	92.269	18.142	5.999	5.518	97.132
674	34	255	993.324	90.147	20.728	7.033	6.155	2.005
675	31	255	708.468	87.210	22.142	8.146	4.846	82.962
676	80	255	1024.450	84.250	34.627	12.961	7.859	73.540
677	31	255	289.694	83.726	20.142	6.626	5.957	84.388
678	99	255	93.742	80.035	36.627	13.080	9.637	62.507
679	21	255	418.881	82.310	17.314	6.850	3.903	33.329
680	40	255	1078.675	77.000	23.314	7.392	6.890	45.339
681	62	255	390.694	73.839	29.799	11.645	6.779	160.303
682	58	255	513.621	71.776	27.799	9.817	7.523	171.818
683	75	255	1200.033	69.847	31.456	11.483	8.316	52.366
684	35	255	32.271	71.071	20.728	7.095	6.281	13.644
685	82	255	429.939	68.732	31.799	10.442	9.998	150.058
686	45	255	546.322	69.478	24.385	8.633	6.637	84.229
687	41	255	950.085	70.671	22.971	7.757	6.730	173.938
688	38	255	753.737	69.263	24.971	8.152	5.935	43.608
689	19	255	1078.553	70.974	18.728	6.054	3.996	175.027
690	42	255	1101.714	67.238	28.971	9.456	5.655	98.037
691	41	255	1087.988	67.524	27.213	9.913	5.266	78.853
692	2	255	1104.500	71.000	4.828	2.257	1.128	90.000
693	34	255	58.176	67.912	20.728	6.913	6.262	153.435
694	49	255	1030.439	62.969	25.314	8.740	7.139	104.727
695	73	255	900.555	59.747	30.385	10.471	8.876	67.181
696	49	255	69.622	54.765	26.385	10.344	6.031	113.126
697	39	255	169.577	55.936	21.899	7.636	6.503	169.270
698	56	255	231.054	52.696	31.213	10.862	6.564	70.231
699	90	255	344.456	51.689	33.799	12.074	9.491	93.674
700	37	255	1012.230	53.446	21.556	7.475	6.303	53.006
701	66	255	976.030	51.288	30.627	10.703	7.851	45.847
702	101	255	1153.431	50.124	37.213	12.139	10.594	97.877
703	79	255	920.892	49.158	32.627	11.367	8.849	35.498
704	37	255	653.284	49.041	21.314	7.614	6.188	24.053
705	33	255	561.197	47.682	20.728	7.251	5.795	94.526
706	103	255	187.112	40.937	36.971	12.657	10.362	92.089
707	58	255	714.776	40.759	27.556	9.123	8.095	105.841
708	81	255	819.377	39.204	32.385	11.546	8.932	109.381
709	104	255	999.952	37.856	37.799	13.298	9.957	84.667
710	66	255	875.136	38.667	29.799	10.416	8.067	50.944
711	79	255	699.095	37.525	32.385	10.743	9.363	22.869
712	78	255	727.654	35.167	32.627	10.468	9.487	97.795
713	39	255	80.603	36.167	22.971	8.187	6.065	58.530
714	41	255	973.817	32.037	31.799	8.930	5.846	99.251
715	51	255	767.343	30.775	26.627	9.087	7.146	67.310
716	85	255	464.124	27.700	33.799	10.949	9.884	172.495
717	46	255	79.587	25.348	24.385	8.323	7.037	176.649
718	75	255	316.913	21.940	33.799	12.913	7.395	68.465
719	76	255	536.618	22.237	31.799	10.943	8.843	91.321
720	21	255	871.786	22.357	17.314	6.615	4.042	39.220
721	41	255	1017.720	19.500	24.142	9.026	5.783	89.549
722	34	255	1161.441	20.029	22.142	7.965	5.435	25.869
723	31	255	118.048	15.500	22.385	8.363	4.719	8.156
724	61	255	853.172	13.254	29.799	9.798	7.927	112.803
725	98	255	619.480	10.959	36.385	13.181	9.466	85.931
726	46	255	525.435	12.391	24.142	8.017	7.306	71.488
727	79	255	1110.386	11.006	33.213	11.489	8.755	16.586
728	34	255	454.618	8.882	20.728	7.526	5.752	21.488
729	40	255	962.125	9.000	22.728	8.691	5.860	21.270
730	59	255	1063.280	6.602	27.556	9.541	7.873	77.891
731	62	255	1043.452	5.306	28.385	9.066	8.707	131.800
732	42	255	509.095	3.524	23.556	8.484	6.303	99.084
733	37	255	65.311	3.608	22.385	8.751	5.383	138.574
