 	Area	Mean	XM	YM	Perim.	Major	Minor	Angle
1	31	255	1210.629	895.081	28.627	7.525	5.245	132.738
2	91	255	556.544	887.742	47.113	11.899	9.737	2.095
3	26	255	1156.038	889.808	23.799	7.595	4.359	20.374
4	76	255	79.829	876.842	32.627	11.063	8.747	106.372
5	71	255	471.711	876.500	30.971	11.578	7.808	101.639
6	65	255	658.762	862.008	42.284	12.226	6.769	33.611
7	37	255	1067.959	851.230	26.971	7.743	6.084	21.022
8	99	255	19.652	847.722	39.213	13.302	9.476	86.089
9	46	255	863.152	851.109	29.213	8.629	6.787	162.775
10	52	255	670.462	848.942	34.870	9.707	6.821	2.287
11	54	255	54.389	846.778	30.385	11.054	6.220	32.676
12	2	255	668.000	851.500	4.243	2.257	1.128	0.000
13	41	255	945.890	845.085	34.284	9.514	5.487	14.774
14	74	255	107.959	840.541	30.971	11.245	8.379	144.484
15	72	255	99.417	800.653	39.456	13.079	7.009	98.823
16	2	255	94.500	804.000	4.828	2.257	1.128	90.000
17	43	255	355.035	786.593	23.556	8.878	6.167	86.984
18	1	255	1054.500	783.500	2.828	1.128	1.128	0.000
19	23	255	1059.152	780.413	17.314	6.231	4.700	2.933
20	42	255	480.119	767.667	32.870	8.699	6.148	132.609
21	90	255	89.711	763.578	35.213	13.084	8.758	108.939
22	56	255	531.964	755.643	29.799	10.279	6.937	44.856
23	28	255	1118.893	747.786	21.314	7.165	4.976	29.166
24	30	255	801.100	745.167	20.142	7.789	4.904	167.865
25	69	255	340.717	741.051	36.042	11.147	7.881	0.934
26	26	255	1.731	725.000	19.314	7.887	4.198	90.000
27	47	255	1107.223	709.862	29.799	8.555	6.995	174.035
28	68	255	117.221	700.221	34.627	10.224	8.468	145.281
29	54	255	141.648	695.778	28.971	9.995	6.879	25.487
30	52	255	639.577	688.846	33.799	10.636	6.225	36.934
31	1	255	635.500	691.500	2.828	1.128	1.128	0.000
32	50	255	796.000	678.220	30.627	10.250	6.211	1.639
33	53	255	845.915	674.500	38.042	10.630	6.348	45.663
34	1	255	1066.500	663.500	2.828	1.128	1.128	0.000
35	1	255	1069.500	663.500	2.828	1.128	1.128	0.000
36	80	255	213.463	656.788	33.213	11.903	8.558	113.831
37	74	255	1070.459	657.338	46.770	11.738	8.027	171.579
38	49	255	709.663	638.071	29.799	9.672	6.450	30.257
39	33	255	483.682	629.318	26.627	8.585	4.894	31.737
40	67	255	64.336	622.336	30.728	11.930	7.150	97.986
41	42	255	994.690	620.667	32.627	10.336	5.174	3.326
42	4	255	882.500	603.250	7.071	2.734	1.863	0.000
43	66	255	566.742	592.591	42.284	11.470	7.327	11.243
44	1	255	569.500	594.500	2.828	1.128	1.128	0.000
45	2	255	708.000	580.500	4.243	2.257	1.128	0.000
46	60	255	706.350	575.150	36.042	10.488	7.284	20.829
47	1	255	956.500	571.500	2.828	1.128	1.128	0.000
48	53	255	955.255	566.557	32.385	10.001	6.747	170.756
49	46	255	414.565	553.413	30.042	10.172	5.758	162.691
50	76	255	130.316	539.961	32.627	11.976	8.080	37.298
51	70	255	544.000	521.043	30.971	11.162	7.985	74.439
52	70	255	1121.200	510.671	55.355	9.787	9.107	173.827
53	71	255	381.148	504.246	30.627	10.333	8.749	120.232
54	77	255	901.968	501.162	49.355	10.517	9.322	151.458
55	26	255	1209.692	504.231	19.314	7.183	4.609	2.533
56	5	255	1094.300	501.100	7.071	3.144	2.025	18.435
57	56	255	1119.429	485.696	46.284	8.858	8.049	30.997
58	2	255	1118.500	489.000	4.828	2.257	1.128	90.000
59	72	255	653.833	477.708	30.627	10.818	8.474	141.103
60	72	255	16.986	476.944	31.213	11.591	7.909	176.409
61	38	255	740.842	470.105	28.385	7.545	6.412	176.241
62	66	255	465.303	463.727	28.627	9.668	8.692	60.746
63	55	255	386.500	460.500	29.799	9.615	7.284	150.752
64	39	255	1189.705	448.295	35.456	8.678	5.722	164.003
65	42	255	1210.095	443.167	28.385	8.892	6.014	22.794
66	67	255	450.799	441.351	33.799	12.022	7.096	32.436
67	68	255	912.324	440.147	29.799	10.735	8.065	127.017
68	73	255	1089.295	432.774	31.213	11.480	8.097	118.563
69	46	255	806.109	427.065	33.213	7.791	7.517	8.833
70	40	255	438.475	424.775	23.556	9.484	5.370	166.074
71	6	255	1155.167	422.833	14.142	6.034	1.266	45.000
72	30	255	1159.667	419.133	33.799	8.765	4.358	39.486
73	89	255	104.713	412.949	34.870	12.561	9.022	129.055
74	1	255	660.500	412.500	2.828	1.128	1.128	0.000
75	55	255	662.718	407.845	36.870	10.554	6.635	19.031
76	1	255	656.500	410.500	2.828	1.128	1.128	0.000
77	1	255	1068.500	410.500	2.828	1.128	1.128	0.000
78	46	255	1065.739	405.870	34.627	9.940	5.893	176.921
79	69	255	231.152	403.225	29.799	10.873	8.080	156.158
80	96	255	9.115	388.969	35.698	12.763	9.577	131.339
81	2	255	244.000	387.500	4.243	2.257	1.128	0.000
82	27	255	1180.944	384.315	22.971	7.672	4.481	10.008
83	66	255	570.818	371.924	31.799	11.422	7.357	25.004
84	47	255	717.436	372.032	29.799	9.973	6.000	17.603
85	26	255	887.269	367.577	23.556	6.749	4.905	169.853
86	29	255	517.776	353.638	22.971	8.787	4.202	23.739
87	1	255	1017.500	352.500	2.828	1.128	1.128	0.000
88	40	255	1018.825	346.125	30.385	9.322	5.463	157.183
89	39	255	748.859	342.474	32.142	9.257	5.364	149.285
90	41	255	674.159	340.915	31.213	8.257	6.322	174.798
91	76	255	1001.447	337.474	57.841	11.717	8.259	143.236
92	31	255	1130.274	338.242	22.142	6.450	6.119	33.721
93	1	255	840.500	339.500	2.828	1.128	1.128	0.000
94	2	255	670.000	337.500	4.243	2.257	1.128	0.000
95	55	255	842.627	333.355	38.284	11.364	6.162	176.305
96	87	255	19.649	325.063	33.799	11.407	9.711	26.607
97	77	255	96.656	318.942	31.213	9.988	9.816	136.970
98	43	255	673.267	319.384	31.213	8.058	6.794	6.753
99	66	255	296.970	317.636	37.698	10.695	7.857	35.917
100	50	255	631.500	316.380	37.213	9.637	6.606	161.399
101	56	255	258.286	298.464	26.385	10.151	7.024	165.762
102	42	255	679.310	297.500	30.385	10.282	5.201	166.017
103	3	255	684.167	300.167	5.657	2.365	1.615	135.000
104	53	255	561.670	289.028	32.627	9.254	7.292	10.897
105	49	255	630.908	288.704	28.627	10.149	6.147	152.046
106	43	255	1007.570	288.663	27.799	7.977	6.863	0.599
107	42	255	406.571	286.929	42.284	7.606	7.031	70.544
108	50	255	408.280	276.120	36.042	10.204	6.239	102.222
109	48	255	339.396	262.458	34.042	9.734	6.279	53.286
110	71	255	136.711	256.796	30.971	10.931	8.270	59.660
111	78	255	210.667	257.103	32.627	12.024	8.259	163.140
112	31	255	1145.210	257.532	34.042	7.011	5.629	52.749
113	32	255	558.500	253.875	22.971	8.277	4.923	63.320
114	71	255	82.232	250.556	32.042	12.630	7.158	47.451
115	1	255	1142.500	255.500	2.828	1.128	1.128	0.000
116	49	255	1087.765	244.500	42.870	9.196	6.784	33.019
117	2	255	1083.000	247.000	5.657	2.596	0.981	45.000
118	2	255	1144.000	243.500	4.243	2.257	1.128	0.000
119	52	255	1146.538	238.788	35.698	9.756	6.787	20.180
120	79	255	417.880	183.918	51.941	10.833	9.285	135.817
121	57	255	940.009	175.272	43.698	9.057	8.014	126.540
122	48	255	956.979	149.896	40.042	8.417	7.261	38.698
123	59	255	435.737	136.669	27.799	8.988	8.358	145.176
124	2	255	840.000	112.500	4.243	2.257	1.128	0.000
125	53	255	843.104	107.915	38.042	9.116	7.403	27.854
126	106	255	489.151	103.481	38.870	13.522	9.981	49.502
127	30	255	1153.300	101.000	22.385	7.433	5.139	0.905
128	72	255	399.153	96.667	32.627	11.735	7.812	23.305
129	1	255	1053.500	96.500	2.828	1.128	1.128	0.000
130	1	255	1055.500	95.500	2.828	1.128	1.128	0.000
131	38	255	1055.079	90.211	27.213	8.069	5.996	167.817
132	3	255	707.167	85.167	5.657	2.365	1.615	135.000
133	43	255	1020.500	81.035	26.385	9.092	6.022	106.415
134	42	255	708.952	80.429	28.385	9.475	5.644	155.903
135	39	255	884.577	77.244	29.799	8.688	5.716	113.760
136	59	255	44.771	71.229	26.971	9.127	8.230	93.598
137	40	255	619.025	67.875	25.799	9.200	5.536	100.226
138	2	255	882.000	72.500	4.243	2.257	1.128	0.000
139	73	255	1074.801	68.075	30.627	10.338	8.991	148.681
140	38	255	781.395	59.000	24.971	8.382	5.772	152.857
141	1	255	776.500	58.500	2.828	1.128	1.128	0.000
142	54	255	947.204	54.704	47.698	10.230	6.721	138.182
143	75	255	488.953	45.313	30.971	11.101	8.602	86.729
144	43	255	230.105	25.128	26.385	9.749	5.616	92.330
145	38	255	1107.368	17.132	34.870	7.641	6.332	156.799
146	49	255	210.582	16.398	31.799	9.169	6.804	69.390
147	82	255	174.988	6.329	33.556	12.368	8.442	83.088
148	76	255	997.500	5.724	51.941	10.800	8.960	8.223
149	54	255	866.407	4.222	36.627	9.472	7.259	14.150
150	36	255	1126.944	5.139	39.213	7.843	5.844	29.790
151	49	255	59.010	3.071	32.042	9.538	6.541	134.698
152	3	255	792.500	-0.500	6.243	3.385	1.128	0.000
