 	Area	Mean	XM	YM	Perim.	Major	Minor	Angle
1	33	255	194.985	900.924	31.213	9.853	4.264	170.282
2	40	255	380.050	900.125	22.728	8.701	5.853	20.959
3	1	255	432.500	902.500	2.828	1.128	1.128	0.000
4	40	255	437.175	900.050	26.971	8.637	5.896	178.502
5	38	255	515.868	899.395	27.556	8.600	5.626	60.871
6	1	255	656.500	902.500	2.828	1.128	1.128	0.000
7	44	255	667.909	899.409	25.799	8.341	6.717	8.807
8	43	255	688.523	899.826	30.627	9.106	6.012	162.420
9	3	255	698.500	901.500	6.828	3.385	1.128	90.000
10	6	255	702.500	901.333	8.485	3.718	2.055	36.870
11	35	255	876.500	900.329	22.728	7.267	6.132	20.802
12	73	255	1029.568	898.966	31.799	11.472	8.102	154.444
13	18	255	1127.389	901.222	19.314	6.440	3.559	155.033
14	3	255	1211.500	902.167	7.071	3.213	1.189	28.155
15	50	255	1217.780	899.340	26.971	9.418	6.760	24.142
16	48	255	774.917	896.438	31.213	10.244	5.966	48.220
17	39	255	966.346	896.372	28.728	9.405	5.280	98.492
18	41	255	1180.524	897.866	30.385	8.411	6.207	179.789
19	64	255	865.953	894.984	49.113	11.202	7.274	147.547
20	34	255	1083.029	896.235	24.971	8.591	5.039	150.314
21	70	255	522.829	892.314	29.799	9.972	8.937	0.179
22	49	255	33.500	891.418	24.971	8.989	6.941	90.000
23	85	255	904.006	889.147	34.627	12.194	8.875	30.039
24	39	255	1159.628	890.244	30.385	9.036	5.495	127.010
25	43	255	690.570	888.640	28.385	8.293	6.602	98.535
26	51	255	700.990	889.441	25.556	8.703	7.461	178.672
27	24	255	1044.208	889.625	20.728	7.517	4.065	96.950
28	1	255	775.500	891.500	2.828	1.128	1.128	0.000
29	41	255	1200.622	886.915	28.385	9.062	5.761	21.831
30	60	255	178.200	883.917	28.385	10.705	7.137	113.753
31	94	255	303.000	883.500	34.870	11.805	10.139	141.314
32	60	255	561.283	883.317	28.385	9.965	7.666	169.667
33	55	255	1174.645	883.009	30.971	10.019	6.990	177.316
34	48	255	922.042	882.104	24.971	8.120	7.527	66.772
35	49	255	1129.051	876.622	40.870	9.814	6.357	176.821
36	89	255	460.309	873.118	34.385	12.530	9.043	82.246
37	47	255	635.011	874.926	31.213	8.406	7.119	56.345
38	77	255	1047.864	874.032	31.799	10.823	9.059	54.104
39	78	255	104.872	871.936	33.213	11.914	8.336	97.524
40	59	255	1157.585	873.585	41.456	8.838	8.500	88.731
41	35	255	1168.957	875.014	26.385	7.655	5.822	4.523
42	45	255	1203.544	873.211	24.142	8.216	6.973	57.696
43	44	255	39.500	871.455	31.456	8.652	6.475	64.310
44	38	255	1008.368	869.711	34.627	7.929	6.102	62.010
45	8	255	1205.875	867.625	12.485	4.804	2.120	12.757
46	40	255	1178.225	864.225	22.142	7.848	6.490	134.999
47	67	255	209.679	861.560	29.213	9.667	8.825	87.155
48	43	255	452.453	859.872	27.799	10.300	5.315	101.809
49	31	255	982.468	861.887	32.971	7.109	5.552	2.494
50	32	255	728.406	859.719	25.556	7.797	5.226	96.292
51	25	255	1151.780	861.220	17.556	5.861	5.431	134.998
52	45	255	1124.211	857.767	25.799	8.778	6.527	15.922
53	73	255	225.651	854.062	33.213	12.282	7.567	104.743
54	54	255	1205.352	856.333	36.870	9.074	7.577	152.557
55	76	255	464.763	851.855	47.698	12.808	7.555	93.437
56	56	255	5.250	853.554	28.627	10.547	6.760	127.839
57	59	255	388.873	851.771	27.799	9.940	7.557	163.788
58	38	255	748.974	848.895	27.213	8.257	5.860	10.101
59	47	255	1151.330	848.904	24.971	8.292	7.217	45.386
60	5	255	1182.900	851.700	7.657	3.144	2.025	71.565
61	43	255	443.849	848.012	24.385	8.995	6.086	134.773
62	61	255	1133.402	846.861	28.042	10.411	7.460	49.584
63	59	255	243.992	847.263	32.042	10.027	7.492	163.763
64	76	255	561.039	845.342	31.799	11.151	8.678	48.545
65	47	255	489.628	843.032	30.971	10.432	5.736	86.107
66	72	255	1059.722	842.111	31.213	10.892	8.416	50.111
67	63	255	1005.548	837.944	28.627	9.146	8.770	154.968
68	91	255	672.379	835.907	34.971	12.675	9.142	97.643
69	2	255	492.500	839.000	4.828	2.257	1.128	90.000
70	84	255	23.571	833.560	32.971	11.408	9.376	87.530
71	57	255	927.132	834.272	26.971	9.304	7.801	64.530
72	43	255	1144.081	833.756	23.556	8.719	6.280	81.515
73	71	255	1155.035	831.697	30.385	10.063	8.983	17.374
74	60	255	447.933	828.950	34.870	9.608	7.951	86.000
75	55	255	464.664	828.191	26.971	9.692	7.225	92.819
76	95	255	516.774	826.974	34.870	12.781	9.464	126.155
77	65	255	841.362	825.238	28.971	11.159	7.416	88.873
78	60	255	371.883	825.033	27.799	10.054	7.598	119.157
79	37	255	1128.986	824.689	21.556	7.368	6.394	125.647
80	91	255	66.236	819.093	34.627	12.309	9.413	116.271
81	78	255	322.256	820.295	31.213	11.066	8.974	10.483
82	51	255	1012.304	819.461	26.627	9.054	7.172	58.608
83	55	255	875.082	818.991	26.971	9.348	7.491	145.485
84	44	255	1144.295	819.091	22.971	8.039	6.969	107.045
85	92	255	1197.565	817.370	34.042	11.095	10.557	176.422
86	79	255	638.158	816.462	51.355	10.232	9.831	86.547
87	57	255	720.535	816.219	26.971	9.398	7.723	144.077
88	59	255	212.466	814.280	29.799	11.720	6.410	18.013
89	42	255	543.071	813.738	26.627	7.896	6.772	39.729
90	58	255	1167.517	813.224	41.456	8.605	8.582	156.979
91	75	255	28.140	809.847	32.870	12.749	7.490	150.787
92	66	255	470.242	811.288	30.385	11.089	7.578	9.177
93	41	255	894.232	810.963	29.213	9.210	5.668	70.889
94	1	255	1164.500	814.500	2.828	1.128	1.128	0.000
95	76	255	93.579	808.092	30.971	10.364	9.336	101.880
96	30	255	748.333	810.433	21.556	6.956	5.491	2.623
97	3	255	1222.500	812.500	6.243	3.385	1.128	0.000
98	78	255	590.295	807.218	31.799	10.827	9.172	42.384
99	27	255	1138.204	807.981	20.142	7.315	4.700	44.559
100	39	255	449.064	807.064	22.142	8.198	6.057	76.995
101	17	255	1195.265	805.382	15.314	5.515	3.925	127.238
102	7	255	1221.214	805.643	11.314	4.805	1.855	136.431
103	55	255	517.627	800.845	30.627	9.591	7.301	48.299
104	55	255	792.645	801.518	29.799	10.160	6.893	9.185
105	32	255	619.562	798.781	20.142	7.056	5.775	156.486
106	59	255	359.856	796.449	26.971	9.237	8.133	110.956
107	51	255	562.324	795.931	34.385	10.010	6.487	85.831
108	79	255	642.854	795.323	32.627	10.949	9.186	46.198
109	38	255	961.763	797.395	22.385	8.096	5.976	148.574
110	67	255	996.455	796.351	48.284	10.302	8.281	55.695
111	40	255	1099.850	796.025	25.213	8.612	5.914	67.419
112	36	255	1060.389	795.833	22.728	8.736	5.247	42.172
113	95	255	89.805	790.911	35.213	11.726	10.315	145.849
114	39	255	266.679	791.218	24.385	9.309	5.334	154.724
115	52	255	715.942	789.058	26.971	9.091	7.283	55.649
116	58	255	59.914	787.914	27.213	9.832	7.511	119.637
117	39	255	681.192	789.244	27.799	7.811	6.357	38.510
118	108	255	1131.833	786.852	37.456	12.789	10.752	32.968
119	35	255	1110.243	787.871	22.971	8.373	5.322	21.701
120	39	255	164.295	786.372	21.556	7.110	6.984	31.569
121	61	255	538.352	785.352	28.385	10.231	7.592	41.853
122	73	255	1024.897	783.705	31.213	10.452	8.893	99.561
123	52	255	753.615	781.827	27.799	9.431	7.021	88.302
124	46	255	858.283	783.652	24.142	8.357	7.008	30.299
125	34	255	329.206	783.000	20.142	6.986	6.197	7.670E-14
126	47	255	999.287	780.564	24.971	9.202	6.503	112.785
127	38	255	416.711	779.553	22.142	7.131	6.785	107.769
128	40	255	733.150	777.525	24.385	9.565	5.325	41.307
129	30	255	830.100	777.933	22.385	7.894	4.839	104.981
130	45	255	286.944	776.589	24.142	8.302	6.901	19.502
131	76	255	702.592	775.842	31.556	11.710	8.263	175.956
132	63	255	767.992	775.484	33.799	11.903	6.739	23.942
133	64	255	901.266	775.719	32.385	9.698	8.402	38.994
134	85	255	1201.724	774.712	33.456	11.593	9.336	168.154
135	5	255	762.700	777.700	9.899	4.521	1.408	31.121
136	55	255	1089.027	774.664	43.941	10.562	6.630	38.374
137	62	255	298.984	772.903	28.385	9.949	7.935	77.063
138	52	255	392.115	773.846	27.799	10.359	6.391	44.156
139	79	255	568.411	770.297	32.385	11.195	8.985	95.549
140	88	255	161.557	768.852	34.627	12.126	9.240	87.464
141	46	255	402.261	771.543	24.385	8.519	6.875	14.914
142	81	255	883.327	769.883	32.627	11.782	8.753	24.672
143	33	255	1131.439	772.045	20.142	7.445	5.644	30.897
144	35	255	91.986	768.386	22.142	7.580	5.879	98.800
145	64	255	121.000	767.734	28.971	10.112	8.058	104.850
146	53	255	843.953	768.953	28.385	8.788	7.679	149.931
147	60	255	912.350	767.667	38.284	9.040	8.451	28.891
148	56	255	237.268	764.643	26.971	9.060	7.869	115.718
149	58	255	1033.431	763.466	27.213	9.241	7.991	29.160
150	46	255	1022.543	762.043	33.799	7.952	7.365	53.834
151	55	255	1216.136	761.409	26.385	9.093	7.702	74.376
152	52	255	853.558	761.538	25.556	9.729	6.805	159.618
153	72	255	108.417	758.722	30.627	9.942	9.220	122.414
154	43	255	414.430	761.058	23.556	8.733	6.269	175.840
155	55	255	552.973	759.209	26.385	8.958	7.817	134.299
156	67	255	221.157	758.754	30.385	11.016	7.744	143.697
157	44	255	754.523	758.477	24.971	8.957	6.255	111.129
158	37	255	1177.446	759.932	20.728	7.478	6.300	172.205
159	52	255	401.212	757.038	26.971	9.595	6.901	69.627
160	79	255	781.399	756.386	32.971	12.102	8.312	114.119
161	82	255	950.256	755.488	32.971	11.649	8.963	90.844
162	51	255	94.833	754.598	29.213	11.537	5.628	107.546
163	46	255	599.261	754.826	26.971	8.816	6.644	72.377
164	49	255	80.500	753.418	27.799	8.537	7.308	118.275
165	63	255	188.881	751.817	29.799	10.411	7.705	105.725
166	58	255	20.000	751.638	26.971	8.854	8.341	90.000
167	76	255	429.789	750.118	35.213	12.307	7.863	79.561
168	58	255	587.655	750.500	28.971	10.510	7.027	124.616
169	70	255	69.671	749.157	29.799	10.478	8.506	119.111
170	32	255	348.156	749.406	20.142	7.182	5.673	106.684
171	69	255	684.891	746.674	29.799	10.438	8.417	65.425
172	71	255	105.275	745.768	30.627	11.115	8.133	137.022
173	66	255	400.788	746.652	30.385	11.432	7.351	4.650
174	34	255	459.647	744.147	23.556	7.975	5.428	9.896
175	49	255	783.480	741.480	24.971	9.206	6.777	2.333
176	45	255	636.344	739.100	28.627	10.525	5.444	116.036
177	40	255	1093.550	739.625	25.556	8.768	5.809	85.654
178	77	255	95.448	737.981	34.627	10.422	9.407	83.124
179	56	255	355.696	738.554	26.728	9.452	7.543	175.225
180	75	255	538.260	736.727	31.213	10.754	8.880	98.287
181	68	255	318.265	735.221	34.042	10.798	8.018	112.122
182	47	255	1117.777	737.138	27.556	8.606	6.954	108.297
183	1	255	245.500	739.500	2.828	1.128	1.128	0.000
184	41	255	524.256	734.207	26.385	8.335	6.263	112.245
185	45	255	706.567	735.167	26.142	9.766	5.867	13.510
186	88	255	32.250	729.727	34.627	11.705	9.572	93.633
187	62	255	68.081	730.323	28.385	9.798	8.057	114.033
188	37	255	910.365	730.743	24.385	7.684	6.131	85.436
189	29	255	510.397	730.328	18.728	7.121	5.185	99.969
190	44	255	631.455	729.750	27.213	7.876	7.113	131.465
191	3	255	1114.833	732.833	5.657	2.365	1.615	135.000
192	15	255	0.967	729.233	17.657	8.550	2.234	88.410
193	3	255	316.167	730.167	5.657	2.365	1.615	135.000
194	33	255	101.076	726.864	20.385	6.716	6.256	9.301
195	65	255	879.762	722.931	32.627	11.885	6.963	8.236
196	49	255	11.541	721.480	24.971	9.214	6.771	6.642
197	59	255	607.449	719.347	28.385	10.751	6.988	93.087
198	1	255	631.500	724.500	2.828	1.128	1.128	0.000
199	42	255	65.786	718.286	23.556	8.851	6.042	123.502
200	41	255	212.720	718.012	28.971	8.306	6.285	109.701
201	20	255	923.600	719.550	15.314	5.251	4.849	116.565
202	59	255	770.331	716.517	45.698	9.107	8.249	61.563
203	27	255	1198.870	716.981	20.728	6.722	5.114	134.643
204	73	255	1215.459	714.336	31.556	11.720	7.931	84.443
205	65	255	366.838	714.546	29.213	10.340	8.004	38.186
206	92	255	1040.228	712.870	34.627	11.941	9.809	135.925
207	52	255	1168.981	708.750	38.042	9.872	6.707	85.779
208	59	255	553.737	709.093	28.385	10.818	6.944	30.051
209	54	255	938.000	707.963	36.870	9.441	7.283	115.681
210	39	255	391.936	705.013	29.799	9.066	5.477	102.070
211	76	255	512.513	702.434	31.213	10.948	8.839	68.262
212	57	255	640.746	702.833	36.870	9.354	7.759	89.830
213	62	255	1074.839	702.823	29.213	9.340	8.452	155.155
214	39	255	542.782	701.064	22.728	8.225	6.037	12.768
215	40	255	656.650	698.875	26.627	9.068	5.617	83.758
216	29	255	1.707	697.431	21.314	8.961	4.121	91.667
217	78	255	477.936	697.256	34.042	12.839	7.735	37.415
218	64	255	1206.781	695.984	50.770	11.050	7.374	10.885
219	43	255	117.384	693.919	23.799	7.698	7.112	94.506
220	87	255	495.144	691.948	33.799	11.840	9.355	37.360
221	65	255	815.285	692.069	28.385	9.443	8.764	1.087
222	56	255	342.786	691.875	27.556	10.383	6.867	55.179
223	7	255	1105.786	694.929	9.071	4.154	2.146	171.650
224	41	255	1215.890	692.744	27.799	8.311	6.281	9.057
225	79	255	551.854	689.259	31.799	10.313	9.753	171.436
226	79	255	831.222	687.576	33.799	12.960	7.762	80.710
227	47	255	970.202	688.819	38.627	9.527	6.282	70.597
228	52	255	926.942	688.615	26.385	8.348	7.931	115.041
229	20	255	1019.600	690.200	16.728	6.270	4.061	134.628
230	88	255	175.170	685.693	34.385	11.744	9.541	56.777
231	42	255	220.143	687.500	23.556	8.054	6.640	9.275
232	13	255	904.038	687.346	13.314	4.842	3.419	64.198
233	39	255	988.782	687.321	25.314	9.823	5.055	12.984
234	44	255	508.500	685.909	24.385	8.248	6.792	5.532
235	7	255	1218.214	687.929	9.657	4.154	2.146	8.350
236	6	255	1018.167	686.333	9.071	2.930	2.607	153.435
237	86	255	641.547	681.535	36.627	11.980	9.140	20.717
238	34	255	942.765	683.235	22.971	8.843	4.895	21.642
239	75	255	1137.207	680.833	31.213	11.132	8.578	50.911
240	72	255	279.236	678.931	30.385	10.188	8.998	100.024
241	27	255	1077.315	679.130	19.314	6.791	5.062	114.418
242	59	255	956.619	674.534	41.213	10.654	7.051	99.456
243	3	255	575.167	678.833	5.657	2.365	1.615	45.000
244	37	255	432.959	674.338	24.385	8.935	5.273	74.068
245	51	255	1054.265	675.618	29.213	9.660	6.722	26.734
246	80	255	333.312	673.425	33.213	10.527	9.676	172.636
247	65	255	492.700	673.654	28.385	9.535	8.680	127.738
248	41	255	575.378	674.037	25.556	8.145	6.409	39.375
249	83	255	825.090	667.620	33.213	10.977	9.627	89.182
250	97	255	365.624	663.180	36.042	13.223	9.340	140.081
251	55	255	67.191	663.064	26.971	9.464	7.400	57.488
252	39	255	406.218	664.679	22.142	7.714	6.437	128.700
253	116	255	97.603	660.379	39.213	13.591	10.868	98.543
254	44	255	785.545	663.114	28.385	7.724	7.253	48.339
255	65	255	447.808	659.408	29.799	10.300	8.035	121.204
256	56	255	461.464	658.232	28.385	11.246	6.340	108.050
257	54	255	488.611	659.463	26.971	9.285	7.405	18.941
258	66	255	554.788	657.879	29.213	10.439	8.050	172.096
259	56	255	75.000	656.786	26.142	8.465	8.423	0.000
260	69	255	581.500	656.500	28.971	9.373	9.373	0.000
261	58	255	831.362	656.517	27.799	10.107	7.307	46.284
262	50	255	1036.600	656.120	40.284	9.330	6.823	34.524
263	103	255	541.772	653.830	36.870	12.202	10.748	43.735
264	55	255	677.536	655.118	26.971	9.624	7.276	85.130
265	44	255	86.136	653.659	24.971	9.484	5.907	130.650
266	39	255	1025.705	653.064	35.113	8.387	5.921	148.336
267	74	255	871.176	651.905	30.627	10.493	8.979	135.905
268	38	255	987.079	653.816	28.627	9.041	5.352	155.507
269	37	255	772.635	652.824	25.799	7.665	6.146	4.587
270	68	255	307.559	650.235	39.698	9.827	8.811	13.518
271	60	255	503.383	648.433	28.142	10.260	7.446	4.087
272	60	255	243.783	645.050	28.385	10.103	7.562	76.573
273	67	255	181.828	642.306	36.042	10.625	8.029	140.086
274	65	255	377.423	642.208	29.799	10.116	8.181	88.620
275	54	255	1053.889	642.296	35.456	9.053	7.595	172.857
276	43	255	1069.616	638.942	23.556	8.548	6.405	57.817
277	52	255	66.096	637.115	24.971	8.299	7.978	9.915
278	67	255	517.231	636.679	29.213	10.602	8.046	151.253
279	40	255	647.900	638.200	24.728	9.320	5.465	177.656
280	62	255	1196.113	635.968	28.385	10.274	7.684	113.035
281	33	255	764.045	636.470	22.385	7.136	5.888	145.365
282	78	255	441.423	634.103	31.556	10.357	9.589	93.328
283	52	255	692.615	634.808	26.142	9.008	7.350	92.449
284	48	255	1120.896	633.167	36.870	9.859	6.199	126.998
285	58	255	977.052	634.103	28.142	10.867	6.796	1.214
286	61	255	118.730	631.402	33.799	11.791	6.587	77.531
287	53	255	772.443	629.972	39.113	8.997	7.501	77.056
288	95	255	918.847	626.900	35.213	12.526	9.656	113.409
289	59	255	128.568	628.025	26.971	9.051	8.300	172.725
290	57	255	1032.184	627.658	26.971	9.215	7.876	117.662
291	40	255	890.875	627.200	24.385	7.878	6.465	98.191
292	3	255	1147.500	630.500	6.243	3.385	1.128	0.000
293	58	255	265.931	625.345	28.627	10.521	7.019	148.899
294	92	255	1090.196	622.022	34.627	11.528	10.161	179.870
295	3	255	895.167	624.500	7.657	3.213	1.189	61.845
296	80	255	740.087	614.612	32.627	11.587	8.790	65.489
297	1	255	767.500	618.500	2.828	1.128	1.128	0.000
298	17	255	1190.618	616.912	13.899	5.229	4.140	164.828
299	61	255	789.434	613.730	28.385	9.300	8.351	129.252
300	5	255	954.100	616.700	7.657	3.144	2.025	108.435
301	48	255	3.833	611.292	24.971	9.219	6.630	99.558
302	36	255	1051.083	611.583	27.213	8.832	5.190	137.530
303	4	255	1187.750	613.000	9.657	3.969	1.283	107.609
304	53	255	370.613	608.519	35.698	9.220	7.319	111.317
305	61	255	558.631	609.861	28.627	10.904	7.123	151.579
306	69	255	1072.993	608.645	30.627	11.808	7.440	44.323
307	28	255	653.429	610.286	23.556	7.182	4.964	176.456
308	30	255	996.200	608.667	21.799	7.308	5.227	78.581
309	45	255	1028.856	608.456	27.799	8.868	6.461	73.078
310	1	255	993.500	611.500	2.828	1.128	1.128	0.000
311	92	255	259.500	600.120	37.698	14.410	8.129	41.165
312	66	255	347.712	601.030	33.799	11.201	7.502	61.580
313	43	255	674.244	602.547	22.971	7.681	7.128	17.734
314	72	255	478.097	600.208	31.213	9.831	9.325	65.888
315	59	255	317.059	599.466	26.971	9.232	8.137	84.203
316	122	255	771.410	597.549	40.284	14.271	10.885	42.891
317	39	255	1030.808	598.628	24.971	7.366	6.741	159.985
318	73	255	526.322	597.007	30.971	11.799	7.877	15.435
319	84	255	689.833	594.679	34.627	12.898	8.292	130.721
320	75	255	450.953	593.473	32.042	10.725	8.904	119.282
321	32	255	1195.281	595.781	22.971	7.699	5.292	123.885
322	32	255	327.156	594.812	21.556	7.149	5.699	93.682
323	76	255	858.987	592.276	31.556	11.468	8.438	81.112
324	77	255	875.162	592.513	32.042	10.785	9.091	125.125
325	53	255	349.292	589.972	30.971	9.971	6.768	50.600
326	56	255	1058.321	590.839	38.042	9.978	7.146	94.301
327	63	255	276.579	590.373	28.971	10.213	7.854	133.260
328	76	255	485.276	590.197	31.799	10.913	8.867	44.538
329	41	255	1029.988	589.866	35.698	8.757	5.962	15.294
330	68	255	392.824	587.971	30.042	9.817	8.820	133.560
331	51	255	420.363	587.814	33.456	9.055	7.172	88.886
332	80	255	151.750	585.325	33.698	12.412	8.206	140.303
333	65	255	749.762	586.623	29.213	10.405	7.954	33.010
334	91	255	305.951	583.764	34.627	10.999	10.534	66.365
335	59	255	325.669	583.347	29.799	9.769	7.690	95.869
336	79	255	10.525	581.589	32.627	11.141	9.028	116.869
337	75	255	430.927	581.687	30.627	10.704	8.921	139.669
338	64	255	263.672	579.547	29.799	11.575	7.040	69.317
339	82	255	335.915	579.073	32.385	10.874	9.601	51.895
340	43	255	880.779	578.453	27.799	10.202	5.366	70.937
341	46	255	772.978	577.000	33.456	9.044	6.476	124.568
342	62	255	1116.435	575.516	27.799	9.699	8.139	49.012
343	47	255	1200.479	574.670	23.556	8.073	7.412	97.240
344	43	255	379.570	574.988	28.627	9.364	5.847	160.382
345	41	255	420.329	574.207	23.213	8.932	5.844	149.190
346	79	255	742.348	572.804	33.213	10.978	9.162	84.776
347	48	255	971.812	573.708	26.385	8.547	7.150	61.535
348	84	255	354.940	571.548	33.213	11.306	9.460	132.318
349	61	255	1215.287	571.959	28.142	10.533	7.374	92.099
350	1	255	875.500	575.500	2.828	1.128	1.128	0.000
351	64	255	7.125	568.844	28.971	10.368	7.859	99.659
352	53	255	343.991	568.783	26.385	9.627	7.009	128.014
353	1	255	375.500	572.500	2.828	1.128	1.128	0.000
354	63	255	474.659	568.103	28.385	10.206	7.860	42.422
355	36	255	494.083	568.111	23.213	8.648	5.301	43.911
356	46	255	858.978	563.761	23.799	7.920	7.395	54.085
357	69	255	95.819	560.428	30.385	9.751	9.010	137.980
358	42	255	1220.810	559.167	41.456	8.900	6.009	75.431
359	68	255	963.206	559.676	30.627	11.094	7.804	165.501
360	41	255	1201.744	560.573	25.556	8.173	6.388	43.165
361	63	255	397.294	558.341	27.799	9.950	8.061	45.863
362	48	255	1034.750	559.438	29.799	7.945	7.692	12.144
363	63	255	305.357	555.024	28.971	10.098	7.943	105.509
364	36	255	379.278	556.500	23.556	8.095	5.663	127.200
365	29	255	564.810	556.190	20.142	7.818	4.723	60.432
366	76	255	85.224	553.053	33.456	12.724	7.605	120.845
367	42	255	542.143	555.310	24.385	8.260	6.474	50.174
368	72	255	1141.514	553.375	49.113	12.509	7.328	25.434
369	71	255	340.768	553.162	30.385	11.012	8.209	170.205
370	74	255	222.784	550.878	30.385	10.613	8.877	68.553
371	54	255	947.833	550.259	26.385	9.367	7.340	55.536
372	50	255	967.620	550.760	37.698	10.261	6.205	25.998
373	57	255	573.781	548.518	41.113	10.313	7.037	38.566
374	73	255	607.966	547.719	30.385	10.615	8.756	18.276
375	54	255	780.759	547.963	28.971	8.750	7.858	100.567
376	71	255	262.599	545.754	40.284	10.085	8.964	88.244
377	49	255	1083.255	543.765	36.284	9.039	6.902	143.878
378	37	255	332.068	544.824	22.142	7.259	6.490	103.390
379	61	255	1109.615	542.844	29.213	10.227	7.595	121.834
380	72	255	660.097	541.486	30.971	11.403	8.040	93.357
381	54	255	839.278	541.870	28.385	8.859	7.761	15.049
382	59	255	1040.178	541.212	28.385	9.020	8.328	98.339
383	12	255	337.333	542.667	12.485	4.738	3.225	88.093
384	50	255	315.100	540.420	25.799	8.791	7.242	154.714
385	75	255	424.553	539.460	31.213	10.998	8.683	158.922
386	73	255	368.322	538.610	30.627	10.869	8.551	167.041
387	55	255	600.209	536.609	31.799	10.352	6.765	9.236
388	40	255	207.175	534.750	23.799	8.751	5.820	44.675
389	43	255	800.337	532.430	28.385	10.013	5.468	84.963
390	81	255	1075.821	531.710	33.213	11.746	8.780	126.641
391	67	255	9.127	530.828	30.042	10.106	8.441	93.389
392	72	255	107.139	530.833	31.213	10.726	8.547	121.178
393	60	255	270.267	530.517	27.799	10.338	7.389	46.178
394	62	255	680.097	530.016	28.971	10.347	7.629	98.467
395	82	255	1065.280	529.280	35.213	13.298	7.851	128.899
396	78	255	1149.308	529.821	32.385	11.217	8.854	72.644
397	68	255	357.735	527.662	39.456	12.203	7.095	86.531
398	58	255	619.224	529.448	28.385	10.308	7.164	51.092
399	65	255	910.700	528.915	31.799	11.613	7.126	114.075
400	61	255	395.107	526.795	31.799	9.295	8.356	97.771
401	43	255	1097.291	524.872	33.213	9.570	5.721	77.210
402	51	255	185.049	522.657	27.556	11.096	5.852	101.768
403	101	255	381.757	521.302	36.627	12.612	10.197	148.458
404	6	255	843.500	523.667	8.485	3.718	2.055	36.870
405	57	255	843.763	517.781	31.799	11.906	6.096	50.040
406	52	255	1161.846	519.385	44.870	9.889	6.695	115.809
407	64	255	951.078	517.953	28.971	10.168	8.014	95.705
408	92	255	14.663	516.109	36.627	13.624	8.598	161.277
409	1	255	511.500	520.500	2.828	1.128	1.128	0.000
410	60	255	1086.250	516.983	28.385	9.440	8.092	8.538
411	62	255	269.435	515.839	29.799	11.645	6.779	24.150
412	84	255	323.048	514.393	32.627	12.055	8.872	130.013
413	37	255	347.419	514.851	28.042	8.983	5.244	149.245
414	67	255	1057.843	513.231	30.385	9.935	8.586	144.233
415	34	255	777.559	514.147	20.728	7.832	5.527	29.639
416	51	255	683.775	512.245	33.456	9.182	7.072	14.875
417	41	255	1046.183	510.622	28.042	8.982	5.812	119.415
418	59	255	74.432	509.449	27.799	8.885	8.455	82.179
419	63	255	108.468	510.468	28.971	10.943	7.330	3.036
420	57	255	937.816	509.570	27.556	9.393	7.727	101.508
421	65	255	55.762	509.269	34.971	10.233	8.088	177.270
422	36	255	1066.278	509.500	25.799	7.300	6.279	96.662
423	51	255	1102.461	509.500	33.213	11.212	5.791	24.347
424	42	255	396.095	506.762	26.385	9.746	5.487	88.615
425	61	255	1074.385	507.434	28.385	9.161	8.478	73.806
426	59	255	1152.059	505.466	26.971	9.232	8.137	84.203
427	46	255	928.543	504.935	30.385	8.921	6.565	103.937
428	53	255	351.104	503.425	27.213	10.321	6.538	20.615
429	46	255	851.152	503.522	24.142	8.311	7.047	31.668
430	59	255	5.771	501.025	26.971	9.465	7.937	151.783
431	44	255	1217.682	500.000	26.385	8.847	6.332	89.499
432	70	255	183.500	496.900	31.556	12.340	7.223	84.557
433	101	255	413.173	496.985	38.284	14.125	9.105	33.738
434	89	255	699.275	496.927	35.213	11.930	9.499	95.393
435	94	255	1038.383	494.968	35.213	11.740	10.194	177.191
436	78	255	229.487	492.244	33.213	11.761	8.444	110.341
437	45	255	1100.056	494.456	34.627	8.936	6.412	30.985
438	63	255	23.357	492.373	28.385	9.199	8.719	19.544
439	63	255	900.500	490.897	37.113	11.327	7.082	30.747
440	34	255	617.559	490.618	23.556	8.252	5.246	99.386
441	94	255	1079.383	489.309	35.213	11.834	10.114	127.388
442	58	255	140.328	490.121	27.556	9.451	7.813	16.997
443	67	255	196.575	486.575	29.213	10.309	8.275	123.360
444	56	255	930.821	487.357	27.213	9.885	7.213	49.347
445	41	255	1055.305	488.720	28.385	8.649	6.036	146.746
446	2	255	1101.000	489.000	5.657	2.596	0.981	45.000
447	62	255	381.565	484.452	28.385	9.948	7.936	130.300
448	73	255	208.130	479.486	32.142	11.973	7.763	76.500
449	49	255	1001.092	482.214	26.971	10.592	5.890	2.831
450	59	255	1132.754	480.703	27.213	9.271	8.103	31.157
451	22	255	1.318	479.909	20.485	8.904	3.146	86.295
452	46	255	402.174	480.348	26.385	8.698	6.734	23.210
453	84	255	646.048	477.702	33.799	11.318	9.450	53.288
454	52	255	1110.750	477.077	37.456	10.203	6.489	86.736
455	48	255	432.208	478.396	24.728	8.517	7.176	11.440
456	46	255	274.196	476.913	24.385	7.786	7.522	81.326
457	73	255	324.418	475.349	31.799	12.184	7.629	123.065
458	57	255	696.360	474.974	41.698	9.746	7.447	36.259
459	58	255	85.741	471.034	28.385	10.862	6.799	29.039
460	34	255	606.441	470.294	30.627	7.368	5.875	87.521
461	35	255	1212.671	469.643	45.941	7.241	6.154	68.537
462	37	255	1195.770	468.311	28.971	7.861	5.993	59.849
463	35	255	1013.329	469.186	33.213	7.710	5.780	170.568
464	47	255	313.394	467.181	25.799	9.061	6.605	165.626
465	74	255	939.608	464.878	30.385	10.170	9.264	89.323
466	54	255	169.556	464.537	26.142	9.655	7.121	106.762
467	1	255	603.500	468.500	2.828	1.128	1.128	0.000
468	69	255	330.138	463.094	30.042	9.735	9.024	167.751
469	14	255	799.500	465.571	13.314	4.962	3.592	79.948
470	70	255	290.286	461.357	31.799	10.889	8.185	69.171
471	59	255	957.907	462.924	28.385	10.443	7.194	23.422
472	61	255	24.877	461.549	28.627	11.333	6.853	146.216
473	71	255	776.965	459.937	30.728	10.938	8.265	103.715
474	56	255	212.946	457.911	27.213	11.023	6.469	125.123
475	78	255	384.603	458.051	32.627	11.386	8.722	36.450
476	76	255	716.618	456.382	31.213	11.237	8.611	61.963
477	101	255	418.896	454.441	37.213	12.850	10.008	93.960
478	41	255	1182.085	455.915	26.971	7.475	6.984	89.860
479	42	255	492.262	455.452	28.385	8.164	6.550	138.018
480	51	255	204.637	452.304	26.971	10.682	6.079	114.051
481	67	255	618.500	450.948	40.042	12.094	7.054	94.146
482	90	255	438.211	451.522	34.385	12.654	9.056	9.807
483	62	255	966.339	451.032	28.627	9.363	8.431	146.065
484	33	255	1100.167	452.288	32.627	6.697	6.274	91.180
485	74	255	261.757	450.919	30.971	11.296	8.341	170.128
486	75	255	526.407	450.033	31.799	10.958	8.714	128.089
487	80	255	834.362	450.675	33.213	12.598	8.086	156.644
488	89	255	49.242	447.388	36.042	12.765	8.877	57.171
489	39	255	600.962	449.423	22.385	7.186	6.910	125.783
490	43	255	1203.570	449.663	27.799	8.611	6.358	171.678
491	43	255	188.779	447.849	24.728	8.973	6.102	85.791
492	104	255	102.385	443.856	37.213	13.184	10.044	171.168
493	66	255	330.455	444.955	29.799	10.447	8.044	16.383
494	33	255	931.561	443.803	26.971	7.824	5.370	84.571
495	93	255	994.704	442.672	35.213	11.671	10.146	60.037
496	49	255	855.969	443.418	24.971	8.716	7.158	32.499
497	4	255	883.000	446.000	5.657	2.257	2.257	0.000
498	127	255	684.004	435.618	64.669	16.998	9.513	46.643
499	58	255	827.759	440.103	27.556	9.286	7.952	25.532
500	80	255	660.938	436.762	35.556	13.667	7.453	98.198
501	105	255	209.167	434.671	38.870	14.105	9.478	60.779
502	82	255	707.000	435.573	34.042	12.089	8.637	42.623
503	103	255	84.092	426.335	38.870	14.599	8.983	25.583
504	62	255	168.774	428.242	29.556	11.128	7.094	23.076
505	61	255	32.730	426.139	28.385	9.642	8.055	19.396
506	41	255	859.695	424.646	28.870	9.778	5.339	60.351
507	33	255	562.348	423.955	24.971	7.700	5.456	101.619
508	92	255	225.065	420.837	34.627	12.162	9.631	23.568
509	90	255	465.811	419.222	34.627	11.291	10.149	92.562
510	47	255	711.181	420.606	24.971	8.940	6.694	76.702
511	2	255	855.000	423.000	5.657	2.596	0.981	45.000
512	52	255	910.462	419.327	25.556	9.285	7.130	78.575
513	79	255	876.576	417.804	32.971	11.370	8.846	114.914
514	49	255	1127.337	419.173	30.385	8.010	7.789	66.321
515	90	255	999.833	416.344	35.213	12.536	9.141	122.299
516	56	255	332.768	417.661	27.556	10.047	7.097	3.051
517	73	255	772.527	416.062	30.385	10.600	8.769	54.236
518	89	255	619.489	414.118	33.799	11.329	10.003	13.322
519	51	255	970.951	414.912	33.456	8.252	7.869	57.394
520	38	255	1140.526	415.737	22.142	7.698	6.286	29.933
521	71	255	639.373	412.923	30.385	10.470	8.634	106.153
522	60	255	531.717	412.733	35.213	9.767	7.822	51.017
523	27	255	1045.685	413.907	24.971	6.595	5.213	43.687
524	69	255	1098.674	411.558	31.213	11.201	7.843	65.714
525	78	255	50.179	411.679	31.556	10.537	9.425	2.343
526	75	255	755.447	411.020	30.971	10.548	9.053	78.987
527	34	255	1220.853	412.412	21.556	6.940	6.238	21.604
528	64	255	739.672	410.578	43.698	9.587	8.500	146.069
529	67	255	780.590	409.545	31.213	9.848	8.663	86.574
530	1	255	1184.500	414.500	2.828	1.128	1.128	0.000
531	56	255	682.304	408.625	38.870	8.968	7.951	92.904
532	68	255	1120.044	407.559	29.799	10.287	8.417	39.052
533	43	255	900.547	407.942	28.385	8.599	6.367	148.893
534	55	255	545.318	405.936	26.385	8.878	7.887	6.331
535	38	255	1036.868	402.737	32.385	8.034	6.022	101.092
536	2	255	896.000	406.000	5.657	2.596	0.981	135.000
537	99	255	1198.056	402.126	36.385	12.204	10.329	2.292
538	54	255	620.463	401.667	39.113	9.014	7.628	160.626
539	71	255	308.754	400.570	29.799	10.638	8.498	146.272
540	80	255	1182.713	397.625	48.527	11.573	8.801	122.726
541	53	255	527.783	396.972	26.971	10.245	6.587	88.647
542	74	255	565.095	396.527	33.213	12.927	7.289	54.229
543	45	255	633.789	396.633	23.556	7.973	7.186	162.617
544	73	255	1028.021	395.445	30.385	10.509	8.844	2.342
545	48	255	480.104	394.562	25.556	9.414	6.492	100.207
546	45	255	1156.744	395.367	23.556	9.066	6.320	146.927
547	77	255	1125.383	392.240	33.213	11.723	8.363	136.475
548	84	255	604.560	390.500	33.456	12.799	8.357	133.552
549	62	255	171.903	390.532	28.385	9.057	8.716	104.462
550	32	255	909.344	391.844	29.799	7.342	5.549	144.009
551	83	255	535.211	387.500	33.213	11.500	9.189	58.379
552	40	255	741.800	389.200	23.314	8.112	6.278	36.713
553	57	255	1173.377	387.254	26.971	9.333	7.776	24.387
554	70	255	331.729	385.371	30.385	10.628	8.386	144.295
555	49	255	1198.990	382.194	26.385	8.835	7.062	82.004
556	83	255	1156.729	378.825	33.213	10.473	10.091	140.901
557	62	255	20.887	378.194	28.971	10.367	7.614	119.506
558	9	255	969.389	381.389	11.071	3.923	2.921	11.981
559	25	255	515.780	379.540	19.314	6.550	4.860	24.522
560	39	255	1211.013	378.269	29.799	7.949	6.246	91.114
561	66	255	1220.439	376.939	29.556	10.414	8.069	102.619
562	82	255	367.890	376.878	35.799	12.472	8.371	5.714
563	19	255	966.026	378.079	16.142	5.556	4.354	160.823
564	46	255	1120.739	377.000	24.971	8.499	6.891	56.749
565	56	255	825.357	375.804	31.213	9.204	7.747	154.073
566	59	255	682.449	373.890	27.799	9.913	7.578	136.641
567	59	255	80.178	371.992	29.213	10.127	7.418	104.751
568	60	255	655.667	372.417	27.799	9.329	8.189	128.834
569	49	255	1059.214	369.031	34.042	8.721	7.154	118.660
570	50	255	1129.920	370.620	25.314	8.705	7.313	10.230
571	88	255	549.727	365.795	34.042	11.920	9.400	65.518
572	71	255	139.021	365.331	30.627	10.661	8.480	140.454
573	13	255	225.577	367.654	13.314	5.357	3.090	64.093
574	63	255	1194.071	365.341	36.870	9.509	8.436	146.940
575	75	255	509.753	363.140	31.456	12.001	7.957	131.654
576	54	255	747.370	364.963	27.556	10.647	6.457	35.508
577	16	255	1173.562	367.000	23.556	8.420	2.420	30.487
578	47	255	315.755	363.223	25.799	10.239	5.844	51.220
579	63	255	5.119	362.151	28.385	10.205	7.860	103.894
580	58	255	582.086	361.414	27.556	10.112	7.303	58.648
581	37	255	685.311	362.932	24.385	8.304	5.673	161.927
582	19	255	1207.605	363.921	15.071	5.550	4.359	12.821
583	6	255	1176.167	361.333	10.485	4.606	1.658	29.233
584	31	255	376.435	357.403	21.556	7.712	5.118	107.233
585	65	255	1070.346	354.008	29.213	9.838	8.413	50.279
586	63	255	101.167	353.246	28.627	10.992	7.298	142.468
587	26	255	653.769	354.231	22.142	7.071	4.681	74.822
588	58	255	490.431	352.897	36.627	9.280	7.958	10.477
589	57	255	535.254	350.816	38.042	11.244	6.455	76.450
590	59	255	81.585	351.839	26.971	9.401	7.991	151.264
591	4	255	648.750	354.000	9.657	3.969	1.283	107.609
592	77	255	350.331	350.721	32.042	10.813	9.067	175.213
593	42	255	261.143	348.381	23.556	8.918	5.996	72.765
594	1	255	370.500	351.500	2.828	1.128	1.128	0.000
595	52	255	377.904	346.635	25.799	9.088	7.285	136.308
596	46	255	624.848	347.543	24.142	9.023	6.491	148.021
597	37	255	1090.824	347.149	23.799	7.781	6.054	141.682
598	60	255	1162.117	344.650	47.355	9.387	8.138	139.018
599	82	255	450.585	342.817	32.971	11.701	8.923	110.123
600	47	255	1065.521	341.947	30.385	8.973	6.669	68.096
601	68	255	1195.941	341.809	29.556	10.610	8.160	10.870
602	107	255	599.266	336.136	38.385	14.662	9.292	87.170
603	1	255	1090.500	342.500	2.828	1.128	1.128	0.000
604	42	255	898.881	337.643	25.556	8.890	6.015	105.859
605	58	255	635.966	336.534	26.971	9.271	7.965	69.775
606	52	255	768.135	334.538	32.971	10.183	6.502	129.646
607	86	255	807.419	333.570	34.284	13.170	8.314	137.843
608	39	255	114.551	334.218	22.385	7.781	6.382	49.624
609	38	255	948.132	333.211	29.213	8.783	5.509	102.126
610	23	255	973.804	332.891	17.899	6.629	4.417	108.745
611	38	255	363.342	331.789	24.385	6.969	6.943	107.296
612	54	255	442.630	328.741	26.385	8.982	7.654	178.734
613	5	255	767.700	329.100	7.657	3.144	2.025	161.565
614	71	255	165.528	323.345	31.556	12.067	7.492	85.101
615	87	255	424.006	323.270	33.213	11.253	9.844	121.597
616	30	255	865.300	324.433	30.627	7.871	4.853	98.105
617	48	255	1007.062	323.125	29.799	9.667	6.322	55.861
618	42	255	468.833	321.929	31.456	8.366	6.392	133.459
619	48	255	688.312	317.917	32.870	8.115	7.531	24.837
620	47	255	718.628	316.564	30.042	9.180	6.519	174.528
621	72	255	145.556	315.014	31.556	11.865	7.726	164.635
622	39	255	488.244	315.654	22.385	7.754	6.404	165.790
623	70	255	70.129	313.457	30.627	10.347	8.614	174.051
624	57	255	558.360	313.553	28.627	8.865	8.186	14.361
625	77	255	988.942	313.292	31.556	10.987	8.923	28.365
626	91	255	1068.082	312.379	34.627	11.898	9.738	64.837
627	111	255	106.581	310.392	38.870	13.484	10.482	34.121
628	83	255	178.873	310.054	33.556	12.526	8.437	91.934
629	57	255	402.044	309.921	27.899	10.957	6.624	92.275
630	69	255	761.312	310.486	29.556	9.872	8.899	45.876
631	67	255	894.963	310.261	45.698	10.586	8.058	177.195
632	68	255	971.118	309.250	29.799	10.648	8.131	105.504
633	86	255	708.105	309.674	33.799	11.789	9.288	174.374
634	55	255	599.300	307.591	36.284	9.712	7.210	85.046
635	76	255	422.947	306.263	32.385	11.229	8.618	17.103
636	70	255	412.429	304.743	37.456	9.935	8.971	93.822
637	65	255	610.869	304.131	28.971	10.192	8.120	81.875
638	89	255	276.511	302.287	34.627	12.806	8.849	48.204
639	59	255	984.144	302.958	29.213	11.397	6.591	153.804
640	74	255	881.095	300.108	32.385	11.989	7.859	106.122
641	43	255	445.244	301.640	25.556	9.484	5.773	145.749
642	95	255	1134.037	297.574	36.627	13.519	8.947	88.405
643	83	255	897.958	298.994	33.213	12.289	8.600	166.742
644	58	255	373.586	296.879	27.556	9.676	7.632	22.391
645	22	255	482.864	297.364	20.385	5.848	4.790	138.993
646	72	255	787.069	295.403	30.385	10.435	8.785	24.839
647	55	255	982.882	294.645	26.385	8.805	7.953	171.833
648	47	255	1031.564	295.053	24.142	8.075	7.410	104.872
649	41	255	69.500	294.427	23.556	8.441	6.185	49.876
650	24	255	284.458	293.667	17.314	6.187	4.939	69.402
651	43	255	1011.872	290.523	29.799	10.261	5.336	53.040
652	83	255	294.958	289.235	32.971	10.868	9.724	34.965
653	37	255	701.743	289.824	26.385	7.385	6.379	169.130
654	64	255	711.766	287.875	30.971	11.291	7.217	106.056
655	79	255	112.994	286.576	32.042	11.078	9.080	127.596
656	62	255	426.000	288.000	28.971	11.118	7.101	27.659
657	48	255	814.896	287.125	25.556	9.786	6.245	90.618
658	57	255	1158.623	286.079	27.213	9.373	7.743	170.776
659	72	255	794.000	284.000	30.627	11.254	8.146	130.817
660	34	255	76.382	284.824	21.556	6.926	6.250	162.326
661	81	255	1014.673	280.920	33.213	11.751	8.777	31.984
662	74	255	468.703	278.784	42.284	11.196	8.416	128.437
663	11	255	406.682	280.864	12.728	5.468	2.562	150.233
664	46	255	332.804	277.413	25.556	9.472	6.183	92.551
665	46	255	760.500	277.348	30.385	9.079	6.451	73.855
666	51	255	107.108	276.716	27.556	10.238	6.343	47.482
667	53	255	610.519	276.896	30.627	8.703	7.754	152.309
668	30	255	1162.900	276.767	21.556	6.646	5.748	93.022
669	48	255	1104.167	275.438	27.556	9.022	6.774	162.038
670	13	255	1222.500	276.038	20.728	5.023	3.295	97.890
671	46	255	1143.217	272.478	34.627	7.959	7.359	179.499
672	60	255	30.183	271.383	28.971	10.174	7.509	16.280
673	43	255	415.523	269.802	34.284	9.161	5.976	140.149
674	66	255	827.727	269.697	31.213	11.316	7.426	22.693
675	66	255	141.333	266.515	29.556	9.762	8.608	56.165
676	2	255	1104.000	270.500	4.243	2.257	1.128	0.000
677	76	255	89.658	264.526	31.799	10.957	8.831	68.345
678	64	255	522.703	264.969	29.213	9.113	8.942	116.678
679	42	255	836.643	263.262	27.799	7.837	6.824	50.594
680	52	255	910.731	262.096	26.971	9.619	6.883	136.262
681	50	255	282.780	260.480	26.728	9.834	6.474	80.333
682	110	255	1151.645	257.873	39.456	13.017	10.760	89.688
683	46	255	814.043	258.587	35.799	10.263	5.707	74.602
684	80	255	365.175	258.050	33.213	10.784	9.445	1.372
685	2	255	841.500	262.000	4.828	2.257	1.128	90.000
686	76	255	1211.039	257.895	31.556	10.709	9.036	98.416
687	42	255	291.357	257.857	24.385	9.034	5.919	116.890
688	85	255	34.665	255.418	33.456	11.470	9.436	136.902
689	27	255	1220.315	257.870	22.385	7.139	4.816	37.539
690	71	255	494.021	255.500	29.799	10.644	8.493	31.895
691	70	255	679.314	254.986	30.385	10.273	8.676	112.571
692	42	255	958.286	254.595	44.042	8.336	6.415	23.267
693	39	255	938.654	253.244	22.728	7.883	6.299	41.188
694	56	255	1104.286	252.571	39.698	10.177	7.006	138.525
695	36	255	794.111	252.583	22.142	7.566	6.059	108.919
696	85	255	533.053	249.865	32.385	10.530	10.277	28.572
697	63	255	546.389	250.389	28.385	10.176	7.883	50.232
698	32	255	570.281	249.812	20.728	7.342	5.550	3.737
699	2	255	1220.000	252.500	4.243	2.257	1.128	0.000
700	38	255	372.395	245.605	26.385	8.968	5.395	63.673
701	33	255	907.470	247.318	21.556	8.175	5.140	21.037
702	70	255	57.314	240.786	32.042	12.245	7.279	120.032
703	110	255	180.309	240.618	39.799	13.949	10.040	94.844
704	35	255	648.043	242.871	24.627	7.577	5.881	106.191
705	48	255	271.458	241.750	27.556	8.109	7.537	99.191
706	79	255	459.095	237.791	32.971	12.689	7.927	176.537
707	14	255	244.357	237.143	13.899	4.873	3.658	82.427
708	86	255	1003.872	234.512	33.213	12.120	9.035	164.457
709	70	255	425.071	230.900	30.385	10.649	8.369	162.606
710	60	255	708.450	230.867	28.385	9.088	8.406	38.063
711	64	255	950.938	230.125	28.385	10.138	8.038	77.153
712	67	255	1040.455	228.933	30.385	10.974	7.774	63.134
713	53	255	988.802	228.009	26.142	8.895	7.586	122.800
714	31	255	1113.048	229.855	22.728	8.756	4.508	160.171
715	58	255	1153.276	227.741	38.284	9.459	7.807	144.552
716	59	255	478.432	225.788	27.556	10.133	7.414	82.482
717	75	255	72.447	224.327	31.799	11.192	8.533	173.855
718	84	255	367.571	221.833	34.385	12.619	8.475	106.331
719	53	255	656.670	221.594	26.385	9.052	7.455	53.095
720	29	255	1107.190	223.328	23.556	7.151	5.163	160.219
721	101	255	843.381	217.272	37.456	13.512	9.517	115.123
722	47	255	983.840	220.223	24.971	7.897	7.578	13.761
723	71	255	606.092	217.810	30.385	10.744	8.414	97.229
724	62	255	678.306	218.016	30.385	11.325	6.970	17.558
725	89	255	435.725	215.388	34.284	11.758	9.638	143.454
726	79	255	466.133	213.703	32.971	12.183	8.256	83.559
727	83	255	484.765	213.223	32.627	11.041	9.572	71.370
728	39	255	1157.859	214.295	26.971	8.855	5.607	178.689
729	44	255	531.136	212.773	26.971	9.190	6.096	145.413
730	49	255	348.867	210.622	25.799	9.776	6.382	49.939
731	53	255	116.915	210.009	25.799	8.398	8.035	173.660
732	72	255	67.292	207.514	31.213	10.506	8.726	115.407
733	65	255	239.223	207.869	28.385	10.293	8.040	74.573
734	77	255	146.526	207.682	31.799	11.287	8.686	16.621
735	78	255	12.833	204.846	32.385	11.473	8.656	41.141
736	88	255	257.580	203.920	37.213	12.490	8.970	82.733
737	108	255	595.500	204.000	37.799	12.707	10.822	76.421
738	82	255	671.476	205.171	33.213	12.101	8.628	36.927
739	73	255	521.829	204.322	30.627	10.621	8.751	166.604
740	50	255	40.380	202.340	25.556	9.736	6.539	113.295
741	59	255	176.517	201.653	30.627	9.705	7.740	152.170
742	44	255	341.864	201.591	26.385	9.634	5.815	147.547
743	49	255	405.337	196.459	30.627	9.019	6.918	94.678
744	52	255	607.115	195.673	26.385	9.643	6.866	63.802
745	27	255	1010.056	197.463	29.213	6.746	5.096	21.421
746	54	255	301.500	195.000	25.799	9.149	7.515	149.244
747	80	255	118.438	192.312	33.456	11.366	8.962	59.358
748	65	255	92.885	191.854	29.556	10.485	7.894	110.253
749	71	255	464.683	191.754	30.627	11.315	7.990	46.268
750	53	255	490.500	191.349	26.142	9.311	7.247	90.000
751	50	255	195.160	190.100	25.556	8.485	7.503	107.987
752	73	255	63.555	188.034	30.385	9.898	9.391	103.329
753	83	255	357.271	185.898	32.971	11.166	9.464	85.792
754	49	255	553.296	186.867	41.456	8.471	7.365	71.188
755	56	255	949.607	186.696	27.799	10.429	6.837	50.902
756	18	255	787.444	187.444	23.556	7.497	3.057	134.302
757	48	255	1011.521	184.917	32.870	10.476	5.834	34.590
758	56	255	298.625	184.786	27.213	9.832	7.252	137.297
759	65	255	582.715	184.254	29.799	10.419	7.943	34.639
760	101	255	796.847	183.035	37.456	14.077	9.135	42.980
761	103	255	830.199	183.587	36.385	11.539	11.365	162.899
762	102	255	1114.206	183.500	38.870	14.897	8.718	32.283
763	48	255	125.854	182.521	24.971	9.199	6.643	104.670
764	67	255	156.933	180.560	33.213	10.229	8.340	95.143
765	48	255	222.312	182.167	25.213	9.324	6.555	32.163
766	44	255	689.341	183.023	29.799	9.522	5.884	175.344
767	54	255	737.037	180.426	27.799	10.024	6.859	166.467
768	48	255	431.312	178.771	25.556	9.177	6.659	15.999
769	88	255	308.341	174.455	34.870	12.466	8.988	34.630
770	36	255	419.222	176.083	26.627	7.706	5.948	149.643
771	96	255	441.812	173.177	36.284	12.963	9.429	65.690
772	1	255	686.500	179.500	2.828	1.128	1.128	0.000
773	38	255	1221.132	174.605	22.728	7.618	6.351	84.088
774	71	255	171.838	172.655	30.385	10.216	8.849	14.435
775	64	255	109.406	171.531	28.971	9.681	8.417	149.568
776	49	255	56.439	171.194	24.728	8.364	7.459	79.382
777	52	255	697.731	170.904	26.142	9.330	7.096	106.228
778	43	255	1147.174	168.360	24.385	8.376	6.536	99.930
779	62	255	1136.952	167.371	39.456	9.620	8.206	73.951
780	33	255	1099.742	167.803	20.142	7.215	5.823	153.408
781	4	255	0.500	168.000	8.828	4.514	1.128	90.000
782	97	255	236.108	164.088	36.042	12.151	10.164	19.443
783	67	255	488.649	162.634	29.213	9.506	8.974	103.310
784	80	255	505.913	163.175	32.385	10.710	9.511	41.285
785	74	255	880.568	163.811	32.627	11.158	8.445	13.832
786	55	255	1194.482	164.173	26.971	9.364	7.479	29.592
787	49	255	381.969	163.786	25.556	9.211	6.773	14.677
788	73	255	65.801	161.637	30.971	10.723	8.668	21.537
789	68	255	734.412	162.250	30.971	12.038	7.192	161.990
790	50	255	23.460	161.960	26.142	9.956	6.395	1.518
791	40	255	930.650	161.800	26.971	7.912	6.437	151.182
792	86	255	103.279	156.628	33.213	11.296	9.693	76.512
793	64	255	703.359	158.188	28.971	10.034	8.121	7.880
794	51	255	811.265	157.735	24.971	8.112	8.005	45.018
795	47	255	960.074	157.457	24.142	8.384	7.138	155.344
796	97	255	856.232	154.541	35.799	12.556	9.836	131.394
797	62	255	631.871	154.581	28.142	10.615	7.437	179.783
798	48	255	831.667	154.438	24.971	8.045	7.597	25.411
799	86	255	981.128	152.791	33.213	11.032	9.925	1.043
800	36	255	724.833	153.250	24.971	7.898	5.803	117.908
801	98	255	1161.265	150.520	36.627	11.360	10.984	114.333
802	63	255	948.675	150.437	28.385	9.396	8.537	52.837
803	54	255	216.389	145.500	26.627	9.003	7.637	149.036
804	60	255	706.183	145.417	28.627	10.364	7.371	52.616
805	48	255	110.479	145.875	25.556	9.449	6.468	14.832
806	25	255	685.580	144.180	17.899	6.549	4.860	108.088
807	98	255	1095.429	140.214	35.213	11.306	11.036	159.950
808	72	255	871.000	140.000	30.627	11.254	8.146	130.817
809	40	255	858.400	140.175	26.385	7.834	6.501	50.060
810	32	255	1128.250	137.375	22.385	7.185	5.670	104.036
811	107	255	1170.621	133.070	37.799	12.658	10.763	62.165
812	69	255	868.500	130.471	31.698	12.824	6.851	135.444
813	68	255	503.324	129.779	31.213	11.341	7.634	28.281
814	42	255	771.619	130.333	27.799	8.560	6.248	154.053
815	53	255	1152.726	130.160	26.142	8.295	8.136	33.690
816	82	255	598.561	122.573	34.385	13.266	7.870	91.094
817	63	255	292.595	122.341	28.971	11.196	7.165	100.299
818	2	255	773.000	125.500	4.243	2.257	1.128	0.000
819	18	255	1143.000	123.889	22.971	6.453	3.552	160.041
820	59	255	644.280	119.432	27.556	9.627	7.803	104.990
821	33	255	498.015	119.106	22.971	7.564	5.554	10.066
822	46	255	949.239	117.652	24.971	8.851	6.617	44.189
823	72	255	365.569	111.681	29.799	9.873	9.285	70.585
824	110	255	62.336	109.327	38.042	12.894	10.862	94.824
825	56	255	729.339	109.375	26.627	8.540	8.349	174.431
826	65	255	885.054	108.854	31.213	11.473	7.213	19.783
827	60	255	135.250	106.650	28.971	10.399	7.347	71.211
828	50	255	502.500	108.460	26.971	9.094	7.001	31.466
829	73	255	749.541	107.390	30.385	9.999	9.295	18.923
830	91	255	163.610	104.445	35.799	13.314	8.702	76.096
831	65	255	898.100	104.115	29.456	10.271	8.057	53.541
832	66	255	948.712	103.030	29.213	9.908	8.481	162.624
833	65	255	25.100	101.469	31.213	10.429	7.936	93.830
834	42	255	974.024	103.524	24.142	7.737	6.912	0.814
835	39	255	1056.756	103.808	24.142	8.569	5.795	169.277
836	66	255	1077.591	102.424	34.627	9.787	8.586	20.026
837	69	255	1014.123	101.225	30.042	10.300	8.530	58.235
838	35	255	515.843	97.614	24.971	7.846	5.680	124.042
839	65	255	984.746	96.085	30.142	10.695	7.738	79.734
840	62	255	1041.306	96.145	28.385	9.206	8.574	143.798
841	56	255	1094.411	96.875	26.971	9.445	7.549	12.183
842	72	255	149.417	92.944	30.042	10.385	8.827	128.163
843	48	255	277.000	93.500	25.314	9.640	6.340	95.375
844	54	255	456.481	92.981	27.556	10.230	6.721	73.390
845	107	255	632.042	92.537	36.627	12.337	11.043	12.440
846	80	255	770.237	92.962	32.627	11.284	9.027	138.658
847	28	255	783.679	94.893	18.728	6.387	5.582	111.748
848	53	255	7.726	93.406	27.213	10.389	6.496	36.258
849	67	255	714.112	91.679	29.799	10.571	8.070	115.424
850	58	255	391.828	91.690	28.385	10.365	7.125	176.845
851	98	255	440.929	89.663	35.799	12.798	9.750	173.239
852	53	255	660.009	90.009	35.698	9.168	7.360	83.459
853	67	255	813.993	88.993	33.799	11.277	7.565	63.539
854	64	255	327.141	88.672	30.385	10.740	7.587	103.812
855	80	255	380.113	85.775	34.385	12.755	7.986	83.850
856	57	255	955.167	85.693	39.698	10.714	6.774	160.934
857	54	255	649.167	84.222	38.284	9.411	7.306	34.926
858	80	255	27.363	81.600	32.385	11.865	8.584	112.027
859	99	255	934.672	81.854	37.213	12.110	10.409	172.332
860	72	255	546.847	79.028	31.213	11.405	8.038	129.088
861	79	255	438.386	77.728	32.627	10.831	9.287	164.604
862	54	255	148.370	77.796	27.799	9.222	7.456	61.317
863	67	255	859.873	77.470	29.213	10.015	8.518	34.114
864	79	255	1189.437	74.475	32.385	10.474	9.603	78.724
865	82	255	675.634	73.427	33.556	11.605	8.997	110.659
866	106	255	128.009	71.047	37.456	12.218	11.046	152.299
867	39	255	421.397	73.526	24.385	8.322	5.967	30.972
868	45	255	645.211	72.656	26.385	8.729	6.564	12.125
869	51	255	568.912	70.618	26.142	8.886	7.308	0.365
870	54	255	960.130	69.259	26.971	10.058	6.836	122.880
871	85	255	531.406	67.041	34.627	12.061	8.973	93.713
872	41	255	276.744	63.963	22.385	7.746	6.740	57.796
873	55	255	604.173	63.609	25.799	9.081	7.711	115.231
874	56	255	823.500	62.357	27.556	9.563	7.456	73.014
875	57	255	321.377	61.798	27.213	8.800	8.247	169.921
876	77	255	1043.578	60.786	40.870	10.624	9.228	98.744
877	49	255	769.622	61.173	26.971	8.979	6.948	65.158
878	69	255	662.746	59.659	31.213	11.828	7.427	30.942
879	63	255	568.659	57.944	29.799	11.711	6.850	49.676
880	82	255	704.695	57.829	35.213	13.237	7.888	176.883
881	63	255	646.563	55.500	28.971	10.413	7.703	46.206
882	81	255	202.858	53.265	32.385	11.189	9.217	172.395
883	56	255	629.804	53.054	29.213	9.032	7.894	118.568
884	60	255	759.300	52.100	28.385	9.766	7.823	88.599
885	62	255	443.161	52.177	27.799	10.270	7.687	166.384
886	66	255	584.242	51.652	28.971	9.279	9.057	58.715
887	56	255	58.661	49.982	27.556	11.115	6.415	179.543
888	76	255	665.329	46.474	32.385	11.611	8.334	20.992
889	71	255	1147.852	46.528	30.971	10.265	8.807	136.427
890	59	255	812.703	43.381	29.213	11.419	6.578	64.919
891	92	255	1005.076	43.054	34.627	12.641	9.266	149.799
892	98	255	362.602	40.194	36.042	11.577	10.778	102.810
893	64	255	320.000	38.938	28.971	10.340	7.881	85.573
894	57	255	293.360	38.482	26.971	9.494	7.644	69.336
895	37	255	673.230	37.068	23.556	8.119	5.802	158.405
896	55	255	26.936	34.282	26.385	9.593	7.300	48.362
897	62	255	475.548	35.484	29.799	11.492	6.869	162.449
898	50	255	740.000	33.260	32.042	8.521	7.471	113.644
899	96	255	927.271	31.625	37.213	13.745	8.893	106.850
900	59	255	387.059	32.347	26.971	9.661	7.776	54.746
901	72	255	1113.903	31.264	32.627	11.975	7.655	130.032
902	67	255	435.843	31.037	29.799	10.085	8.459	74.222
903	65	255	231.946	28.469	29.213	10.287	8.045	109.424
904	76	255	262.500	28.829	32.042	10.165	9.520	81.487
905	83	255	300.922	28.187	33.213	10.530	10.036	145.081
906	61	255	365.992	28.598	28.627	10.152	7.651	139.274
907	42	255	377.167	28.952	22.971	8.332	6.418	115.787
908	67	255	407.396	27.843	32.627	11.114	7.676	120.874
909	67	255	245.366	27.037	29.799	10.411	8.194	64.627
910	79	255	118.373	25.234	32.971	12.103	8.311	173.551
911	66	255	222.576	23.970	29.213	9.852	8.529	122.350
912	80	255	720.100	24.050	31.799	10.970	9.285	130.902
913	53	255	759.387	23.613	32.142	9.119	7.400	77.847
914	72	255	816.750	23.264	30.627	9.961	9.204	70.231
915	76	255	103.592	21.171	31.213	11.018	8.783	99.461
916	70	255	615.957	20.900	34.284	10.930	8.154	83.529
917	103	255	1050.403	20.539	37.698	13.744	9.542	38.526
918	83	255	742.500	21.645	32.971	11.880	8.895	180.000
919	84	255	128.167	19.583	34.042	12.505	8.553	51.113
920	64	255	904.359	19.875	29.556	10.276	7.930	96.848
921	70	255	58.014	19.043	30.385	10.278	8.672	96.218
922	49	255	691.092	20.194	24.971	8.857	7.044	47.728
923	61	255	827.844	17.566	32.042	10.328	7.520	109.591
924	102	255	139.745	16.176	36.627	12.211	10.635	92.202
925	81	255	1102.932	17.981	32.385	12.316	8.374	175.466
926	77	255	309.708	14.227	31.799	11.603	8.449	161.586
927	65	255	229.931	12.715	29.556	10.085	8.206	175.552
928	46	255	757.435	12.152	24.142	8.160	7.178	117.308
929	76	255	8.079	9.842	32.627	12.385	7.813	53.240
930	55	255	856.809	11.373	26.971	10.265	6.822	164.866
931	76	255	773.789	9.329	31.213	9.926	9.749	139.916
932	49	255	75.622	7.827	25.556	9.006	6.928	43.765
933	88	255	486.125	6.398	34.870	12.462	8.991	125.660
934	58	255	748.552	6.810	28.627	9.315	7.928	72.863
935	49	255	284.724	5.867	25.556	8.778	7.107	87.271
936	61	255	464.549	4.074	28.728	10.925	7.109	74.839
937	37	255	500.608	2.338	23.556	8.158	5.774	138.632
938	56	255	844.839	2.018	28.142	9.778	7.292	0.058
939	44	255	871.977	1.864	24.728	8.954	6.257	172.252
940	25	255	669.060	0.660	19.314	7.923	4.018	2.004
941	17	255	161.500	0.500	16.485	7.435	2.911	11.310
942	8	255	865.625	0.375	9.071	3.538	2.879	45.000
943	10	255	1138.500	-0.200	15.071	6.865	1.855	180.000
944	2	255	290.000	-0.500	4.243	2.257	1.128	0.000
945	1	255	292.500	-0.500	2.828	1.128	1.128	0.000
946	1	255	816.500	-0.500	2.828	1.128	1.128	0.000
