 	Area	Mean	XM	YM	Perim.	Major	Minor	Angle
1	61	255	99.238	898.123	29.213	10.261	7.570	100.367
2	60	255	196.283	898.733	28.142	9.472	8.065	100.484
3	2	255	283.000	902.500	4.243	2.257	1.128	0.000
4	20	255	386.450	901.150	16.485	6.042	4.215	162.112
5	3	255	439.500	902.500	6.243	3.385	1.128	0.000
6	22	255	500.455	901.818	21.899	10.194	2.748	4.343
7	61	255	580.975	897.926	28.385	10.188	7.623	88.827
8	12	255	739.500	902.083	15.071	6.944	2.200	0.000
9	35	255	774.214	900.757	21.899	8.567	5.202	172.656
10	27	255	816.167	900.944	19.314	7.132	4.820	12.944
11	34	255	906.353	900.147	21.556	7.685	5.633	0.216
12	34	255	933.794	900.765	21.899	8.172	5.297	3.530
13	83	255	963.970	898.127	32.971	11.555	9.146	43.985
14	43	255	1023.663	899.988	27.556	10.030	5.458	156.173
15	4	255	1028.000	902.000	5.657	2.257	2.257	0.000
16	57	255	1036.465	898.605	27.799	10.374	6.996	51.932
17	26	255	1212.154	900.769	17.899	6.411	5.163	163.826
18	50	255	526.560	894.560	29.799	10.340	6.157	100.628
19	36	255	173.639	896.278	22.142	8.279	5.537	41.740
20	30	255	472.433	896.333	19.314	7.411	5.154	165.396
21	55	255	451.427	893.173	27.799	9.904	7.071	127.453
22	57	255	896.605	891.360	31.213	11.456	6.335	85.474
23	10	255	872.700	895.200	11.071	4.456	2.857	108.222
24	43	255	884.779	893.058	23.556	8.137	6.729	71.509
25	43	255	186.314	891.756	22.971	7.808	7.012	176.554
26	66	255	939.985	889.788	31.213	11.982	7.013	38.397
27	1	255	1017.500	894.500	2.828	1.128	1.128	0.000
28	36	255	1018.389	889.556	24.971	8.937	5.129	141.449
29	49	255	283.071	888.010	24.971	9.440	6.609	132.511
30	69	255	157.297	885.514	31.213	11.100	7.915	125.176
31	63	255	979.294	886.992	28.385	10.417	7.701	156.198
32	50	255	543.740	883.440	28.385	9.618	6.619	69.250
33	47	255	963.926	884.500	27.213	9.874	6.061	49.404
34	38	255	332.395	883.368	23.556	8.394	5.764	40.345
35	27	255	671.870	882.907	20.142	6.502	5.287	141.230
36	61	255	853.533	880.844	31.799	9.883	7.859	20.590
37	68	255	409.250	879.647	29.799	11.304	7.659	144.995
38	44	255	702.955	880.045	27.213	8.348	6.711	139.497
39	46	255	740.109	879.391	24.971	9.029	6.487	102.213
40	45	255	518.567	879.478	25.799	9.974	5.744	157.289
41	61	255	462.926	876.730	28.042	10.038	7.737	150.877
42	2	255	487.000	880.500	4.243	2.257	1.128	0.000
43	40	255	488.700	875.400	22.728	7.427	6.857	174.028
44	44	255	185.705	873.727	24.971	8.869	6.317	77.732
45	44	255	564.614	872.182	26.971	9.024	6.208	89.294
46	42	255	943.548	872.619	25.556	9.226	5.796	46.695
47	63	255	144.437	872.056	28.971	10.005	8.018	4.424
48	53	255	432.330	871.104	26.971	9.264	7.284	45.800
49	50	255	841.840	871.600	24.627	8.463	7.522	121.940
50	1	255	882.500	874.500	2.828	1.128	1.128	0.000
51	70	255	1071.757	870.186	29.799	10.245	8.699	165.628
52	48	255	885.750	870.083	27.799	9.719	6.288	2.834
53	67	255	957.485	869.037	29.799	10.421	8.186	116.761
54	107	255	73.453	864.836	38.385	14.176	9.610	91.190
55	60	255	706.883	868.083	27.799	9.701	7.875	163.981
56	56	255	474.911	865.768	29.799	9.093	7.841	98.454
57	79	255	1003.373	865.867	32.042	11.609	8.664	143.385
58	58	255	1204.828	866.638	28.142	9.896	7.463	67.161
59	63	255	285.230	865.325	28.627	10.320	7.773	28.502
60	55	255	575.300	864.227	28.042	9.125	7.674	31.457
61	49	255	1136.643	861.786	26.385	9.271	6.729	93.563
62	69	255	835.804	861.196	30.385	10.751	8.171	173.605
63	44	255	859.977	858.318	23.556	8.880	6.309	77.688
64	82	255	1112.793	858.171	32.385	10.446	9.995	56.798
65	36	255	602.000	858.722	22.142	8.515	5.383	13.436
66	38	255	1016.842	858.816	26.385	8.578	5.641	12.221
67	32	255	850.062	856.125	20.971	6.863	5.936	92.786
68	70	255	978.614	855.829	30.971	10.757	8.286	7.523
69	51	255	135.598	850.814	26.971	9.490	6.842	0.579
70	50	255	333.760	849.400	26.728	9.784	6.506	76.396
71	49	255	992.541	848.296	27.314	10.204	6.114	1.180
72	61	255	1088.287	845.959	28.142	10.533	7.374	92.099
73	41	255	1124.427	847.451	23.556	8.077	6.463	36.227
74	51	255	799.422	844.892	26.971	10.592	6.130	68.944
75	48	255	754.458	844.479	27.799	8.964	6.818	78.533
76	48	255	1138.500	845.438	26.142	9.966	6.132	21.098
77	57	255	433.114	842.939	27.213	9.845	7.372	154.461
78	38	255	1036.474	843.658	22.142	7.705	6.280	47.413
79	29	255	1150.224	844.672	20.971	7.778	4.747	11.515
80	46	255	1055.065	842.152	31.213	9.763	5.999	146.075
81	61	255	1099.959	840.975	28.971	9.995	7.771	63.365
82	54	255	925.593	838.852	26.385	10.024	6.859	109.146
83	51	255	380.402	836.912	28.385	9.721	6.680	92.025
84	65	255	1111.746	836.915	29.799	10.344	8.001	64.225
85	71	255	997.824	836.570	30.385	10.353	8.732	31.622
86	53	255	1129.632	835.142	25.556	8.577	7.868	49.452
87	58	255	1055.879	832.828	32.042	10.109	7.305	16.185
88	59	255	854.517	832.958	28.385	10.326	7.275	44.952
89	4	255	1052.000	836.000	5.657	2.257	2.257	0.000
90	35	255	1073.071	832.014	24.142	7.337	6.074	142.148
91	69	255	1013.659	829.819	29.799	9.534	9.215	53.605
92	44	255	1146.750	831.250	24.385	8.560	6.545	126.890
93	61	255	625.566	827.320	28.385	10.474	7.415	40.294
94	56	255	873.071	827.089	30.627	9.915	7.191	57.788
95	72	255	171.264	826.278	31.456	12.063	7.600	143.368
96	55	255	358.391	826.045	26.385	9.198	7.613	178.334
97	61	255	561.369	825.139	27.799	9.090	8.544	175.554
98	36	255	889.167	826.528	22.971	8.620	5.317	42.049
99	66	255	1137.591	825.152	35.456	13.035	6.447	149.391
100	53	255	761.142	823.858	25.556	9.221	7.318	45.001
101	66	255	1066.136	823.636	34.042	10.090	8.328	0.494
102	43	255	1054.895	822.244	27.799	8.991	6.089	146.219
103	88	255	1116.068	820.909	34.627	12.001	9.337	113.855
104	63	255	654.865	820.325	29.213	10.745	7.465	107.009
105	53	255	726.066	821.142	26.971	9.090	7.423	104.901
106	44	255	1037.682	822.500	31.799	9.531	5.878	33.533
107	36	255	188.444	819.028	21.556	8.152	5.623	108.736
108	52	255	1078.558	817.635	28.385	11.356	5.830	104.101
109	42	255	370.190	815.000	24.971	9.136	5.853	178.086
110	66	255	1063.439	812.530	28.971	9.497	8.848	38.118
111	49	255	784.704	810.765	26.971	9.586	6.508	74.679
112	47	255	102.947	811.266	24.385	7.890	7.585	38.503
113	42	255	710.000	812.000	23.314	8.560	6.247	7.930
114	1	255	782.500	814.500	2.828	1.128	1.128	0.000
115	69	255	984.094	809.732	30.385	10.724	8.192	96.766
116	78	255	1004.782	810.295	31.799	10.827	9.172	132.384
117	41	255	150.085	810.671	23.556	8.239	6.336	147.951
118	55	255	671.373	810.245	26.385	9.703	7.217	178.921
119	49	255	693.541	810.684	25.799	9.108	6.850	8.997
120	58	255	742.017	809.621	27.799	9.928	7.438	140.738
121	24	255	839.625	810.833	16.728	6.111	5.001	70.395
122	20	255	937.450	811.450	18.142	6.989	3.644	144.570
123	72	255	1050.958	808.389	30.870	10.823	8.471	131.012
124	71	255	1132.697	810.021	32.385	12.635	7.155	4.721
125	98	255	489.418	807.031	36.042	13.236	9.427	156.192
126	65	255	1102.869	807.669	31.799	11.280	7.337	168.439
127	47	255	557.649	805.798	27.213	11.033	5.424	34.044
128	2	255	844.000	809.500	4.243	2.257	1.128	0.000
129	43	255	1165.128	806.802	29.799	8.934	6.128	158.539
130	1	255	842.500	807.500	2.828	1.128	1.128	0.000
131	47	255	961.457	803.840	24.728	8.565	6.987	105.834
132	1	255	1030.500	807.500	2.828	1.128	1.128	0.000
133	33	255	354.561	804.682	21.314	7.982	5.264	2.699
134	69	255	893.891	801.587	30.385	11.231	7.822	81.265
135	22	255	1032.455	803.955	17.314	5.991	4.675	45.685
136	48	255	683.021	800.729	26.142	8.701	7.024	33.815
137	87	255	727.511	798.443	34.042	12.008	9.224	135.376
138	59	255	1152.754	799.686	27.556	9.267	8.106	99.100
139	81	255	544.846	798.981	35.213	12.640	8.159	3.608
140	48	255	710.604	798.854	24.728	8.641	7.073	118.744
141	2	255	1018.500	802.000	4.828	2.257	1.128	90.000
142	38	255	1022.737	799.421	25.899	9.583	5.049	14.238
143	2	255	1162.500	801.000	4.828	2.257	1.128	90.000
144	57	255	865.956	796.553	30.627	9.922	7.314	34.789
145	61	255	928.926	794.975	28.971	10.654	7.290	113.056
146	53	255	1186.387	793.179	26.142	8.700	7.757	122.542
147	47	255	324.372	791.777	24.385	8.226	7.275	147.993
148	51	255	693.147	791.598	25.556	8.842	7.344	29.326
149	86	255	995.198	791.233	33.799	11.512	9.512	9.334
150	64	255	1032.938	790.750	28.385	9.742	8.364	96.864
151	34	255	121.618	791.206	22.142	7.729	5.601	171.000
152	70	255	677.300	789.000	30.385	10.791	8.259	62.397
153	42	255	742.333	787.429	25.556	10.082	5.304	70.180
154	63	255	754.976	788.722	29.213	11.166	7.184	141.591
155	80	255	361.387	785.263	33.213	12.429	8.196	117.381
156	64	255	820.500	787.000	29.799	10.810	7.538	15.162
157	53	255	772.104	784.274	34.042	10.488	6.434	29.413
158	43	255	1155.616	784.849	26.971	9.991	5.480	7.133
159	46	255	562.370	783.022	24.971	8.883	6.593	52.724
160	77	255	709.734	781.383	31.799	10.981	8.928	108.800
161	58	255	1167.603	781.828	34.627	11.171	6.611	77.867
162	1	255	1195.500	786.500	2.828	1.128	1.128	0.000
163	39	255	1198.987	782.654	24.385	7.593	6.540	37.190
164	67	255	112.709	780.873	32.627	10.915	7.815	167.252
165	49	255	278.806	780.276	25.799	10.098	6.179	136.391
166	69	255	979.993	780.529	42.042	10.552	8.325	179.735
167	31	255	149.016	780.855	20.142	6.744	5.853	27.927
168	44	255	731.159	780.455	26.728	9.592	5.840	37.543
169	35	255	1130.929	781.243	22.728	9.149	4.871	10.472
170	58	255	386.293	778.603	29.213	10.031	7.362	164.764
171	3	255	726.833	781.833	5.657	2.365	1.615	135.000
172	47	255	517.606	776.649	24.385	9.135	6.551	63.644
173	55	255	692.755	777.518	32.385	9.755	7.179	4.139
174	72	255	501.333	774.681	29.799	10.133	9.047	124.995
175	73	255	532.295	774.473	31.799	11.450	8.118	102.842
176	70	255	602.171	774.400	31.799	10.824	8.234	89.818
177	74	255	740.122	772.689	43.213	11.371	8.286	94.710
178	75	255	351.100	772.980	31.213	10.345	9.231	33.957
179	60	255	366.500	770.000	28.627	9.869	7.740	91.601
180	71	255	828.092	768.514	30.971	11.663	7.751	75.681
181	46	255	993.239	768.609	33.213	8.763	6.684	70.310
182	74	255	671.284	768.216	31.213	10.844	8.688	160.412
183	67	255	685.604	767.351	30.385	11.316	7.538	107.553
184	83	255	1030.934	767.922	36.627	10.373	10.187	105.063
185	53	255	769.236	767.462	25.556	9.249	7.296	89.231
186	101	255	1149.728	766.678	36.627	12.130	10.602	159.761
187	43	255	541.128	766.849	24.385	7.562	7.240	11.402
188	40	255	659.425	767.450	22.728	7.405	6.877	160.206
189	65	255	715.685	766.192	28.385	9.406	8.798	16.893
190	81	255	111.191	764.809	33.799	12.502	8.249	172.613
191	54	255	378.389	764.519	27.213	9.669	7.111	147.333
192	52	255	459.019	766.096	27.314	10.655	6.214	3.448
193	71	255	68.359	762.810	30.627	10.683	8.462	2.394
194	67	255	1175.933	762.410	30.042	9.870	8.643	132.340
195	71	255	356.218	760.345	31.799	11.410	7.923	83.290
196	46	255	965.783	761.087	24.971	9.634	6.079	98.667
197	39	255	845.321	761.115	24.142	7.828	6.343	155.042
198	79	255	975.905	757.842	31.799	10.123	9.937	143.208
199	52	255	692.538	757.096	28.042	10.645	6.220	53.646
200	2	255	991.500	761.000	4.828	2.257	1.128	90.000
201	37	255	745.014	756.635	23.556	9.358	5.034	74.806
202	46	255	1043.891	757.522	27.213	9.216	6.355	158.280
203	64	255	1004.703	754.672	31.213	9.531	8.549	175.296
204	38	255	165.632	754.105	21.899	7.908	6.118	152.583
205	65	255	723.269	751.777	29.213	10.007	8.270	65.218
206	42	255	69.690	752.000	22.971	8.340	6.412	61.645
207	57	255	412.746	751.746	27.213	9.777	7.423	135.000
208	78	255	1166.500	750.167	31.799	11.037	8.998	81.650
209	45	255	329.189	749.344	29.799	8.832	6.487	98.116
210	72	255	382.708	750.125	30.385	10.748	8.529	62.029
211	37	255	758.824	751.770	23.314	7.797	6.042	70.758
212	50	255	18.660	750.400	26.971	9.987	6.374	154.506
213	58	255	92.086	749.569	27.799	9.576	7.712	50.700
214	47	255	803.649	748.947	27.556	8.507	7.034	70.292
215	66	255	706.379	748.242	30.385	9.905	8.484	96.823
216	36	255	988.972	750.056	21.556	7.386	6.206	7.086
217	84	255	1137.167	747.119	38.870	12.327	8.676	49.288
218	1	255	1083.500	750.500	2.828	1.128	1.128	0.000
219	36	255	585.194	746.833	22.728	8.443	5.429	16.744
220	6	255	1204.500	749.000	7.657	3.385	2.257	0.000
221	73	255	56.226	743.267	32.042	10.624	8.749	128.193
222	65	255	741.423	744.731	30.385	11.324	7.308	20.358
223	84	255	981.357	743.881	38.042	10.745	9.954	165.124
224	30	255	995.133	745.867	18.728	6.529	5.850	45.001
225	54	255	907.963	743.204	35.456	9.261	7.424	137.867
226	28	255	356.929	743.857	18.728	7.547	4.724	137.933
227	45	255	1017.922	742.456	23.556	8.109	7.066	8.817
228	34	255	696.000	741.088	21.556	7.977	5.427	45.637
229	49	255	467.520	739.459	27.213	8.481	7.356	82.812
230	40	255	255.725	738.625	24.142	8.908	5.717	49.527
231	71	255	675.261	738.007	29.799	10.083	8.966	73.812
232	47	255	450.883	737.734	28.385	10.056	5.951	53.984
233	34	255	397.912	738.059	20.971	7.940	5.452	161.950
234	38	255	329.026	734.026	23.556	8.565	5.649	106.313
235	47	255	568.117	734.138	27.799	10.422	5.742	17.260
236	47	255	996.266	733.989	25.799	9.628	6.216	10.401
237	81	255	868.056	732.191	34.627	12.646	8.155	13.673
238	56	255	66.286	731.464	28.385	8.799	8.103	100.073
239	74	255	583.757	732.176	31.556	11.233	8.388	5.091
240	61	255	89.500	728.730	33.213	10.525	7.379	28.167
241	48	255	614.458	729.146	28.042	9.768	6.256	39.832
242	57	255	190.342	726.675	30.385	10.302	7.045	57.239
243	52	255	544.000	727.135	26.728	10.665	6.208	78.524
244	52	255	643.827	725.654	28.971	11.873	5.576	106.484
245	48	255	696.292	728.000	24.142	8.337	7.331	90.000
246	52	255	881.654	727.865	26.142	9.023	7.338	72.644
247	46	255	1052.261	727.696	28.627	7.924	7.391	21.868
248	50	255	285.120	727.120	26.385	8.504	7.486	19.998
249	48	255	394.833	725.521	29.799	10.060	6.075	17.085
250	1	255	687.500	729.500	2.828	1.128	1.128	0.000
251	64	255	1194.656	725.516	30.385	11.345	7.183	126.594
252	74	255	559.338	722.189	32.385	12.007	7.847	93.197
253	38	255	104.737	723.553	23.556	7.426	6.515	16.150
254	50	255	721.620	721.580	27.556	10.186	6.250	79.039
255	48	255	905.729	723.104	26.971	9.582	6.378	7.669
256	73	255	746.253	721.664	30.971	9.802	9.482	8.022
257	80	255	768.237	720.675	33.213	10.969	9.286	130.384
258	80	255	949.000	721.612	33.213	11.574	8.800	168.859
259	43	255	992.965	722.058	28.385	8.588	6.375	105.751
260	80	255	1087.450	718.950	32.627	11.344	8.979	154.813
261	37	255	1097.851	719.743	22.142	7.901	5.962	102.136
262	59	255	89.381	718.669	26.971	9.573	7.847	159.694
263	48	255	323.812	718.083	24.971	8.071	7.572	96.626
264	60	255	412.917	717.517	27.556	9.167	8.334	71.620
265	2	255	988.000	721.500	4.243	2.257	1.128	0.000
266	35	255	113.129	716.557	22.142	8.106	5.497	115.753
267	48	255	1221.958	715.396	31.314	12.752	4.793	96.763
268	58	255	431.586	715.086	26.971	10.112	7.303	148.648
269	76	255	1024.066	713.908	32.971	11.105	8.714	98.490
270	59	255	731.144	713.246	27.799	9.340	8.043	139.145
271	52	255	580.769	712.558	26.728	9.691	6.832	158.500
272	56	255	79.911	710.804	29.213	10.894	6.545	168.365
273	79	255	543.816	706.766	35.213	14.107	7.130	105.505
274	71	255	871.092	709.148	31.213	11.292	8.006	130.697
275	61	255	447.352	707.270	32.627	10.587	7.336	134.137
276	42	255	985.714	709.667	23.556	8.140	6.569	35.970
277	46	255	332.761	707.674	24.385	8.791	6.662	99.103
278	53	255	679.368	707.462	28.627	9.584	7.041	24.818
279	27	255	1007.167	709.426	19.899	6.597	5.211	178.734
280	64	255	345.812	706.047	28.971	10.162	8.019	89.253
281	54	255	993.537	704.722	34.042	9.731	7.065	66.809
282	73	255	1139.048	705.363	30.385	10.417	8.922	11.215
283	45	255	100.922	705.878	24.142	8.226	6.965	5.027
284	51	255	206.480	704.147	26.971	9.348	6.947	120.676
285	55	255	608.645	703.627	34.284	8.906	7.863	123.466
286	40	255	1102.025	704.350	22.385	8.084	6.300	174.888
287	57	255	1167.114	703.518	27.799	9.810	7.398	129.784
288	35	255	1178.986	704.414	22.142	8.403	5.303	119.480
289	38	255	1198.132	704.474	21.899	7.683	6.297	105.825
290	63	255	706.881	701.849	28.385	10.205	7.860	103.894
291	52	255	748.538	702.692	26.142	9.292	7.125	109.148
292	49	255	294.643	701.480	30.042	9.212	6.772	139.534
293	65	255	721.500	701.623	28.971	9.314	8.886	44.119
294	52	255	974.577	702.885	28.971	11.062	5.985	0.287
295	48	255	938.562	701.438	24.971	9.420	6.488	153.561
296	39	255	961.423	698.936	24.971	9.606	5.169	75.449
297	58	255	737.845	698.086	28.385	9.721	7.597	101.029
298	57	255	830.939	698.325	26.971	9.532	7.614	58.029
299	65	255	379.438	698.285	29.213	10.992	7.529	175.702
300	58	255	557.724	696.621	34.042	9.924	7.442	45.012
301	47	255	275.351	696.011	26.627	10.514	5.692	144.658
302	38	255	851.105	694.921	25.556	10.553	4.585	115.287
303	86	255	357.907	690.291	34.385	12.980	8.436	95.181
304	74	255	773.865	691.595	32.042	11.887	7.926	122.845
305	48	255	996.229	691.646	26.142	10.443	5.852	77.992
306	53	255	81.594	691.896	26.971	8.518	7.922	178.341
307	64	255	984.656	690.344	28.385	9.927	8.209	134.998
308	39	255	1005.654	687.833	22.385	7.926	6.265	68.730
309	38	255	274.868	686.947	26.142	9.768	4.953	155.649
310	71	255	417.739	687.148	37.456	12.277	7.364	6.385
311	64	255	582.156	686.031	30.627	11.539	7.062	30.107
312	65	255	563.269	685.546	28.971	9.782	8.460	44.805
313	51	255	750.539	684.951	25.799	9.336	6.955	28.438
314	69	255	769.036	683.355	30.385	11.573	7.591	108.348
315	76	255	1214.461	683.618	32.385	11.439	8.459	62.558
316	46	255	549.957	682.913	25.799	8.545	6.854	21.585
317	56	255	685.964	682.196	27.799	9.892	7.208	114.509
318	72	255	1162.125	680.292	30.971	11.574	7.921	103.420
319	57	255	291.325	679.482	27.799	10.171	7.135	14.076
320	85	255	593.441	678.982	32.627	10.735	10.081	174.007
321	46	255	959.935	679.717	23.799	8.129	7.205	145.901
322	51	255	23.382	679.598	26.385	9.345	6.949	168.241
323	32	255	304.875	679.531	20.728	7.468	5.456	73.623
324	49	255	976.704	678.704	26.728	9.410	6.630	102.572
325	34	255	728.147	678.382	22.142	8.234	5.257	86.451
326	35	255	717.186	675.786	21.556	7.409	6.015	103.834
327	30	255	739.800	675.867	20.142	7.735	4.938	84.479
328	31	255	337.952	675.339	22.385	7.363	5.360	122.315
329	35	255	667.929	675.586	20.728	7.742	5.756	120.907
330	70	255	1049.314	674.229	29.799	9.556	9.327	59.326
331	46	255	1175.217	675.304	28.627	10.522	5.566	155.626
332	66	255	226.576	673.333	28.971	10.055	8.357	132.687
333	36	255	555.556	674.583	25.213	8.371	5.476	37.527
334	54	255	994.352	673.481	26.728	9.394	7.319	101.397
335	67	255	567.649	672.291	28.971	9.748	8.751	131.134
336	59	255	617.331	672.585	28.385	10.259	7.322	16.264
337	52	255	754.788	672.846	25.556	9.228	7.175	131.617
338	4	255	923.000	676.000	5.657	2.257	2.257	0.000
339	54	255	3.481	670.426	25.556	9.466	7.263	108.545
340	56	255	826.196	670.679	26.385	9.159	7.785	109.446
341	47	255	907.479	671.117	24.385	8.185	7.311	116.817
342	51	255	1153.088	669.186	25.556	8.707	7.458	48.791
343	47	255	1096.223	667.032	26.142	10.213	5.859	91.112
344	45	255	543.656	666.300	24.971	8.869	6.460	83.373
345	40	255	524.750	665.225	27.556	8.452	6.026	104.643
346	71	255	592.092	664.246	33.456	12.694	7.121	32.703
347	51	255	945.735	665.716	26.385	9.475	6.854	153.626
348	97	255	792.871	665.222	37.556	14.739	8.380	177.219
349	42	255	1181.500	665.857	26.385	9.701	5.513	8.604
350	54	255	556.241	663.963	27.213	9.177	7.492	3.808
351	47	255	745.202	663.968	24.971	9.832	6.086	135.981
352	69	255	990.036	660.891	34.870	13.626	6.447	146.425
353	48	255	26.771	661.833	24.627	8.484	7.203	155.586
354	48	255	88.000	659.792	26.142	10.292	5.938	83.107
355	50	255	809.340	659.660	25.799	8.430	7.552	112.247
356	32	255	894.188	659.781	21.314	8.544	4.769	103.666
357	81	255	1188.870	658.377	34.042	13.344	7.729	45.832
358	75	255	913.527	657.073	32.142	12.610	7.573	85.504
359	75	255	110.700	656.473	32.870	11.172	8.547	51.488
360	74	255	567.581	656.257	31.213	10.867	8.671	104.048
361	70	255	690.686	656.414	32.627	10.567	8.434	63.588
362	65	255	767.515	657.254	28.385	9.502	8.710	4.101
363	46	255	1139.435	658.848	30.971	10.305	5.683	16.367
364	75	255	1014.967	655.993	31.799	11.992	7.963	131.548
365	57	255	1156.518	657.465	27.556	9.913	7.321	154.153
366	66	255	641.106	655.167	28.971	10.225	8.219	165.427
367	55	255	296.500	653.427	29.213	11.465	6.108	39.854
368	47	255	1170.819	654.926	25.799	9.106	6.572	15.960
369	21	255	858.214	653.214	16.728	5.647	4.735	26.442
370	42	255	1121.881	651.310	25.799	8.060	6.635	13.016
371	95	255	755.732	648.816	41.456	12.466	9.703	148.771
372	47	255	585.032	649.564	24.142	8.713	6.869	154.105
373	74	255	842.649	647.676	31.213	10.334	9.118	95.148
374	33	255	208.712	648.652	21.314	7.501	5.601	171.273
375	34	255	932.206	649.471	20.728	8.427	5.137	167.631
376	69	255	1188.370	645.543	31.213	12.311	7.136	57.220
377	45	255	904.944	646.767	28.385	10.258	5.585	3.384
378	120	255	816.908	642.892	39.456	12.718	12.014	90.519
379	49	255	645.643	644.112	29.556	9.698	6.433	9.410
380	47	255	863.904	644.415	25.556	8.663	6.908	13.101
381	47	255	1176.372	643.585	25.556	10.154	5.894	117.327
382	87	255	829.132	641.948	34.042	12.120	9.140	42.012
383	80	255	1059.850	641.312	32.627	12.670	8.039	129.548
384	46	255	320.391	640.217	26.971	10.368	5.649	76.089
385	47	255	764.989	642.330	24.142	8.378	7.143	159.238
386	60	255	1003.867	641.400	28.385	10.459	7.304	51.154
387	4	255	747.000	643.000	9.657	4.218	1.207	112.500
388	49	255	230.969	639.418	24.728	9.530	6.547	92.342
389	33	255	549.924	641.318	21.556	8.725	4.816	156.470
390	1	255	750.500	643.500	2.828	1.128	1.128	0.000
391	5	255	751.500	641.100	11.899	4.833	1.317	27.892
392	48	255	781.500	638.229	26.385	10.722	5.700	65.549
393	47	255	1091.670	638.500	24.971	9.386	6.376	70.528
394	73	255	798.363	637.637	32.385	12.559	7.401	29.808
395	20	255	945.750	639.250	15.314	5.142	4.953	45.003
396	51	255	1016.441	637.892	26.385	10.728	6.053	145.362
397	55	255	508.191	636.536	26.971	9.945	7.042	60.003
398	103	255	534.675	634.704	37.799	12.843	10.211	87.498
399	39	255	561.500	637.474	25.213	9.263	5.360	18.547
400	58	255	21.741	635.741	27.556	9.319	7.924	171.970
401	66	255	85.652	634.136	31.213	12.014	6.994	99.608
402	3	255	1146.833	638.833	5.657	2.365	1.615	135.000
403	73	255	577.760	632.760	32.385	12.061	7.706	100.337
404	60	255	835.317	633.167	28.385	10.755	7.103	139.293
405	36	255	1221.306	634.111	21.899	7.828	5.855	59.332
406	44	255	298.432	633.455	25.556	10.516	5.327	9.076
407	82	255	982.427	631.866	32.627	10.757	9.706	11.704
408	43	255	1147.500	633.523	24.971	7.953	6.884	169.800
409	121	255	112.475	628.897	53.598	17.742	8.683	135.416
410	55	255	858.791	631.555	26.971	9.616	7.283	3.395
411	61	255	1179.434	630.664	33.799	11.313	6.865	163.647
412	84	255	1206.786	629.286	33.213	12.125	8.821	56.397
413	78	255	704.923	628.308	38.042	12.501	7.944	161.513
414	56	255	276.554	629.214	26.971	9.113	7.825	177.679
415	67	255	752.634	628.634	35.213	11.563	7.378	176.014
416	43	255	880.221	628.663	26.385	9.591	5.708	42.512
417	78	255	1123.154	627.577	32.627	11.400	8.711	119.338
418	49	255	598.622	626.214	25.556	9.356	6.668	116.088
419	49	255	1190.929	626.602	29.213	11.234	5.554	45.045
420	40	255	631.825	626.700	24.971	8.881	5.735	158.344
421	20	255	809.600	627.250	17.556	5.924	4.298	6.388
422	79	255	559.766	623.449	33.799	11.916	8.441	76.936
423	59	255	871.025	623.432	26.971	9.051	8.300	82.725
424	7	255	1223.214	625.357	11.657	4.647	1.918	85.692
425	21	255	779.071	625.071	17.314	6.371	4.197	3.814
426	46	255	850.065	623.348	24.385	7.937	7.379	156.920
427	48	255	331.854	620.979	24.971	8.636	7.077	39.249
428	18	255	412.722	623.000	14.485	5.282	4.339	0.000
429	54	255	180.833	620.148	26.385	9.394	7.319	151.074
430	61	255	655.598	618.648	38.527	9.518	8.160	152.747
431	57	255	942.096	620.307	34.042	10.613	6.838	177.103
432	72	255	979.944	619.056	31.213	10.230	8.961	134.997
433	82	255	1158.305	618.183	33.456	12.640	8.260	44.693
434	71	255	1092.993	619.303	34.971	12.179	7.423	179.987
435	62	255	1214.081	618.468	30.627	11.873	6.649	173.099
436	65	255	1070.115	616.331	29.213	9.927	8.337	136.009
437	47	255	283.436	616.053	24.728	9.347	6.402	8.224
438	92	255	777.413	614.587	35.213	12.652	9.259	177.303
439	38	255	820.447	615.105	22.971	7.869	6.149	91.730
440	72	255	1183.694	615.153	30.385	11.197	8.187	171.879
441	49	255	611.051	613.112	35.456	8.812	7.080	158.175
442	77	255	805.240	612.604	33.698	12.459	7.869	144.434
443	75	255	578.153	611.020	39.113	10.186	9.375	37.980
444	47	255	963.926	612.649	25.799	10.359	5.777	131.600
445	35	255	881.186	612.814	21.556	7.916	5.629	27.913
446	59	255	992.975	610.331	30.042	11.049	6.799	72.457
447	78	255	333.436	610.218	32.627	12.186	8.150	150.771
448	37	255	715.824	611.203	25.799	9.502	4.958	147.384
449	65	255	741.946	610.900	29.556	10.262	8.065	21.324
450	31	255	411.339	610.016	20.728	6.905	5.716	90.761
451	48	255	839.312	609.542	26.385	9.613	6.358	24.903
452	46	255	1127.217	610.435	27.213	9.228	6.347	5.856
453	44	255	1209.636	610.114	24.971	9.388	5.967	128.274
454	55	255	297.318	609.082	27.213	9.486	7.382	21.013
455	45	255	530.056	608.544	23.556	8.838	6.483	151.780
456	51	255	1100.892	607.657	26.142	9.435	6.882	99.364
457	86	255	596.663	605.488	34.042	12.088	9.059	37.851
458	33	255	1144.348	607.985	22.142	7.463	5.630	21.326
459	65	255	273.469	605.192	28.971	9.747	8.491	43.161
460	28	255	545.893	606.393	19.556	7.169	4.973	68.169
461	38	255	163.211	603.263	22.142	7.934	6.098	128.092
462	52	255	321.596	602.635	27.799	9.278	7.136	115.884
463	5	255	878.700	605.900	7.657	3.144	2.025	18.435
464	43	255	895.453	603.686	23.556	7.678	7.131	150.308
465	71	255	1155.739	602.232	31.213	11.541	7.833	133.680
466	61	255	1202.484	602.926	28.971	9.379	8.281	41.925
467	14	255	919.143	603.071	13.899	4.647	3.836	100.097
468	35	255	980.700	603.186	24.142	9.464	4.709	6.216
469	82	255	1026.110	599.183	35.213	13.189	7.916	103.905
470	62	255	715.081	599.919	28.971	10.340	7.634	78.740
471	78	255	1120.103	599.872	32.042	10.961	9.061	31.999
472	55	255	510.118	600.264	26.971	10.175	6.882	178.558
473	76	255	760.500	598.513	31.213	10.781	8.976	162.601
474	18	255	1222.389	598.833	20.728	6.334	3.619	74.752
475	54	255	560.926	597.648	26.385	9.183	7.487	122.982
476	42	255	746.905	596.476	26.385	8.575	6.236	106.989
477	59	255	1086.280	596.229	29.799	10.073	7.458	90.498
478	66	255	995.273	594.833	29.213	10.686	7.864	132.264
479	48	255	1176.396	595.875	27.799	9.272	6.592	139.560
480	55	255	25.482	593.300	28.385	9.441	7.417	69.186
481	75	255	867.953	593.833	31.213	11.213	8.516	44.783
482	41	255	941.671	595.793	23.556	8.021	6.509	143.578
483	51	255	970.520	593.971	27.799	10.347	6.276	68.638
484	77	255	82.760	593.019	33.213	11.227	8.732	177.142
485	58	255	419.276	593.448	33.456	10.754	6.867	173.740
486	57	255	453.482	593.763	26.385	9.647	7.523	154.186
487	50	255	46.780	593.120	25.556	9.107	6.990	15.231
488	97	255	502.222	590.428	35.456	12.760	9.679	148.828
489	61	255	1210.057	591.811	28.142	9.170	8.470	78.429
490	45	255	935.567	591.367	23.556	8.094	7.079	157.682
491	19	255	197.447	591.553	16.728	6.271	3.857	37.559
492	74	255	552.419	587.892	33.213	11.809	7.979	109.405
493	1	255	884.500	593.500	2.828	1.128	1.128	0.000
494	43	255	888.291	589.895	25.213	7.672	7.136	33.645
495	52	255	532.615	588.212	32.042	8.640	7.663	149.768
496	65	255	617.838	587.085	29.799	10.819	7.650	73.797
497	65	255	767.808	587.854	30.385	10.715	7.723	81.944
498	54	255	782.611	589.056	26.971	9.595	7.166	139.910
499	74	255	853.500	587.689	31.799	11.790	7.991	115.762
500	62	255	147.887	587.613	30.385	10.448	7.556	2.000
501	53	255	309.840	587.104	28.042	8.685	7.770	162.732
502	30	255	705.200	587.600	20.971	7.684	4.971	10.735
503	54	255	750.204	585.241	25.799	8.730	7.876	71.392
504	52	255	985.231	584.365	28.142	9.640	6.868	104.759
505	74	255	1196.676	583.932	31.799	10.011	9.412	121.336
506	56	255	605.679	582.000	38.527	10.461	6.816	124.363
507	60	255	956.800	582.783	27.799	10.008	7.634	170.092
508	63	255	298.024	581.548	30.971	9.407	8.527	102.326
509	68	255	759.632	580.662	32.870	11.330	7.642	27.352
510	54	255	825.815	581.315	26.385	9.264	7.422	112.730
511	29	255	1123.259	583.190	22.385	6.326	5.837	169.315
512	81	255	1156.747	581.068	33.213	10.911	9.452	173.450
513	61	255	194.008	579.221	28.627	10.652	7.292	126.464
514	57	255	845.746	579.167	27.556	10.345	7.016	86.530
515	23	255	1094.152	581.109	16.728	5.993	4.886	103.466
516	52	255	497.096	578.673	26.142	8.659	7.646	29.201
517	58	255	715.914	578.466	27.556	9.798	7.537	60.764
518	35	255	917.157	577.957	22.971	8.181	5.447	85.652
519	70	255	970.057	576.171	30.627	10.094	8.829	119.805
520	39	255	1221.679	576.244	23.899	9.842	5.045	79.024
521	64	255	437.438	575.891	30.385	11.634	7.004	7.761
522	25	255	870.940	576.860	20.971	7.358	4.326	25.425
523	56	255	1000.393	574.929	26.971	10.104	7.057	93.839
524	50	255	83.920	574.800	25.799	8.626	7.380	17.433
525	31	255	706.403	575.306	19.314	7.261	5.436	87.006
526	42	255	735.214	573.190	24.385	8.788	6.085	34.935
527	49	255	1103.153	573.276	26.142	8.477	7.360	10.589
528	49	255	1208.398	572.561	25.556	9.308	6.703	100.178
529	46	255	553.630	573.196	24.728	9.453	6.196	175.313
530	67	255	935.142	571.888	29.556	10.926	7.808	22.102
531	72	255	1194.083	570.403	30.385	11.009	8.327	81.102
532	78	255	806.987	570.244	34.627	12.912	7.691	36.550
533	63	255	1176.944	569.468	36.627	10.113	7.932	80.942
534	63	255	535.738	569.310	27.799	9.209	8.711	58.591
535	50	255	573.260	570.600	28.385	9.016	7.061	174.593
536	53	255	696.443	570.613	26.142	9.718	6.944	16.897
537	46	255	398.152	569.457	24.142	9.023	6.491	148.021
538	47	255	1162.436	569.947	24.728	9.347	6.402	171.776
539	46	255	115.087	567.152	24.971	8.987	6.517	28.528
540	71	255	613.415	565.894	30.870	12.208	7.405	139.753
541	72	255	858.958	565.458	30.971	11.588	7.911	76.387
542	3	255	1119.833	570.167	5.657	2.365	1.615	45.000
543	61	255	907.172	564.090	37.456	12.158	6.388	122.153
544	38	255	983.474	566.526	24.142	7.891	6.132	2.701
545	53	255	510.047	565.066	25.556	8.381	8.052	54.462
546	47	255	945.287	565.181	24.971	8.256	7.248	105.575
547	80	255	1040.463	563.725	32.627	10.473	9.726	150.147
548	44	255	1122.409	565.886	24.971	8.467	6.617	8.326
549	31	255	969.403	564.952	19.556	6.791	5.812	10.357
550	64	255	719.781	563.000	28.385	9.918	8.216	0.000
551	43	255	630.570	562.128	24.142	8.613	6.356	63.822
552	46	255	583.326	561.326	25.213	8.954	6.541	151.167
553	47	255	738.032	560.543	27.799	10.192	5.872	53.077
554	83	255	1147.139	559.199	33.456	12.300	8.592	126.253
555	58	255	828.983	557.879	30.627	10.037	7.358	106.106
556	31	255	982.145	559.242	31.799	7.255	5.440	8.886
557	55	255	748.755	557.918	27.556	9.573	7.315	141.633
558	72	255	1197.792	556.792	30.627	11.324	8.096	40.988
559	69	255	1220.355	555.949	30.728	10.393	8.454	95.123
560	59	255	1096.534	555.941	26.971	9.232	8.137	5.797
561	45	255	1183.744	556.767	27.799	9.006	6.362	170.075
562	77	255	320.604	554.240	31.213	11.022	8.895	174.431
563	88	255	957.852	553.818	37.456	14.285	7.844	154.763
564	1	255	970.500	558.500	2.828	1.128	1.128	0.000
565	79	255	706.032	552.804	31.799	10.330	9.737	127.674
566	51	255	539.127	550.539	26.971	9.824	6.610	99.506
567	50	255	600.720	552.320	26.385	9.518	6.688	167.834
568	30	255	718.733	550.467	22.971	7.329	5.212	85.819
569	54	255	492.926	548.074	27.556	10.250	6.708	98.665
570	42	255	928.048	548.429	23.556	8.683	6.159	85.115
571	56	255	730.571	546.589	34.627	10.979	6.494	89.139
572	32	255	812.625	548.312	26.042	6.809	5.983	131.371
573	37	255	1162.473	547.095	29.213	8.164	5.770	101.906
574	35	255	107.586	546.014	21.314	8.009	5.564	143.598
575	36	255	575.056	545.972	20.971	7.815	5.865	1.438
576	72	255	766.000	544.611	30.385	10.681	8.583	169.950
577	35	255	819.814	544.014	26.385	8.717	5.113	77.940
578	83	255	522.753	541.789	35.213	12.346	8.560	80.778
579	75	255	85.780	542.287	32.971	11.467	8.327	28.163
580	60	255	1201.900	542.833	29.799	9.897	7.719	166.466
581	35	255	948.129	542.329	22.728	7.941	5.612	59.354
582	60	255	780.717	540.550	27.799	9.726	7.855	9.416
583	59	255	172.822	537.483	31.213	11.630	6.459	113.020
584	56	255	362.589	538.071	28.042	10.361	6.882	125.709
585	63	255	621.929	538.770	32.627	11.750	6.827	149.675
586	70	255	916.771	536.943	30.042	10.093	8.830	149.762
587	47	255	1127.883	538.074	30.042	8.995	6.653	174.451
588	26	255	710.654	537.538	20.142	7.657	4.323	29.721
589	55	255	749.955	536.518	26.385	9.080	7.713	105.269
590	43	255	1186.314	536.105	31.456	10.154	5.392	66.097
591	49	255	260.194	534.378	28.385	8.660	7.204	63.919
592	42	255	895.643	535.071	26.627	9.965	5.366	70.332
593	67	255	512.381	532.157	30.627	11.198	7.618	113.584
594	2	255	557.000	537.500	4.243	2.257	1.128	0.000
595	81	255	721.401	532.228	32.627	10.919	9.445	109.286
596	57	255	904.377	532.342	28.971	10.955	6.625	101.320
597	44	255	535.386	534.182	23.556	9.162	6.115	179.304
598	44	255	560.432	533.750	28.385	9.858	5.683	0.785
599	37	255	738.581	532.581	24.142	9.319	5.055	92.348
600	54	255	498.000	531.593	26.385	9.176	7.493	134.694
601	54	255	594.796	531.833	28.385	10.560	6.511	30.282
602	35	255	933.500	532.900	20.971	7.379	6.040	144.846
603	61	255	687.336	527.352	29.213	10.107	7.684	99.515
604	70	255	609.971	527.386	30.385	10.584	8.421	37.299
605	46	255	1092.152	527.326	27.799	8.247	7.101	151.604
606	97	255	578.314	521.923	38.870	14.422	8.564	117.739
607	1	255	1036.500	528.500	2.828	1.128	1.128	0.000
608	73	255	920.267	523.473	32.042	12.984	7.159	151.516
609	58	255	1038.603	523.621	31.213	9.869	7.483	1.149
610	59	255	730.178	521.907	28.385	10.439	7.196	163.729
611	62	255	1216.177	521.629	27.799	9.172	8.607	48.939
612	70	255	237.371	518.343	31.213	10.561	8.439	140.218
613	47	255	776.032	519.053	24.971	9.492	6.304	134.261
614	73	255	910.623	517.952	31.456	12.098	7.683	140.087
615	70	255	73.900	517.900	30.385	11.161	7.986	165.169
616	53	255	544.123	514.953	26.971	10.077	6.696	104.148
617	44	255	600.182	515.955	30.042	9.082	6.169	12.615
618	54	255	934.704	514.019	28.385	10.534	6.527	79.548
619	2	255	1042.500	518.000	4.828	2.257	1.128	90.000
620	81	255	1189.241	514.327	38.042	11.297	9.129	8.227
621	58	255	299.034	513.224	26.971	8.854	8.341	112.339
622	59	255	623.839	512.449	32.971	11.839	6.345	79.593
623	47	255	1094.819	514.287	24.971	8.256	7.248	15.575
624	75	255	110.167	507.927	32.385	12.056	7.921	92.516
625	70	255	145.857	509.314	29.799	10.418	8.555	169.011
626	84	255	63.381	507.750	32.627	11.767	9.089	153.111
627	59	255	422.415	508.653	29.456	9.901	7.587	159.387
628	90	255	719.900	507.489	33.799	11.600	9.879	66.977
629	34	255	662.941	508.588	24.385	8.043	5.382	21.467
630	42	255	738.167	506.643	26.971	9.021	5.928	38.364
631	45	255	921.100	507.389	29.799	7.966	7.192	60.773
632	33	255	978.621	507.864	21.556	8.658	4.853	133.936
633	50	255	1165.840	504.520	31.213	9.111	6.988	2.781
634	77	255	303.617	501.227	31.799	11.513	8.515	4.808
635	42	255	371.333	503.167	24.385	9.547	5.601	18.639
636	72	255	396.611	498.583	31.213	10.492	8.738	58.126
637	33	255	776.288	500.955	20.142	6.841	6.142	12.879
638	48	255	792.771	499.562	26.142	9.768	6.257	107.859
639	19	255	1222.342	501.237	15.899	6.276	3.855	100.829
640	65	255	1200.962	498.900	28.385	9.958	8.311	175.822
641	97	255	469.696	495.325	37.213	12.599	9.803	119.650
642	39	255	595.269	496.962	22.142	8.183	6.068	86.830
643	62	255	627.177	495.919	29.213	10.514	7.508	118.965
644	67	255	697.291	494.873	32.142	12.754	6.689	97.535
645	63	255	7.770	494.976	29.799	9.631	8.329	160.189
646	63	255	246.198	494.532	28.971	10.482	7.652	62.363
647	71	255	916.669	495.979	30.971	11.156	8.103	13.029
648	44	255	119.295	494.023	22.971	8.211	6.823	114.849
649	46	255	582.304	492.804	28.971	9.527	6.148	48.695
650	38	255	1002.500	493.474	26.142	8.842	5.472	42.182
651	68	255	294.059	491.809	28.971	10.610	8.160	169.130
652	53	255	713.104	491.443	26.385	9.110	7.407	131.332
653	39	255	931.885	492.038	26.042	8.320	5.968	40.715
654	76	255	1042.632	490.289	31.213	10.779	8.978	108.680
655	79	255	134.956	487.146	32.971	12.562	8.007	73.636
656	44	255	992.841	489.114	27.799	7.729	7.248	174.193
657	27	255	384.204	489.463	18.142	6.962	4.938	0.945
658	2	255	953.000	491.500	4.243	2.257	1.128	0.000
659	23	255	1213.413	489.152	17.314	5.753	5.090	104.930
660	54	255	424.296	486.870	27.799	10.149	6.775	157.123
661	31	255	801.403	487.371	24.142	7.472	5.282	176.050
662	64	255	955.906	486.406	39.941	10.895	7.479	167.244
663	80	255	975.725	485.387	32.627	10.615	9.596	93.276
664	64	255	484.359	485.234	34.042	11.894	6.851	6.594
665	93	255	563.898	483.048	36.042	12.524	9.455	66.244
666	31	255	82.500	485.758	20.485	7.597	5.195	0.000
667	71	255	836.345	482.317	30.971	11.536	7.836	74.641
668	51	255	860.794	484.069	29.799	10.073	6.447	163.795
669	58	255	373.897	482.259	29.799	10.965	6.735	42.433
670	1	255	865.500	486.500	2.828	1.128	1.128	0.000
671	45	255	252.833	481.611	24.971	9.255	6.191	73.439
672	28	255	918.643	483.071	21.556	6.544	5.448	92.887
673	44	255	1077.114	482.318	26.142	8.694	6.444	160.611
674	43	255	328.105	479.058	26.142	9.159	5.978	82.304
675	46	255	342.935	481.609	24.971	8.590	6.818	13.039
676	64	255	623.656	480.688	28.971	9.826	8.293	122.072
677	69	255	642.587	479.833	31.213	9.942	8.836	96.274
678	61	255	1149.254	479.385	28.971	10.973	7.078	96.939
679	28	255	293.464	480.321	20.142	7.388	4.826	105.852
680	33	255	401.318	478.773	22.142	8.610	4.880	63.888
681	42	255	680.143	479.119	23.556	8.634	6.194	65.762
682	60	255	894.750	477.217	29.213	11.290	6.767	128.821
683	56	255	996.804	478.232	26.971	10.151	7.024	4.972
684	85	255	140.253	475.182	34.870	12.287	8.808	64.132
685	64	255	597.047	476.594	30.042	10.838	7.519	146.558
686	67	255	910.022	475.276	28.971	10.393	8.208	106.990
687	44	255	1043.591	476.364	24.142	8.281	6.765	144.282
688	42	255	700.214	475.048	23.799	8.363	6.394	51.508
689	51	255	1118.853	474.676	25.556	8.477	7.660	13.598
690	49	255	171.929	473.745	24.971	8.083	7.718	30.184
691	28	255	747.250	473.321	21.556	6.991	5.100	128.144
692	53	255	236.311	472.670	26.385	9.587	7.039	169.184
693	36	255	278.250	471.889	21.556	8.077	5.675	101.973
694	45	255	1160.456	473.300	24.728	9.221	6.214	7.536
695	31	255	478.984	471.661	20.728	7.393	5.339	41.104
696	77	255	713.370	469.695	32.627	11.057	8.867	112.379
697	1	255	763.500	474.500	2.828	1.128	1.128	0.000
698	56	255	358.161	469.089	29.213	11.140	6.400	116.773
699	53	255	765.274	470.368	30.042	10.257	6.579	161.084
700	67	255	874.963	470.485	31.556	12.400	6.880	12.837
701	38	255	926.000	470.947	22.142	7.896	6.128	20.114
702	59	255	1199.093	468.788	27.799	9.845	7.630	55.310
703	48	255	616.250	468.604	25.556	9.648	6.334	70.378
704	67	255	796.873	467.560	29.213	9.989	8.541	60.887
705	45	255	948.211	468.411	24.142	8.537	6.711	171.302
706	57	255	1071.991	467.079	26.385	9.166	7.918	127.605
707	38	255	76.868	466.184	22.142	7.577	6.385	43.157
708	58	255	1033.000	465.000	27.799	9.714	7.602	111.151
709	45	255	409.722	465.989	24.728	9.474	6.048	17.657
710	68	255	549.044	463.706	29.799	10.376	8.345	110.398
711	55	255	634.173	464.155	28.385	9.616	7.283	132.897
712	61	255	1138.139	464.713	31.456	9.675	8.028	160.832
713	68	255	1187.265	463.647	31.799	12.533	6.908	119.749
714	50	255	225.020	463.720	25.799	9.265	6.871	135.905
715	60	255	1167.783	463.533	28.385	9.258	8.252	61.078
716	48	255	98.021	462.438	25.799	8.288	7.374	133.194
717	83	255	979.946	461.524	32.627	10.663	9.911	71.810
718	62	255	268.629	461.677	29.213	10.653	7.410	143.548
719	90	255	688.744	461.667	34.385	12.357	9.273	7.211
720	45	255	331.456	461.300	25.213	8.801	6.510	132.418
721	45	255	850.856	460.944	27.213	9.923	5.774	149.055
722	41	255	891.890	460.768	22.142	8.205	6.363	101.985
723	36	255	906.639	462.111	20.728	7.372	6.218	162.971
724	68	255	625.353	457.103	32.284	11.836	7.315	131.418
725	33	255	607.894	457.258	22.971	9.403	4.469	64.556
726	54	255	662.667	456.426	27.213	10.393	6.615	47.094
727	30	255	466.100	456.733	21.556	7.200	5.306	124.996
728	69	255	930.688	453.978	31.556	12.095	7.264	91.563
729	72	255	1001.028	454.472	32.042	11.324	8.095	58.543
730	50	255	1115.560	456.860	25.556	9.528	6.682	170.098
731	46	255	492.783	455.130	26.385	9.830	5.958	20.396
732	126	255	912.365	451.024	46.284	17.510	9.162	80.101
733	30	255	646.933	454.833	18.728	6.503	5.874	157.545
734	77	255	1063.032	452.552	30.971	10.474	9.360	174.559
735	60	255	258.900	450.317	28.971	10.002	7.638	67.981
736	57	255	668.675	450.763	28.385	10.268	7.068	29.761
737	1	255	565.500	452.500	2.828	1.128	1.128	0.000
738	28	255	567.500	448.571	19.314	7.032	5.070	66.508
739	73	255	748.377	446.500	31.456	11.457	8.113	122.129
740	76	255	947.276	447.132	31.213	10.901	8.877	129.231
741	60	255	353.950	445.933	27.799	10.106	7.560	111.501
742	59	255	827.025	445.686	27.799	10.515	7.144	119.595
743	50	255	1046.520	447.040	30.042	8.647	7.362	160.853
744	43	255	1133.081	447.733	28.385	9.818	5.576	177.752
745	65	255	88.131	445.562	29.213	10.388	7.967	160.387
746	41	255	1110.744	446.378	24.142	7.962	6.557	102.879
747	69	255	368.630	443.471	34.870	11.155	7.876	149.661
748	52	255	646.654	443.462	27.213	9.067	7.302	52.444
749	1	255	341.500	446.500	2.828	1.128	1.128	0.000
750	79	255	845.614	442.601	31.799	11.006	9.139	174.514
751	79	255	222.842	440.437	32.385	11.317	8.888	85.852
752	53	255	271.858	441.292	25.799	9.318	7.242	46.119
753	56	255	341.768	439.929	30.627	11.723	6.082	52.014
754	51	255	59.520	440.108	26.385	8.303	7.820	107.849
755	30	255	593.167	442.000	20.142	7.900	4.835	142.981
756	57	255	632.272	439.746	29.799	10.959	6.623	66.356
757	37	255	898.176	441.122	21.556	7.995	5.893	77.601
758	196	255	1008.969	434.199	63.012	21.332	11.698	80.068
759	12	255	1090.833	443.167	14.728	6.015	2.540	32.029
760	65	255	1160.038	440.008	30.142	10.756	7.694	76.563
761	52	255	1174.885	438.885	31.456	8.552	7.742	52.218
762	42	255	769.429	439.690	22.728	7.502	7.129	32.178
763	64	255	297.219	437.859	28.385	10.569	7.710	162.381
764	57	255	727.535	437.570	27.799	9.269	7.830	114.879
765	76	255	929.947	436.553	34.042	13.266	7.295	47.920
766	73	255	235.897	435.349	31.556	11.469	8.104	104.655
767	75	255	991.980	435.953	31.213	12.175	7.843	138.497
768	79	255	952.766	434.019	32.042	11.304	8.898	73.025
769	2	255	1057.500	439.000	4.828	2.257	1.128	90.000
770	55	255	1060.500	435.391	28.142	9.112	7.685	65.493
771	90	255	259.889	432.489	37.213	14.096	8.129	112.122
772	43	255	1019.872	432.616	40.870	10.933	5.008	85.806
773	20	255	902.200	434.400	17.314	6.841	3.722	105.838
774	60	255	652.900	432.933	31.213	9.965	7.667	152.512
775	51	255	867.794	433.422	26.971	8.742	7.428	164.829
776	56	255	978.643	432.054	27.556	9.956	7.162	83.730
777	54	255	741.296	430.296	28.142	11.266	6.103	86.186
778	66	255	780.970	430.955	28.971	10.074	8.342	103.324
779	65	255	1075.423	431.485	28.385	10.370	7.981	136.213
780	55	255	1096.136	431.773	30.385	8.973	7.805	59.259
781	49	255	140.092	430.255	25.556	9.775	6.383	85.930
782	51	255	274.029	430.931	24.971	8.201	7.917	23.199
783	70	255	937.871	430.343	29.799	10.462	8.520	30.936
784	92	255	1207.728	430.141	35.213	11.568	10.126	2.692
785	83	255	1125.006	428.861	32.385	10.557	10.011	130.900
786	60	255	182.250	427.183	32.627	9.668	7.902	164.570
787	44	255	821.409	428.477	24.142	8.659	6.470	40.465
788	41	255	892.598	428.110	28.627	9.295	5.616	179.206
789	92	255	1179.424	425.717	34.042	11.872	9.867	138.949
790	32	255	1222.312	425.500	25.314	9.698	4.201	90.000
791	51	255	607.716	424.265	35.799	10.954	5.928	101.377
792	2	255	1017.000	429.500	4.243	2.257	1.128	0.000
793	48	255	1049.271	425.458	24.971	8.981	6.805	79.774
794	44	255	770.432	423.295	24.385	9.778	5.730	122.189
795	81	255	451.056	421.599	32.385	11.002	9.374	42.863
796	71	255	914.275	422.500	29.799	9.996	9.043	161.086
797	66	255	855.985	420.788	29.556	10.270	8.183	83.618
798	63	255	899.611	421.770	28.971	10.259	7.819	47.595
799	54	255	274.722	421.056	26.971	9.878	6.960	140.810
800	55	255	436.100	420.864	30.627	9.745	7.186	164.992
801	47	255	1016.628	420.372	33.799	8.801	6.799	159.663
802	67	255	1105.619	419.769	29.799	11.079	7.700	123.903
803	61	255	1155.418	419.352	35.113	10.163	7.642	78.799
804	43	255	218.872	419.105	24.142	8.827	6.202	90.886
805	72	255	755.222	419.847	30.971	11.743	7.807	162.702
806	86	255	964.198	418.849	33.213	11.820	9.264	145.201
807	65	255	635.746	418.069	29.799	10.499	7.882	114.169
808	77	255	931.162	418.227	32.627	12.086	8.112	16.796
809	66	255	1064.545	419.061	29.799	10.925	7.692	169.443
810	68	255	1195.206	417.132	30.042	10.717	8.079	51.937
811	57	255	743.868	414.605	29.799	11.266	6.442	120.225
812	81	255	884.833	413.500	33.799	13.101	7.872	80.207
813	64	255	251.453	414.266	29.213	9.535	8.546	73.097
814	58	255	701.828	414.172	28.385	10.525	7.017	113.522
815	46	255	231.196	413.696	24.971	8.679	6.748	75.922
816	91	255	409.852	411.181	36.042	13.503	8.581	113.682
817	54	255	653.833	413.926	27.213	10.289	6.682	146.381
818	73	255	906.295	411.651	30.385	10.116	9.188	106.614
819	40	255	1031.175	414.025	24.385	8.189	6.219	154.953
820	45	255	1141.300	413.456	24.142	8.075	7.095	23.405
821	28	255	950.214	413.393	18.728	6.826	5.223	166.573
822	70	255	985.771	411.957	32.385	11.993	7.432	10.241
823	81	255	116.883	409.463	34.627	10.918	9.446	170.386
824	74	255	263.365	408.068	32.627	12.482	7.548	115.680
825	60	255	919.900	409.717	27.213	9.616	7.944	179.898
826	38	255	939.237	410.026	24.971	9.158	5.283	46.605
827	54	255	304.889	408.519	28.385	9.196	7.477	75.410
828	58	255	377.879	409.362	30.142	11.009	6.708	17.361
829	41	255	612.963	409.841	29.556	8.220	6.351	8.791
830	59	255	1084.331	407.263	34.284	9.529	7.883	35.811
831	42	255	712.119	406.119	31.556	8.471	6.313	90.053
832	64	255	761.547	406.469	29.556	9.643	8.451	97.818
833	62	255	3.823	405.242	28.728	9.382	8.414	60.957
834	77	255	960.331	404.994	33.456	12.251	8.002	146.718
835	61	255	80.516	404.107	30.385	10.301	7.540	58.567
836	75	255	330.820	405.047	31.799	12.628	7.562	163.952
837	153	255	723.337	398.925	61.012	18.607	10.470	67.864
838	51	255	894.127	404.500	26.385	9.201	7.058	30.833
839	33	255	980.258	402.924	26.627	7.365	5.705	170.502
840	70	255	744.900	401.671	30.385	10.948	8.141	178.849
841	40	255	864.925	402.025	22.627	7.569	6.729	144.088
842	63	255	1050.992	402.056	28.971	11.062	7.251	25.369
843	66	255	1212.833	400.909	29.556	10.786	7.791	109.770
844	56	255	929.000	401.000	26.142	9.049	7.880	45.002
845	59	255	945.839	399.822	28.385	10.062	7.466	100.748
846	50	255	917.340	400.600	26.385	10.991	5.792	152.525
847	51	255	1003.814	400.833	35.213	10.543	6.159	3.266
848	63	255	118.119	395.532	30.971	12.244	6.551	100.437
849	53	255	129.613	397.198	26.971	9.412	7.169	86.462
850	65	255	789.023	396.069	28.971	10.176	8.133	99.241
851	87	255	106.511	394.236	34.627	12.566	8.816	138.378
852	40	255	937.575	395.500	27.213	8.407	6.058	127.334
853	53	255	1106.198	396.387	26.385	8.998	7.500	165.892
854	78	255	706.756	393.705	32.385	10.989	9.037	79.119
855	26	255	879.077	395.038	21.556	7.034	4.706	130.404
856	44	255	970.159	394.682	24.142	8.756	6.398	88.449
857	54	255	149.259	393.796	26.385	9.164	7.503	146.260
858	64	255	233.750	393.250	28.627	9.943	8.195	18.079
859	159	255	896.047	389.343	59.355	18.925	10.697	131.904
860	63	255	530.373	391.579	28.385	9.731	8.243	133.493
861	25	255	1064.500	391.980	22.971	6.341	5.020	110.982
862	37	255	597.986	391.041	23.556	8.580	5.490	67.385
863	36	255	848.917	391.583	21.799	7.730	5.930	144.139
864	46	255	912.804	390.978	26.627	10.357	5.655	135.287
865	58	255	197.103	388.948	30.627	9.945	7.426	64.808
866	41	255	261.134	389.915	23.213	7.388	7.066	10.503
867	33	255	420.803	390.742	20.142	7.215	5.823	116.592
868	27	255	925.870	391.981	19.314	7.900	4.352	178.625
869	66	255	31.561	388.000	32.042	11.064	7.595	149.883
870	68	255	996.662	387.912	30.385	10.002	8.656	73.570
871	63	255	177.897	386.849	30.385	10.340	7.758	10.279
872	63	255	281.151	385.389	28.971	9.772	8.208	58.135
873	77	255	1027.747	383.916	34.042	10.997	8.915	74.090
874	36	255	754.833	385.389	22.971	7.005	6.544	22.802
875	45	255	255.033	384.633	24.142	8.405	6.817	149.688
876	31	255	272.952	384.919	18.728	6.461	6.109	149.036
877	41	255	943.622	384.280	25.799	8.522	6.126	147.322
878	52	255	931.365	382.173	25.556	9.127	7.254	91.856
879	71	255	988.711	381.176	31.213	10.794	8.375	88.673
880	79	255	129.006	380.639	34.627	11.646	8.637	38.867
881	44	255	354.295	382.523	24.142	7.655	7.318	0.826
882	62	255	506.516	381.629	28.385	9.940	7.942	136.636
883	6	255	730.000	383.500	7.657	3.385	2.257	90.000
884	78	255	966.103	378.192	32.971	11.752	8.451	96.692
885	51	255	1136.284	379.892	30.042	9.249	7.021	158.312
886	56	255	1197.321	379.339	27.213	8.598	8.293	161.293
887	28	255	384.000	379.821	19.314	7.373	4.835	38.404
888	56	255	1009.893	376.732	26.385	8.858	8.050	69.523
889	50	255	262.260	375.300	26.385	8.931	7.128	149.590
890	38	255	747.895	372.763	26.142	8.662	5.586	90.459
891	29	255	772.500	375.328	19.314	7.248	5.094	70.001
892	91	255	1063.269	371.742	59.355	12.396	9.347	88.675
893	83	255	1105.307	373.151	32.042	10.688	9.888	97.080
894	42	255	331.524	374.214	23.556	8.866	6.031	128.045
895	2	255	745.500	377.000	4.828	2.257	1.128	90.000
896	50	255	941.000	374.380	24.728	8.623	7.382	0.000
897	30	255	22.700	373.300	19.556	7.787	4.905	125.986
898	14	255	1223.071	373.000	17.657	8.048	2.215	90.000
899	44	255	251.295	372.159	24.385	8.720	6.425	45.213
900	70	255	823.443	371.857	30.971	11.842	7.527	161.019
901	34	255	1087.853	372.088	21.556	6.814	6.353	175.552
902	68	255	854.206	369.265	31.456	10.586	8.179	122.703
903	73	255	652.253	368.760	31.799	11.799	7.877	66.318
904	45	255	205.522	369.167	24.142	8.455	6.776	117.027
905	50	255	515.360	369.360	26.971	9.840	6.470	29.411
906	53	255	540.519	367.274	31.213	9.634	7.004	39.980
907	36	255	1209.278	368.500	27.799	7.744	5.919	69.922
908	77	255	924.032	367.552	30.971	10.474	9.360	174.559
909	85	255	1129.088	367.876	34.142	13.041	8.299	9.158
910	34	255	1178.794	368.412	22.142	8.534	5.073	46.566
911	58	255	327.897	365.810	27.213	9.787	7.546	113.311
912	43	255	953.663	367.221	25.213	8.536	6.414	5.055
913	37	255	1029.527	367.068	25.556	9.786	4.814	21.728
914	44	255	377.182	365.295	26.385	10.976	5.104	65.503
915	56	255	995.286	365.982	26.971	9.003	7.920	143.651
916	48	255	1048.479	365.583	24.385	8.327	7.339	94.762
917	29	255	1069.328	364.914	28.385	9.536	3.872	58.890
918	53	255	1012.613	365.425	26.142	9.544	7.070	20.044
919	58	255	1080.362	364.655	26.971	9.556	7.728	7.056
920	86	255	280.128	363.942	33.799	12.308	8.897	0.891
921	50	255	732.860	364.000	24.971	8.189	7.774	90.000
922	45	255	384.433	361.389	26.142	10.341	5.541	76.209
923	53	255	843.311	360.651	34.627	10.383	6.499	108.897
924	51	255	175.206	360.343	26.385	9.261	7.011	77.516
925	62	255	747.226	360.500	28.385	9.195	8.585	129.831
926	63	255	971.071	360.198	28.971	9.797	8.188	69.620
927	31	255	1199.306	361.242	23.799	8.005	4.931	43.422
928	79	255	831.652	359.057	31.799	11.140	9.029	126.353
929	52	255	668.404	358.231	26.385	9.572	6.917	57.064
930	30	255	1099.600	360.700	19.899	7.459	5.121	5.467
931	15	255	716.233	359.700	14.485	5.341	3.576	175.870
932	61	255	1113.844	354.893	44.284	11.417	6.803	76.713
933	46	255	1160.304	357.500	26.385	9.305	6.295	85.558
934	3	255	1194.167	361.167	5.657	2.365	1.615	135.000
935	59	255	932.873	357.771	28.728	10.654	7.051	14.871
936	79	255	1036.614	356.766	31.799	11.547	8.711	170.158
937	78	255	1021.897	354.295	31.799	11.350	8.750	101.525
938	8	255	537.000	357.000	9.657	4.514	2.257	90.000
939	34	255	979.853	355.324	29.213	8.681	4.987	44.439
940	41	255	209.817	353.427	24.142	8.524	6.124	104.686
941	52	255	723.750	353.327	26.385	9.649	6.861	64.461
942	33	255	786.803	354.258	22.971	7.336	5.728	156.556
943	82	255	821.659	350.939	33.213	11.376	9.177	161.918
944	48	255	952.167	352.229	24.385	8.277	7.384	143.983
945	1	255	975.500	355.500	2.828	1.128	1.128	0.000
946	74	255	997.324	350.703	31.213	11.190	8.420	60.258
947	61	255	26.484	349.615	27.799	9.396	8.266	118.964
948	52	255	100.308	351.000	26.142	10.657	6.213	180.000
949	47	255	261.181	349.755	25.556	9.404	6.364	42.787
950	50	255	302.300	350.740	29.213	10.547	6.036	165.823
951	48	255	1060.562	350.229	24.971	8.872	6.888	175.127
952	83	255	748.259	348.380	34.627	12.765	8.279	163.824
953	45	255	1100.278	349.456	28.971	8.099	7.075	32.070
954	61	255	1195.943	349.320	28.385	9.964	7.794	3.797
955	6	255	462.333	350.500	8.485	3.718	2.055	53.130
956	54	255	1182.167	347.167	27.314	10.646	6.458	89.307
957	56	255	1209.982	347.411	26.971	9.884	7.214	124.411
958	84	255	856.893	346.440	33.799	11.395	9.386	164.026
959	68	255	1008.235	346.647	30.627	11.441	7.568	23.171
960	42	255	1125.881	346.476	24.142	9.626	5.555	104.157
961	44	255	682.795	344.523	26.142	8.740	6.410	99.041
962	87	255	1037.730	343.971	33.799	11.174	9.913	150.619
963	58	255	1169.586	345.914	29.314	11.988	6.160	10.905
964	61	255	937.926	342.943	27.799	9.652	8.047	110.084
965	38	255	974.737	344.895	27.213	9.284	5.211	5.546
966	100	255	644.090	340.830	35.799	12.400	10.268	84.614
967	52	255	561.096	341.519	26.385	10.474	6.321	158.582
968	71	255	909.049	336.528	30.971	11.369	7.951	108.931
969	29	255	817.224	338.224	22.728	8.085	4.567	6.139
970	43	255	1072.174	337.360	23.556	8.198	6.678	34.509
971	68	255	328.162	336.441	30.971	12.348	7.012	9.917
972	44	255	668.500	335.000	28.971	8.949	6.260	116.659
973	35	255	829.300	336.071	24.142	8.664	5.143	100.718
974	21	255	1027.405	336.071	17.314	5.585	4.788	21.856
975	81	255	1051.179	333.525	32.627	11.503	8.965	125.097
976	66	255	1207.333	333.121	30.042	10.922	7.694	129.047
977	2	255	658.000	336.000	5.657	2.596	0.981	135.000
978	41	255	800.280	333.183	23.213	8.491	6.148	130.611
979	41	255	846.768	331.915	28.971	8.641	6.041	103.550
980	110	255	1013.291	331.482	38.627	12.573	11.139	166.315
981	19	255	1136.605	333.395	21.556	9.267	2.611	119.144
982	58	255	1219.000	331.069	40.870	10.296	7.173	61.490
983	44	255	950.614	331.864	23.556	8.366	6.696	110.166
984	16	255	1131.750	332.625	18.142	4.660	4.372	171.449
985	98	255	1188.000	330.357	36.042	12.827	9.728	149.019
986	43	255	250.640	331.058	23.556	8.286	6.607	64.590
987	37	255	659.014	331.257	27.213	9.095	5.180	150.287
988	69	255	682.239	329.543	31.799	11.835	7.423	68.041
989	70	255	981.014	330.614	29.799	10.369	8.595	23.777
990	57	255	138.026	328.184	26.385	9.447	7.683	122.520
991	78	255	1079.897	326.346	39.456	11.657	8.520	134.035
992	66	255	1168.848	327.500	29.213	10.460	8.034	143.783
993	63	255	163.135	325.786	28.385	9.978	8.039	86.516
994	66	255	748.924	326.030	29.799	10.869	7.731	58.405
995	58	255	964.879	326.638	27.556	9.549	7.733	117.221
996	18	255	997.444	328.611	14.728	5.238	4.376	168.801
997	42	255	311.452	325.810	25.799	10.090	5.300	33.531
998	65	255	717.777	324.377	29.456	11.287	7.333	134.627
999	18	255	1128.389	326.056	20.142	5.878	3.899	13.745
1000	80	255	1147.787	322.163	43.113	12.730	8.002	82.282
1001	75	255	669.607	322.353	31.799	10.596	9.012	96.567
1002	61	255	62.074	322.303	36.042	10.556	7.357	149.237
1003	74	255	898.932	321.446	31.213	10.811	8.715	96.677
1004	49	255	1039.439	321.622	30.627	8.558	7.290	44.354
1005	45	255	922.233	321.633	26.385	10.085	5.681	9.571
1006	65	255	832.346	319.100	29.213	11.159	7.417	128.065
1007	81	255	1134.105	318.525	33.799	11.499	8.969	91.537
1008	82	255	554.159	316.098	33.556	12.620	8.273	89.546
1009	65	255	644.992	317.362	30.385	12.051	6.867	37.107
1010	69	255	1197.442	316.993	31.213	10.261	8.562	57.833
1011	62	255	373.548	316.839	28.385	9.963	7.923	159.604
1012	69	255	420.384	315.529	30.042	9.542	9.207	146.775
1013	36	255	1056.861	317.778	21.799	8.567	5.350	151.602
1014	38	255	1101.421	317.526	21.556	7.374	6.561	160.344
1015	42	255	757.548	315.595	24.142	8.882	6.021	51.972
1016	72	255	996.764	314.611	31.213	11.188	8.194	131.214
1017	84	255	1009.512	313.226	32.385	11.582	9.234	109.509
1018	67	255	982.754	313.709	31.799	10.837	7.872	154.323
1019	100	255	1163.940	312.330	37.698	13.957	9.122	156.974
1020	82	255	437.024	311.793	33.213	10.977	9.511	96.492
1021	63	255	623.341	312.310	27.799	9.644	8.318	145.003
1022	45	255	809.456	313.056	24.142	9.420	6.083	12.904
1023	71	255	869.627	310.317	31.456	11.915	7.587	125.935
1024	28	255	1071.214	313.393	20.142	7.425	4.801	11.532
1025	86	255	73.500	309.256	38.870	13.819	7.924	22.218
1026	42	255	719.024	309.833	24.142	9.066	5.898	80.137
1027	69	255	793.877	306.442	29.799	10.669	8.234	144.322
1028	37	255	1032.851	306.851	22.142	8.417	5.597	157.683
1029	38	255	115.158	304.868	23.213	8.803	5.496	131.017
1030	49	255	277.398	304.663	25.556	9.645	6.468	119.951
1031	2	255	540.000	308.500	4.243	2.257	1.128	0.000
1032	50	255	541.680	304.020	26.971	10.164	6.263	63.667
1033	44	255	36.364	303.795	24.385	8.252	6.789	49.604
1034	78	255	1063.000	302.192	32.627	12.156	8.170	55.450
1035	70	255	401.443	301.557	31.799	12.428	7.172	118.903
1036	76	255	423.000	301.408	31.556	11.453	8.449	94.906
1037	55	255	579.973	301.427	27.556	10.286	6.808	121.122
1038	71	255	1177.077	299.669	30.971	11.091	8.150	98.895
1039	31	255	691.565	300.887	20.142	7.331	5.384	172.199
1040	79	255	864.449	298.335	32.385	12.052	8.346	115.954
1041	59	255	1125.703	299.093	36.870	10.180	7.379	67.769
1042	93	255	5.296	297.586	34.627	12.833	9.227	134.743
1043	14	255	255.000	300.500	13.314	5.033	3.542	104.872
1044	49	255	940.418	298.173	26.385	9.200	6.781	107.843
1045	60	255	1022.717	298.317	28.142	9.784	7.808	112.871
1046	62	255	1100.758	298.016	28.385	10.279	7.680	75.514
1047	54	255	705.352	297.204	34.870	9.219	7.458	25.565
1048	35	255	785.757	298.129	22.728	8.804	5.062	113.844
1049	48	255	839.146	298.458	24.971	9.202	6.642	165.529
1050	70	255	853.186	297.057	30.385	10.967	8.127	117.509
1051	37	255	896.365	298.257	22.385	8.345	5.646	125.073
1052	60	255	925.933	297.100	35.456	10.748	7.108	141.918
1053	47	255	974.755	298.819	31.213	9.307	6.430	1.237
1054	39	255	1215.679	298.423	26.971	7.804	6.363	176.536
1055	56	255	53.679	296.375	27.799	9.861	7.230	133.598
1056	51	255	821.167	296.873	33.213	10.718	6.059	171.640
1057	64	255	1048.062	295.406	30.142	10.379	7.851	177.988
1058	57	255	512.325	292.693	33.456	10.839	6.696	47.699
1059	55	255	734.845	293.791	26.385	8.690	8.059	179.186
1060	38	255	988.974	294.395	24.142	8.839	5.474	29.434
1061	58	255	1076.586	292.362	29.213	11.151	6.622	110.652
1062	33	255	775.894	294.530	24.385	8.861	4.742	169.175
1063	50	255	141.500	292.140	29.799	8.887	7.164	36.033
1064	60	255	560.200	291.333	27.799	10.013	7.630	112.030
1065	70	255	887.414	291.100	30.385	10.179	8.756	105.238
1066	57	255	461.061	290.237	31.556	8.979	8.083	92.584
1067	58	255	913.707	289.121	28.971	10.829	6.820	75.564
1068	33	255	1003.197	290.864	20.728	7.089	5.927	121.477
1069	68	255	1038.559	289.529	28.971	9.433	9.179	116.565
1070	73	255	713.226	288.377	32.042	12.074	7.698	30.943
1071	52	255	1134.654	289.788	28.627	10.386	6.375	168.893
1072	60	255	225.117	286.933	28.971	10.981	6.957	111.731
1073	53	255	1111.406	286.915	26.385	9.589	7.037	107.891
1074	34	255	244.265	286.618	22.142	7.260	5.962	97.567
1075	65	255	846.192	285.762	30.971	11.792	7.018	112.868
1076	53	255	624.443	285.236	26.971	10.031	6.727	71.284
1077	57	255	688.500	281.956	33.456	12.402	5.852	100.920
1078	54	255	55.889	284.056	27.213	9.325	7.373	167.039
1079	76	255	1021.000	283.184	31.213	10.240	9.450	49.387
1080	51	255	768.618	282.382	26.142	9.624	6.747	76.649
1081	48	255	898.417	283.812	24.971	8.846	6.909	166.221
1082	59	255	256.212	282.432	27.556	10.133	7.414	172.482
1083	1	255	684.500	285.500	2.828	1.128	1.128	0.000
1084	51	255	860.225	281.951	28.971	11.433	5.680	16.159
1085	2	255	1065.500	284.000	4.828	2.257	1.128	90.000
1086	41	255	410.232	279.915	24.385	10.175	5.130	132.199
1087	78	255	923.500	279.000	30.971	10.465	9.490	90.000
1088	56	255	1121.179	278.893	29.213	8.753	8.146	99.322
1089	86	255	580.337	276.930	33.799	11.870	9.225	89.429
1090	60	255	787.100	278.583	27.799	8.957	8.529	94.039
1091	2	255	939.000	282.500	4.243	2.257	1.128	0.000
1092	46	255	939.630	277.370	30.971	9.996	5.859	59.479
1093	89	255	1209.084	277.624	34.627	11.417	9.925	44.684
1094	55	255	821.318	277.500	26.142	9.428	7.428	90.000
1095	78	255	727.333	274.423	32.627	10.961	9.061	120.674
1096	78	255	1033.051	274.128	32.385	12.155	8.170	92.879
1097	67	255	706.022	274.425	29.213	10.062	8.478	159.330
1098	21	255	876.881	276.310	18.728	7.271	3.677	145.781
1099	61	255	1060.926	274.320	28.385	9.747	7.969	108.256
1100	38	255	752.868	274.474	24.385	9.802	4.936	146.789
1101	4	255	0.500	275.000	8.828	4.514	1.128	90.000
1102	74	255	401.257	270.946	31.213	10.599	8.890	102.072
1103	56	255	650.554	273.268	28.971	11.769	6.058	167.685
1104	43	255	1044.105	272.244	23.556	8.690	6.301	96.089
1105	41	255	377.695	272.159	22.971	8.766	5.955	147.802
1106	56	255	552.732	271.946	27.213	9.837	7.249	151.101
1107	76	255	1171.132	270.513	34.627	12.237	7.908	17.008
1108	36	255	117.611	270.222	20.971	7.235	6.335	129.235
1109	63	255	906.278	267.484	30.042	12.039	6.663	126.099
1110	52	255	621.404	268.192	29.213	9.819	6.743	7.424
1111	97	255	778.809	266.552	37.456	13.903	8.883	155.753
1112	57	255	30.184	266.974	28.627	9.837	7.378	155.322
1113	71	255	475.401	266.697	30.627	12.062	7.495	150.673
1114	87	255	498.822	264.937	34.385	12.351	8.969	95.682
1115	67	255	568.500	266.754	30.385	10.796	7.902	11.438
1116	28	255	925.536	267.643	20.728	7.537	4.730	14.865
1117	68	255	1195.176	264.000	32.385	12.624	6.859	95.883
1118	76	255	800.618	261.750	31.213	10.614	9.117	142.611
1119	57	255	1219.746	261.412	27.213	10.383	6.989	133.125
1120	60	255	744.650	261.233	30.142	11.730	6.513	10.989
1121	65	255	1076.608	261.054	29.799	10.759	7.692	19.033
1122	62	255	1139.177	259.968	30.042	11.471	6.882	133.997
1123	47	255	383.032	260.160	24.971	9.206	6.500	136.611
1124	44	255	831.409	259.432	24.728	9.515	5.888	94.082
1125	63	255	1050.230	259.214	34.627	10.689	7.504	42.354
1126	74	255	594.405	257.162	33.213	12.495	7.541	114.415
1127	39	255	689.346	259.449	24.971	7.579	6.552	11.810
1128	52	255	712.481	258.923	27.556	9.231	7.172	19.060
1129	62	255	1206.565	258.484	27.799	9.699	8.139	49.012
1130	87	255	924.385	256.316	33.456	11.041	10.032	133.976
1131	49	255	942.622	258.541	24.971	8.764	7.119	178.420
1132	32	255	866.125	258.156	19.899	6.492	6.276	20.608
1133	70	255	900.714	255.543	31.213	10.686	8.341	101.443
1134	49	255	846.908	255.500	24.971	8.835	7.061	20.689
1135	53	255	878.538	254.349	26.042	9.808	6.880	140.055
1136	84	255	996.274	252.119	34.042	11.759	9.096	127.468
1137	43	255	1009.593	252.779	32.385	8.115	6.746	74.231
1138	68	255	1107.853	253.206	30.142	10.917	7.931	70.702
1139	62	255	86.597	252.258	29.213	9.697	8.141	119.764
1140	66	255	1025.515	252.258	28.971	10.024	8.383	37.929
1141	82	255	666.171	250.951	33.456	12.835	8.134	148.580
1142	36	255	1181.972	252.917	23.556	9.080	5.048	27.752
1143	64	255	568.734	250.938	29.799	11.187	7.284	161.267
1144	70	255	726.043	249.129	30.627	10.586	8.420	43.908
1145	22	255	508.455	250.591	16.485	6.006	4.664	40.583
1146	82	255	1136.402	246.073	32.971	10.815	9.654	115.783
1147	58	255	1162.862	247.310	26.971	10.323	7.154	5.085
1148	34	255	1185.794	247.059	27.799	9.088	4.763	51.426
1149	70	255	78.871	245.857	30.385	10.138	8.791	8.579
1150	32	255	41.188	245.031	20.142	7.466	5.457	143.090
1151	49	255	780.316	243.684	24.971	8.763	7.120	109.191
1152	58	255	910.362	243.138	33.213	8.850	8.344	55.606
1153	63	255	90.389	241.532	28.971	9.246	8.676	82.633
1154	37	255	562.068	242.257	21.799	7.149	6.590	41.448
1155	58	255	1219.293	242.466	27.556	10.538	7.008	161.301
1156	48	255	321.562	240.750	25.314	8.878	6.884	60.657
1157	57	255	338.535	237.939	28.142	10.845	6.692	73.981
1158	69	255	1067.239	237.572	30.971	11.983	7.332	109.529
1159	56	255	31.839	236.071	28.971	10.949	6.512	81.441
1160	70	255	54.329	237.829	31.213	10.566	8.435	24.903
1161	79	255	517.778	236.234	33.456	12.635	7.961	140.102
1162	58	255	634.552	236.828	28.385	10.509	7.027	86.180
1163	96	255	406.052	233.948	36.385	13.186	9.270	114.298
1164	63	255	728.119	235.627	29.799	11.178	7.176	141.254
1165	72	255	926.222	234.847	31.213	10.407	8.809	26.774
1166	119	255	1166.786	233.450	40.284	12.975	11.677	133.405
1167	49	255	1190.929	235.133	32.870	8.243	7.568	1.059
1168	84	255	1210.405	234.250	33.799	12.222	8.751	92.072
1169	79	255	502.601	233.222	32.627	12.076	8.329	126.806
1170	46	255	1039.196	234.217	24.385	8.825	6.637	112.971
1171	68	255	614.706	232.515	33.799	9.931	8.718	121.051
1172	68	255	800.956	232.338	30.627	10.754	8.051	85.828
1173	27	255	895.796	234.722	18.728	7.116	4.831	164.021
1174	35	255	480.586	232.443	20.971	8.162	5.460	140.832
1175	34	255	875.735	232.059	20.971	7.381	5.865	170.151
1176	57	255	394.711	228.991	26.971	9.739	7.452	143.829
1177	41	255	742.085	229.012	24.385	9.053	5.767	44.192
1178	49	255	1008.602	227.806	26.385	10.344	6.032	54.089
1179	91	255	594.709	224.225	34.042	12.379	9.360	139.779
1180	35	255	987.500	227.529	25.799	8.829	5.048	163.159
1181	3	255	997.833	228.833	5.657	2.365	1.615	135.000
1182	24	255	705.292	226.833	18.142	6.904	4.426	158.386
1183	106	255	531.642	222.321	37.456	12.995	10.386	147.343
1184	47	255	957.989	222.543	31.456	8.827	6.780	109.130
1185	86	255	50.581	221.884	33.799	10.960	9.991	163.160
1186	61	255	942.221	222.811	28.971	9.945	7.810	174.725
1187	1	255	960.500	226.500	2.828	1.128	1.128	0.000
1188	63	255	1044.833	222.151	32.627	9.887	8.113	4.527
1189	65	255	1147.023	222.177	28.971	9.914	8.348	90.007
1190	59	255	911.890	222.178	28.385	9.876	7.606	18.657
1191	52	255	1191.865	220.981	34.284	10.213	6.483	37.965
1192	72	255	789.194	220.319	30.971	10.340	8.866	98.970
1193	43	255	881.616	221.826	28.142	9.464	5.785	22.473
1194	62	255	1091.081	219.855	29.556	11.411	6.918	62.437
1195	56	255	36.125	218.839	27.799	10.726	6.647	117.818
1196	88	255	1017.523	217.818	42.284	11.165	10.035	102.566
1197	87	255	561.891	216.638	34.627	12.943	8.558	27.516
1198	99	255	647.460	215.247	37.213	13.932	9.047	94.847
1199	57	255	773.956	216.939	27.799	9.587	7.570	118.778
1200	42	255	968.310	217.595	23.556	8.423	6.349	61.498
1201	45	255	586.544	215.811	24.971	9.439	6.070	72.174
1202	48	255	992.354	216.188	27.799	9.642	6.338	3.590
1203	65	255	720.592	213.515	28.971	11.236	7.365	85.946
1204	75	255	1128.993	214.793	30.971	10.580	9.026	156.032
1205	52	255	1158.923	214.135	26.728	10.593	6.250	82.552
1206	49	255	809.500	213.500	24.971	9.629	6.479	118.458
1207	54	255	916.574	212.352	26.385	9.115	7.543	66.145
1208	48	255	250.708	212.312	25.556	9.452	6.466	178.390
1209	51	255	1176.206	211.167	38.870	11.660	5.569	162.520
1210	53	255	1216.708	211.858	31.213	8.642	7.809	14.776
1211	49	255	500.337	210.949	25.556	9.436	6.612	126.962
1212	43	255	731.849	209.919	26.971	8.996	6.086	57.697
1213	63	255	822.897	210.357	28.627	10.296	7.791	150.813
1214	77	255	1027.929	207.916	33.799	12.997	7.543	64.321
1215	52	255	602.519	207.346	26.385	9.616	6.885	116.562
1216	59	255	766.958	206.788	36.042	10.602	7.086	60.630
1217	56	255	902.696	207.214	27.799	10.123	7.044	116.710
1218	46	255	978.000	207.804	24.142	9.166	6.390	90.000
1219	41	255	1093.720	206.768	26.385	9.442	5.529	100.437
1220	85	255	1190.606	205.476	34.042	10.798	10.023	78.347
1221	29	255	841.155	206.741	19.556	6.499	5.682	91.788
1222	60	255	1109.450	206.750	29.556	11.892	6.424	162.943
1223	59	255	1141.432	204.500	40.284	10.125	7.420	48.405
1224	77	255	947.968	203.864	42.284	13.140	7.461	31.253
1225	48	255	215.292	204.188	24.971	8.538	7.158	31.822
1226	44	255	1012.523	203.591	24.142	7.977	7.023	63.888
1227	36	255	1205.806	203.833	25.799	9.990	4.588	149.329
1228	66	255	669.227	202.030	28.971	10.230	8.214	74.348
1229	45	255	1081.878	203.256	29.799	8.566	6.689	16.176
1230	59	255	1170.958	203.161	28.627	10.157	7.396	152.399
1231	53	255	739.179	200.387	30.627	9.725	6.939	115.898
1232	40	255	1001.125	202.900	24.142	8.341	6.106	178.633
1233	76	255	1049.000	200.000	31.799	12.142	7.969	78.120
1234	32	255	437.125	201.312	20.142	6.701	6.080	62.389
1235	32	255	876.562	201.750	20.385	7.609	5.355	130.288
1236	56	255	350.161	199.143	27.799	10.073	7.078	136.823
1237	55	255	825.427	197.500	30.042	11.622	6.026	60.613
1238	51	255	697.676	197.716	25.799	8.720	7.447	177.483
1239	62	255	811.161	198.581	28.971	10.781	7.322	173.227
1240	84	255	1150.690	195.786	33.456	11.405	9.378	100.885
1241	59	255	1071.364	196.008	27.799	9.896	7.591	98.009
1242	43	255	1200.965	197.570	22.971	7.947	6.890	6.197
1243	46	255	84.196	196.891	25.556	10.350	5.659	172.877
1244	94	255	541.543	194.479	35.799	11.468	10.436	101.332
1245	60	255	1166.050	194.717	27.799	9.616	7.945	83.885
1246	8	255	260.375	197.375	9.071	3.538	2.879	135.000
1247	40	255	893.525	194.600	23.314	9.335	5.456	91.600
1248	43	255	909.035	194.453	32.284	9.133	5.994	55.824
1249	32	255	625.094	194.094	26.385	7.593	5.366	27.094
1250	95	255	967.679	192.626	35.799	13.536	8.936	173.187
1251	32	255	1091.219	193.531	26.385	7.973	5.110	176.922
1252	48	255	195.146	192.000	24.971	9.380	6.516	129.825
1253	89	255	802.309	190.376	34.042	11.315	10.015	139.806
1254	54	255	988.000	191.870	26.142	8.390	8.195	90.000
1255	41	255	1014.159	192.085	22.971	8.090	6.453	165.910
1256	28	255	1042.750	192.750	18.142	6.537	5.454	134.999
1257	68	255	1115.235	191.412	29.799	10.351	8.365	164.926
1258	32	255	276.281	190.656	21.556	7.796	5.226	123.940
1259	51	255	521.382	189.794	25.556	8.781	7.395	98.983
1260	28	255	847.607	190.036	18.971	6.429	5.545	1.141
1261	86	255	928.337	187.512	33.799	12.144	9.017	119.118
1262	68	255	1061.000	188.000	28.971	10.301	8.405	90.000
1263	50	255	430.980	187.560	26.627	10.397	6.123	137.476
1264	77	255	951.396	186.955	31.556	10.934	8.966	119.224
1265	94	255	1176.138	186.521	34.627	11.763	10.174	50.596
1266	50	255	766.080	186.660	26.971	8.953	7.110	49.852
1267	71	255	820.683	186.725	30.385	10.218	8.847	25.573
1268	74	255	1000.757	186.459	31.799	11.257	8.370	19.476
1269	57	255	1207.009	185.430	26.971	10.022	7.242	51.931
1270	74	255	700.635	184.054	32.042	11.791	7.991	149.557
1271	37	255	1041.500	184.338	29.799	7.723	6.100	134.510
1272	2	255	1046.000	188.000	5.657	2.596	0.981	45.000
1273	55	255	940.627	182.900	26.971	9.543	7.338	99.752
1274	60	255	1030.633	183.367	28.971	10.234	7.465	113.563
1275	54	255	1193.037	184.352	26.142	8.581	8.013	165.849
1276	6	255	1223.500	185.000	12.828	6.770	1.128	90.000
1277	82	255	177.354	181.817	33.799	13.250	7.880	171.750
1278	69	255	718.819	180.239	30.971	11.697	7.511	77.414
1279	58	255	976.638	180.966	26.971	8.872	8.324	14.257
1280	44	255	1016.841	181.045	24.142	8.900	6.295	118.987
1281	57	255	598.553	179.167	28.142	10.530	6.892	104.852
1282	49	255	825.459	179.520	26.385	10.202	6.116	57.682
1283	58	255	732.914	178.517	27.556	9.463	7.804	108.249
1284	97	255	791.170	176.696	36.870	12.109	10.200	58.826
1285	52	255	689.846	178.385	36.042	9.415	7.032	168.950
1286	85	255	910.429	175.406	32.385	11.433	9.466	95.909
1287	53	255	1086.840	176.745	26.142	8.907	7.576	140.469
1288	63	255	300.357	174.262	29.799	10.353	7.748	148.966
1289	55	255	542.136	173.627	29.799	9.678	7.236	89.791
1290	59	255	805.059	174.585	28.971	9.840	7.634	71.348
1291	59	255	834.924	173.415	29.799	9.173	8.189	131.459
1292	47	255	950.521	173.628	24.971	8.946	6.689	117.090
1293	58	255	1133.897	174.103	26.728	8.884	8.312	45.004
1294	35	255	1182.757	173.643	21.556	7.767	5.737	177.905
1295	62	255	1198.500	173.000	28.142	9.957	7.928	25.277
1296	69	255	1217.833	172.283	30.042	10.541	8.335	141.576
1297	65	255	338.854	170.438	30.385	11.539	7.172	71.825
1298	52	255	965.423	172.462	25.556	9.168	7.222	4.300
1299	66	255	423.212	169.606	29.799	10.685	7.864	122.905
1300	56	255	897.036	170.786	29.799	10.412	6.848	32.044
1301	72	255	440.986	168.833	32.042	11.182	8.198	121.588
1302	44	255	518.591	170.568	24.385	8.980	6.239	155.841
1303	32	255	987.250	168.594	23.314	8.668	4.701	109.391
1304	97	255	859.871	167.211	36.627	12.154	10.161	151.953
1305	66	255	1079.652	167.955	30.385	11.360	7.397	57.662
1306	8	255	1169.000	172.000	9.657	4.514	2.257	0.000
1307	79	255	122.500	165.500	32.971	13.370	7.523	90.000
1308	68	255	999.882	166.632	30.971	11.568	7.484	103.663
1309	91	255	1022.225	166.214	35.213	11.847	9.780	68.501
1310	85	255	1047.524	166.700	34.042	12.692	8.527	135.502
1311	35	255	1116.271	168.786	22.971	8.493	5.247	36.427
1312	68	255	977.632	166.338	28.971	9.758	8.872	150.460
1313	39	255	203.551	167.705	23.899	9.640	5.151	3.986
1314	48	255	590.458	165.417	24.971	8.818	6.931	41.194
1315	66	255	825.652	165.273	29.213	9.727	8.639	73.967
1316	72	255	930.667	162.833	31.799	12.479	7.346	76.389
1317	30	255	2.067	164.500	21.314	7.863	4.858	80.152
1318	69	255	773.891	162.500	30.971	11.921	7.370	72.728
1319	3	255	720.167	166.167	5.657	2.365	1.615	135.000
1320	43	255	135.733	162.221	24.142	8.190	6.685	37.027
1321	74	255	963.324	161.581	31.799	11.674	8.071	161.941
1322	43	255	1194.942	163.058	23.314	8.566	6.392	4.135
1323	52	255	533.250	160.250	27.799	10.089	6.563	149.908
1324	33	255	799.379	161.318	20.971	7.309	5.749	141.858
1325	42	255	1085.262	160.143	28.971	8.082	6.617	86.943
1326	51	255	1100.559	160.657	25.799	9.764	6.650	34.410
1327	80	255	787.337	158.825	33.213	12.749	7.989	141.381
1328	85	255	1128.029	159.135	34.042	11.724	9.231	155.227
1329	69	255	244.949	156.297	31.799	11.936	7.361	113.703
1330	76	255	1165.974	157.039	31.799	10.834	8.932	40.237
1331	44	255	853.705	157.705	23.556	8.361	6.700	154.158
1332	82	255	879.256	156.000	31.799	10.243	10.193	90.000
1333	70	255	896.929	155.229	30.971	11.692	7.623	104.257
1334	34	255	909.676	157.529	22.385	7.937	5.455	45.789
1335	56	255	1065.446	156.732	26.971	9.424	7.566	26.197
1336	32	255	517.156	154.781	26.142	8.269	4.927	95.330
1337	58	255	1111.172	155.690	28.385	10.833	6.817	51.368
1338	2	255	391.000	156.500	4.243	2.257	1.128	0.000
1339	62	255	997.000	152.371	28.142	9.472	8.335	90.000
1340	58	255	1195.776	151.966	28.142	10.536	7.009	93.630
1341	75	255	142.420	149.833	32.627	11.796	8.096	37.718
1342	3	255	391.833	154.167	5.657	2.365	1.615	45.000
1343	54	255	938.519	151.593	38.042	11.615	5.919	162.488
1344	76	255	1029.961	149.895	31.213	11.044	8.762	138.532
1345	67	255	866.201	149.291	28.627	9.779	8.724	158.622
1346	27	255	391.167	149.241	30.627	9.604	3.579	25.093
1347	62	255	1136.516	144.839	31.799	11.509	6.859	78.963
1348	63	255	750.008	144.675	28.385	10.582	7.580	164.972
1349	51	255	960.520	145.382	25.556	8.901	7.296	14.910
1350	33	255	54.742	143.894	21.799	7.157	5.870	125.495
1351	48	255	1205.271	143.521	25.799	9.075	6.734	77.561
1352	96	255	216.698	140.573	36.971	13.970	8.750	76.237
1353	62	255	802.548	142.387	28.385	10.164	7.767	127.240
1354	44	255	1061.432	143.250	24.971	7.975	7.025	164.052
1355	106	255	1121.981	139.943	38.042	11.921	11.322	4.547
1356	81	255	491.068	139.821	32.627	11.080	9.308	120.198
1357	81	255	714.549	139.154	36.042	11.935	8.641	86.542
1358	84	255	283.702	137.750	34.870	12.110	8.832	124.704
1359	84	255	698.869	137.917	35.213	13.190	8.108	73.089
1360	76	255	849.671	139.329	35.213	11.782	8.213	153.588
1361	58	255	925.638	139.190	27.799	9.380	7.873	30.938
1362	52	255	1094.692	139.038	27.213	9.613	6.887	113.842
1363	51	255	1147.382	138.657	32.042	9.481	6.849	28.579
1364	54	255	1191.907	138.741	26.385	8.723	7.882	49.101
1365	39	255	122.936	139.167	24.142	9.278	5.352	18.146
1366	78	255	895.256	136.654	31.799	10.902	9.109	35.435
1367	58	255	830.845	136.621	27.556	9.119	8.099	62.435
1368	56	255	877.054	135.071	37.698	11.166	6.386	123.185
1369	57	255	914.219	135.798	29.799	10.699	6.784	100.889
1370	93	255	990.823	134.478	35.456	11.902	9.948	30.729
1371	26	255	1006.038	137.038	18.142	6.152	5.381	135.000
1372	63	255	790.373	132.595	29.799	9.769	8.211	121.449
1373	79	255	1105.791	132.563	32.728	11.890	8.460	87.790
1374	52	255	747.750	132.115	28.385	10.128	6.537	123.402
1375	68	255	1023.162	132.456	30.385	10.341	8.373	7.950
1376	47	255	167.500	132.734	26.971	9.810	6.100	11.788
1377	62	255	1063.016	131.161	30.042	11.092	7.117	47.819
1378	41	255	862.817	130.573	23.799	9.002	5.799	135.022
1379	78	255	665.526	127.667	32.385	11.099	8.948	76.130
1380	44	255	1049.818	128.000	26.971	8.765	6.392	14.610
1381	48	255	1162.083	127.438	31.213	10.090	6.057	124.131
1382	55	255	1198.500	127.755	27.314	9.662	7.247	74.973
1383	65	255	502.223	126.069	28.971	10.174	8.134	100.959
1384	55	255	704.918	126.045	26.971	9.363	7.479	111.572
1385	64	255	728.906	127.719	30.728	11.204	7.273	176.432
1386	1	255	1045.500	130.500	2.828	1.128	1.128	0.000
1387	68	255	1151.456	124.809	31.556	12.627	6.857	79.143
1388	63	255	488.230	124.802	28.385	10.217	7.851	78.242
1389	57	255	1209.325	124.535	38.627	11.506	6.307	67.236
1390	52	255	802.846	123.365	26.728	9.486	6.980	85.242
1391	56	255	829.964	123.554	26.971	9.206	7.745	105.993
1392	71	255	1123.528	124.261	30.971	11.421	7.915	13.069
1393	39	255	1185.910	123.346	24.142	9.834	5.049	66.681
1394	42	255	768.762	123.095	25.799	9.345	5.722	131.230
1395	49	255	845.276	121.602	31.799	9.055	6.890	113.831
1396	46	255	19.174	122.935	24.728	9.013	6.498	174.738
1397	71	255	612.218	122.232	31.556	11.743	7.698	175.637
1398	47	255	1016.585	120.564	28.142	11.302	5.295	89.311
1399	58	255	816.431	121.672	28.142	10.335	7.145	173.815
1400	45	255	998.078	122.167	30.971	9.265	6.184	0.240
1401	46	255	1090.587	120.500	26.627	10.707	5.470	43.043
1402	25	255	866.100	120.460	18.142	6.473	4.917	11.250
1403	79	255	1050.778	117.652	32.042	10.682	9.417	8.524
1404	46	255	1103.217	118.848	24.971	8.264	7.087	30.123
1405	75	255	511.327	117.593	30.971	10.674	8.946	149.972
1406	63	255	726.262	117.563	29.213	9.968	8.047	16.979
1407	64	255	240.516	115.781	29.213	9.543	8.539	123.910
1408	73	255	900.158	115.747	31.556	11.181	8.313	97.060
1409	61	255	1064.811	115.730	29.213	10.833	7.169	124.858
1410	82	255	109.902	113.841	35.213	13.388	7.799	116.702
1411	53	255	786.934	115.613	27.456	11.366	5.937	139.657
1412	48	255	1035.792	115.292	26.971	9.068	6.740	28.818
1413	90	255	695.522	113.167	34.385	11.399	10.052	18.207
1414	39	255	979.654	114.372	22.728	8.063	6.158	125.865
1415	56	255	1117.661	113.536	39.698	10.156	7.020	155.294
1416	4	255	763.500	116.250	7.071	2.734	1.863	0.000
1417	40	255	1218.475	114.000	24.971	8.186	6.221	4.286
1418	55	255	774.991	111.009	35.698	9.305	7.526	27.132
1419	53	255	824.330	112.443	26.385	9.449	7.142	5.579
1420	43	255	1164.012	112.477	27.213	9.183	5.962	156.785
1421	72	255	367.250	110.361	30.627	10.092	9.084	18.392
1422	60	255	998.333	110.150	28.627	10.957	6.972	132.370
1423	84	255	539.893	109.107	33.213	10.676	10.018	32.766
1424	58	255	1076.224	109.914	27.213	9.561	7.724	179.815
1425	77	255	405.981	107.097	32.971	12.609	7.775	102.995
1426	70	255	876.429	106.243	30.627	10.152	8.779	114.225
1427	65	255	1202.469	108.208	43.456	11.657	7.099	176.154
1428	41	255	353.768	108.061	22.728	8.165	6.394	5.850
1429	50	255	886.760	106.680	26.385	10.098	6.305	129.848
1430	50	255	1086.820	106.240	27.213	10.360	6.145	54.936
1431	63	255	713.738	105.310	27.799	9.209	8.711	58.591
1432	38	255	949.105	106.500	21.899	7.554	6.405	108.909
1433	64	255	1057.359	106.156	28.971	9.674	8.423	173.023
1434	80	255	376.087	104.188	31.799	10.317	9.873	148.219
1435	101	255	494.015	103.540	38.042	13.470	9.547	12.671
1436	79	255	521.335	105.057	32.971	12.383	8.123	171.294
1437	48	255	846.708	104.583	32.385	8.856	6.901	170.208
1438	50	255	740.100	102.420	25.799	9.071	7.018	115.856
1439	99	255	431.439	100.783	36.627	13.071	9.644	161.685
1440	76	255	798.276	100.868	31.213	10.901	8.877	50.769
1441	31	255	1100.919	101.726	21.556	8.092	4.878	100.877
1442	28	255	1111.250	103.250	18.728	6.537	5.454	134.999
1443	76	255	1128.842	100.658	32.385	11.421	8.473	150.176
1444	103	255	1214.859	98.218	38.385	13.970	9.387	85.390
1445	49	255	1045.173	99.929	24.971	8.065	7.736	66.888
1446	49	255	637.418	98.847	25.799	9.832	6.346	38.393
1447	36	255	1025.722	98.944	22.142	8.349	5.490	78.802
1448	94	255	1173.862	98.213	35.213	11.898	10.059	160.884
1449	32	255	584.406	98.781	20.142	7.876	5.173	144.772
1450	96	255	701.802	95.365	50.527	12.627	9.680	152.188
1451	55	255	781.736	97.791	27.799	9.515	7.359	156.717
1452	98	255	915.745	96.061	36.042	12.678	9.842	52.456
1453	48	255	998.250	96.646	31.213	8.161	7.489	153.206
1454	57	255	1065.149	95.746	26.971	9.379	7.738	112.619
1455	54	255	1077.981	95.907	26.142	8.866	7.755	133.390
1456	72	255	1200.736	94.736	30.385	10.359	8.850	64.131
1457	61	255	725.107	94.320	28.971	10.464	7.422	132.520
1458	71	255	1115.937	93.725	31.456	10.530	8.585	58.119
1459	37	255	712.797	92.311	26.385	8.650	5.446	94.938
1460	34	255	477.794	93.941	21.314	7.695	5.626	30.832
1461	63	255	1053.341	92.135	29.799	10.324	7.769	66.791
1462	62	255	1093.774	92.145	28.971	10.009	7.887	89.223
1463	42	255	884.000	91.476	25.799	10.017	5.339	42.332
1464	55	255	824.209	91.682	28.142	10.692	6.550	19.977
1465	10	255	1222.900	91.200	12.485	4.910	2.593	79.695
1466	52	255	157.942	88.327	26.971	10.486	6.314	21.858
1467	85	255	980.006	86.759	33.213	11.764	9.199	128.897
1468	38	255	1031.053	87.816	24.728	9.852	4.911	73.044
1469	71	255	688.923	83.148	31.799	11.880	7.609	102.770
1470	73	255	804.555	82.418	31.799	11.688	7.952	9.262
1471	46	255	428.130	82.391	23.556	8.219	7.126	162.738
1472	32	255	767.656	81.656	21.314	8.197	4.970	97.038
1473	58	255	1011.741	81.672	27.213	9.808	7.529	131.525
1474	72	255	732.806	79.889	32.042	11.629	7.883	52.938
1475	32	255	837.594	81.281	20.728	7.251	5.619	157.760
1476	77	255	1087.578	79.175	35.213	13.674	7.170	164.412
1477	50	255	551.740	79.780	26.142	9.570	6.652	13.580
1478	75	255	707.407	77.420	32.385	11.865	8.048	119.756
1479	64	255	909.188	78.625	30.627	12.540	6.498	145.853
1480	84	255	861.821	76.369	34.870	13.234	8.082	136.013
1481	71	255	152.303	75.711	31.799	10.130	8.924	108.904
1482	59	255	938.212	76.212	27.799	9.737	7.715	140.160
1483	1	255	747.500	79.500	2.828	1.128	1.128	0.000
1484	51	255	485.951	74.422	25.899	9.840	6.599	86.768
1485	43	255	749.174	75.360	25.556	8.848	6.188	153.305
1486	36	255	984.528	73.806	21.314	8.408	5.451	96.270
1487	50	255	1134.040	71.940	30.385	10.576	6.019	130.453
1488	8	255	1223.125	74.500	11.657	4.769	2.136	90.000
1489	103	255	1210.597	70.325	37.456	13.191	9.942	24.292
1490	53	255	459.085	70.708	26.385	9.145	7.379	119.289
1491	48	255	830.188	69.479	34.870	10.886	5.614	71.725
1492	64	255	1112.844	70.016	38.284	11.313	7.203	156.778
1493	39	255	1161.372	71.628	21.556	7.379	6.729	134.998
1494	12	255	420.167	72.417	13.314	5.215	2.930	171.748
1495	51	255	1033.696	70.069	26.385	8.980	7.231	18.801
1496	60	255	700.150	67.150	30.627	10.953	6.975	60.552
1497	50	255	40.540	68.440	24.971	8.998	7.076	3.592
1498	26	255	425.769	69.500	18.728	6.867	4.821	12.936
1499	6	255	584.667	70.333	8.485	3.140	2.433	135.000
1500	75	255	904.327	66.727	33.799	10.654	8.963	75.049
1501	51	255	1016.441	66.245	32.627	10.948	5.931	43.077
1502	66	255	476.667	66.894	29.556	10.234	8.211	173.990
1503	41	255	1091.012	67.573	22.971	8.953	5.831	145.069
1504	41	255	493.695	65.378	22.728	7.538	6.925	29.436
1505	47	255	803.755	64.287	25.213	8.809	6.793	128.650
1506	88	255	890.216	63.227	35.213	12.555	8.925	113.062
1507	59	255	912.246	63.686	29.556	9.800	7.665	70.332
1508	71	255	1000.500	64.021	30.385	11.236	8.046	174.797
1509	60	255	645.550	62.883	28.142	9.533	8.013	174.848
1510	70	255	939.271	61.800	29.799	10.056	8.863	118.608
1511	8	255	1067.625	65.625	9.071	3.538	2.879	135.000
1512	51	255	1185.265	62.990	25.799	9.436	6.881	140.158
1513	47	255	184.606	61.585	24.728	8.606	6.953	61.772
1514	55	255	619.500	62.082	29.799	9.419	7.435	177.205
1515	79	255	1173.057	61.222	31.799	10.257	9.807	100.041
1516	69	255	419.877	59.703	34.042	10.028	8.761	78.839
1517	51	255	672.147	60.010	26.971	10.301	6.304	106.726
1518	9	255	408.833	62.722	10.485	3.685	3.109	7.628
1519	28	255	977.071	61.714	21.314	6.842	5.210	8.567
1520	58	255	1156.379	60.276	29.213	10.608	6.961	17.261
1521	53	255	1216.047	59.934	25.556	8.381	8.052	125.538
1522	47	255	554.606	57.649	26.142	10.422	5.742	97.758
1523	66	255	1201.530	56.667	28.971	9.788	8.585	129.621
1524	63	255	695.246	55.738	30.385	11.454	7.003	158.485
1525	84	255	1111.833	54.548	33.799	12.400	8.625	122.154
1526	65	255	1142.777	55.285	30.385	11.504	7.194	157.244
1527	73	255	709.623	52.349	31.799	10.847	8.569	74.109
1528	57	255	790.500	53.412	28.627	10.868	6.678	40.605
1529	55	255	212.082	53.482	26.385	9.843	7.114	176.299
1530	57	255	440.254	51.553	27.799	8.907	8.148	108.347
1531	41	255	994.622	52.866	24.971	7.406	7.049	13.108
1532	66	255	1016.515	51.545	30.385	11.016	7.628	9.813
1533	80	255	1030.750	51.500	33.213	11.085	9.189	174.086
1534	51	255	627.853	51.441	26.971	10.937	5.937	20.255
1535	52	255	1090.019	49.865	32.627	11.103	5.963	33.171
1536	13	255	1222.808	52.192	14.485	5.687	2.910	92.000
1537	52	255	673.058	48.615	25.799	8.909	7.432	58.547
1538	64	255	848.500	48.094	29.799	10.401	7.835	63.845
1539	65	255	919.408	47.485	29.556	11.236	7.365	85.946
1540	49	255	943.480	48.663	32.042	9.638	6.473	60.085
1541	44	255	1126.386	49.159	33.456	9.671	5.793	162.863
1542	54	255	468.093	47.630	27.556	10.601	6.486	122.564
1543	43	255	1162.105	49.081	25.556	9.701	5.644	16.564
1544	50	255	1209.140	46.180	35.213	10.922	5.829	80.162
1545	73	255	540.664	44.637	34.385	12.273	7.573	82.155
1546	62	255	682.903	46.790	28.385	10.562	7.474	22.624
1547	63	255	1051.865	44.389	32.870	11.385	7.046	114.401
1548	44	255	503.000	45.182	26.385	10.280	5.450	8.200
1549	98	255	601.510	42.061	35.213	11.331	11.012	7.121
1550	58	255	881.621	43.966	29.213	11.610	6.361	150.858
1551	55	255	1198.336	43.118	39.698	10.385	6.743	148.385
1552	65	255	1176.131	42.069	29.556	10.703	7.733	74.123
1553	95	255	1218.353	40.837	35.213	11.750	10.295	88.308
1554	46	255	579.413	41.739	26.971	9.341	6.270	46.318
1555	45	255	1122.300	42.278	24.971	9.323	6.146	148.179
1556	75	255	1149.887	41.340	31.213	11.174	8.546	138.230
1557	40	255	834.800	39.325	25.213	9.593	5.309	122.248
1558	47	255	987.394	39.777	26.385	9.621	6.220	61.142
1559	65	255	728.946	39.054	28.971	10.178	8.132	163.033
1560	79	255	862.551	38.044	32.142	10.765	9.344	62.405
1561	102	255	1038.892	37.520	36.042	12.983	10.003	143.754
1562	59	255	1093.619	39.364	28.385	10.743	6.993	6.917
1563	55	255	423.645	37.682	27.799	9.250	7.571	29.125
1564	99	255	1166.470	35.146	37.456	14.263	8.838	127.295
1565	79	255	1189.133	37.500	32.627	12.477	8.062	153.933
1566	35	255	443.700	37.557	22.385	7.260	6.138	48.471
1567	65	255	636.469	35.315	30.142	11.686	7.082	101.700
1568	74	255	667.689	36.257	31.799	10.750	8.765	24.169
1569	43	255	712.849	36.430	24.142	8.077	6.779	115.881
1570	37	255	996.500	35.797	24.971	8.686	5.424	37.307
1571	63	255	1141.230	32.595	29.556	11.505	6.972	95.033
1572	55	255	693.391	33.464	32.385	9.829	7.125	172.394
1573	106	255	1207.340	31.434	38.870	12.084	11.169	165.405
1574	82	255	510.646	30.488	32.971	11.999	8.701	112.670
1575	50	255	1067.220	32.580	30.971	11.020	5.777	16.534
1576	50	255	1131.660	31.180	26.971	10.075	6.319	72.715
1577	36	255	336.139	31.528	22.385	7.827	5.856	156.254
1578	45	255	815.522	32.033	24.971	9.416	6.085	174.810
1579	57	255	542.079	29.254	30.627	11.217	6.470	41.612
1580	80	255	869.200	27.875	34.042	13.415	7.593	57.956
1581	59	255	1013.042	30.398	28.385	10.003	7.510	167.517
1582	57	255	1050.307	29.465	27.799	10.436	6.954	41.239
1583	43	255	649.151	28.872	23.556	8.804	6.218	122.228
1584	52	255	1155.154	28.135	25.799	9.202	7.195	144.548
1585	46	255	216.543	26.478	24.971	8.736	6.705	100.065
1586	46	255	680.674	25.109	28.385	10.844	5.401	67.071
1587	61	255	1183.680	25.631	28.385	10.075	7.709	36.830
1588	44	255	754.864	25.818	24.728	9.351	5.991	8.280
1589	83	255	232.500	24.114	33.556	12.386	8.532	175.008
1590	69	255	375.022	23.572	32.385	12.168	7.220	19.716
1591	64	255	925.578	23.062	29.799	11.781	6.917	126.765
1592	57	255	1029.711	23.325	28.042	11.133	6.519	143.910
1593	59	255	1074.941	22.822	31.213	10.843	6.928	82.311
1594	39	255	1220.987	24.218	23.314	8.411	5.904	53.213
1595	63	255	550.738	22.230	28.627	10.085	7.953	128.432
1596	31	255	1088.726	23.855	20.142	6.972	5.662	72.743
1597	80	255	1202.088	20.362	42.527	10.884	9.359	130.612
1598	55	255	729.136	22.645	29.556	11.306	6.194	173.392
1599	37	255	668.419	20.878	26.042	7.581	6.214	143.204
1600	97	255	1166.325	19.552	36.042	12.032	10.265	139.681
1601	43	255	183.663	20.314	22.971	7.724	7.088	17.188
1602	80	255	838.538	19.125	32.627	12.061	8.446	145.579
1603	62	255	136.710	19.355	29.556	10.748	7.345	162.195
1604	64	255	1144.875	18.516	29.799	9.944	8.195	44.110
1605	35	255	26.071	18.214	20.971	7.866	5.666	120.461
1606	72	255	403.000	16.500	30.385	10.906	8.406	147.933
1607	72	255	823.486	16.639	30.385	10.013	9.155	17.065
1608	55	255	1193.009	16.464	34.870	8.987	7.792	110.884
1609	68	255	1056.471	14.691	34.627	9.828	8.809	74.512
1610	54	255	227.926	14.222	26.385	8.579	8.014	74.366
1611	50	255	619.720	14.740	25.556	9.679	6.577	113.850
1612	10	255	1223.000	16.500	11.657	5.642	2.257	90.000
1613	42	255	80.762	14.119	24.385	8.087	6.613	63.826
1614	67	255	914.216	13.082	30.042	10.044	8.493	125.327
1615	81	255	1020.685	12.796	33.456	10.884	9.475	171.190
1616	59	255	578.856	12.263	27.556	9.730	7.721	120.129
1617	96	255	744.208	11.896	35.213	12.111	10.092	175.787
1618	75	255	1036.447	13.100	32.142	11.399	8.377	14.082
1619	57	255	1156.114	12.939	27.213	9.845	7.372	154.461
1620	60	255	881.983	10.867	35.456	9.742	7.842	29.910
1621	40	255	1183.700	13.150	22.728	8.143	6.254	16.189
1622	49	255	1214.031	12.418	25.556	9.410	6.630	146.020
1623	43	255	492.081	8.221	24.142	9.266	5.909	108.420
1624	65	255	561.362	9.577	28.971	11.440	7.234	172.953
1625	76	255	676.039	7.671	31.213	10.119	9.563	171.131
1626	64	255	655.500	7.359	29.556	10.314	7.901	36.549
1627	70	255	854.700	7.200	30.385	10.235	8.708	107.450
1628	42	255	866.881	8.000	31.456	8.343	6.410	161.058
1629	59	255	1204.771	6.856	36.042	9.683	7.758	153.783
1630	18	255	1222.722	7.000	18.485	7.241	3.165	90.000
1631	40	255	829.500	5.875	24.142	9.411	5.412	100.667
1632	55	255	998.627	5.300	26.971	9.259	7.563	94.378
1633	59	255	1046.941	3.771	29.456	11.897	6.314	132.254
1634	80	255	1151.150	3.212	36.284	11.969	8.510	164.912
1635	64	255	720.625	2.609	28.971	10.681	7.629	158.648
1636	69	255	760.558	3.065	30.385	11.317	7.763	1.877
1637	43	255	1182.895	3.453	23.556	8.288	6.606	153.953
1638	57	255	614.675	2.167	28.142	9.916	7.319	166.634
1639	63	255	933.468	2.151	30.142	10.746	7.465	5.415
1640	47	255	979.798	2.287	25.314	8.185	7.311	143.313
1641	53	255	1065.406	2.142	26.142	9.429	7.157	166.237
1642	36	255	1169.806	2.194	20.728	7.172	6.391	103.570
1643	25	255	1196.580	1.540	17.899	5.976	5.326	69.658
1644	7	255	589.929	0.214	9.899	3.855	2.312	149.036
1645	24	255	1213.667	0.333	24.728	10.541	2.899	177.384
1646	12	255	528.000	0.000	13.657	6.770	2.257	0.000
1647	4	255	1028.000	-0.500	8.243	4.514	1.128	0.000
