 	Area	Mean	XM	YM	Perim.	Major	Minor	Angle
1	83	255	311.910	897.524	34.971	12.599	8.388	87.806
2	18	255	396.667	901.889	19.899	8.479	2.703	177.175
3	10	255	423.000	902.100	13.071	5.848	2.177	0.000
4	39	255	448.474	900.654	23.314	9.239	5.375	174.402
5	22	255	459.000	901.591	18.485	8.484	3.302	0.000
6	106	255	564.623	895.906	41.456	16.249	8.306	127.353
7	92	255	574.837	898.239	36.971	11.022	10.627	78.425
8	26	255	586.000	901.269	19.314	7.887	4.198	1.699E-14
9	9	255	625.722	902.056	11.657	5.229	2.191	175.269
10	35	255	639.271	900.700	21.899	8.242	5.407	173.245
11	36	255	660.722	900.611	22.728	8.088	5.667	8.082
12	59	255	685.873	899.178	34.971	9.849	7.627	127.801
13	69	255	780.761	898.123	29.799	10.299	8.530	167.790
14	3	255	905.500	902.500	6.243	3.385	1.128	0.000
15	21	255	914.357	901.262	16.728	6.577	4.065	174.288
16	2	255	919.500	902.000	4.828	2.257	1.128	90.000
17	43	255	931.640	900.337	24.142	9.219	5.939	174.145
18	33	255	947.773	900.712	21.314	8.253	5.091	13.188
19	62	255	1004.839	898.613	28.142	9.357	8.436	92.992
20	12	255	1062.500	902.083	15.071	6.944	2.200	0.000
21	68	255	1095.676	900.603	43.213	15.041	5.756	4.132
22	138	255	1112.297	895.036	51.456	20.505	8.569	64.618
23	150	255	1151.900	894.540	60.184	24.197	7.893	55.273
24	36	255	1176.472	900.417	22.485	7.804	5.873	2.678
25	46	255	699.304	897.630	25.799	8.611	6.802	52.472
26	14	255	0.857	895.500	19.657	8.476	2.103	90.000
27	72	255	73.708	895.500	30.385	10.371	8.840	18.280
28	91	255	416.929	893.665	36.971	13.488	8.590	88.167
29	62	255	719.500	896.000	27.556	9.957	7.928	154.723
30	87	255	1083.201	894.155	36.870	14.813	7.478	36.483
31	77	255	288.357	892.890	32.971	12.602	7.780	83.972
32	52	255	650.846	893.904	26.142	8.809	7.516	122.994
33	48	255	908.625	893.917	26.627	8.734	6.997	25.160
34	48	255	896.875	893.021	25.799	9.293	6.576	129.223
35	79	255	323.335	890.032	33.456	12.136	8.288	64.474
36	60	255	1015.167	891.500	27.556	9.407	8.121	116.121
37	85	255	674.747	890.218	33.556	10.604	10.207	122.096
38	1	255	1093.500	894.500	2.828	1.128	1.128	0.000
39	174	255	1126.328	881.793	65.841	24.924	8.889	51.282
40	57	255	426.500	889.149	27.213	8.628	8.411	81.438
41	73	255	917.144	888.349	33.213	11.527	8.063	92.333
42	19	255	688.079	887.921	26.142	7.599	3.183	69.504
43	76	255	381.855	884.868	32.627	12.267	7.888	116.948
44	60	255	1038.700	886.517	27.799	9.539	8.009	58.178
45	40	255	504.775	886.425	22.142	7.264	7.011	27.897
46	63	255	1026.897	885.119	28.971	10.679	7.511	71.593
47	50	255	470.660	884.960	24.971	8.754	7.272	128.218
48	71	255	559.162	883.303	31.213	11.422	7.915	83.510
49	61	255	50.254	883.615	27.799	9.726	7.986	166.504
50	27	255	775.019	884.981	26.971	6.348	5.416	96.995
51	80	255	1050.037	883.038	31.799	10.936	9.314	45.000
52	51	255	419.676	882.637	26.385	9.478	6.851	110.157
53	48	255	517.229	883.083	24.971	8.220	7.435	3.890
54	1	255	727.500	886.500	2.828	1.128	1.128	0.000
55	42	255	896.238	882.548	23.799	9.336	5.728	55.714
56	36	255	372.333	881.833	23.799	7.280	6.296	47.678
57	45	255	661.278	881.900	24.385	7.890	7.262	138.035
58	54	255	880.204	881.889	25.799	8.834	7.783	167.424
59	53	255	140.726	880.123	26.385	8.997	7.501	111.475
60	56	255	299.857	880.964	26.971	8.741	8.157	109.910
61	66	255	59.864	878.636	30.042	9.634	8.723	103.754
62	44	255	632.068	880.682	24.971	8.608	6.508	12.084
63	90	255	817.000	878.878	33.799	10.949	10.466	90.000
64	73	255	266.212	876.925	35.456	10.720	8.671	109.034
65	87	255	731.925	877.362	33.213	10.934	10.131	66.382
66	79	255	1145.234	876.867	34.385	11.338	8.871	81.846
67	65	255	286.177	877.669	28.971	9.336	8.865	67.394
68	57	255	539.430	877.974	26.385	9.150	7.931	163.830
69	97	255	934.562	874.747	36.971	13.795	8.953	98.448
70	72	255	1015.611	875.819	30.385	10.323	8.881	76.189
71	69	255	795.500	875.500	30.142	9.928	8.849	57.704
72	64	255	914.391	874.906	36.870	10.480	7.775	132.726
73	61	255	1061.320	876.156	29.556	10.004	7.763	164.948
74	58	255	51.759	874.500	28.142	9.659	7.645	99.016
75	70	255	194.771	874.357	29.799	10.121	8.806	28.804
76	116	255	1101.000	872.655	54.527	17.350	8.513	161.611
77	55	255	42.009	872.427	26.385	8.461	8.276	11.044
78	89	255	895.197	871.354	36.627	13.426	8.440	26.798
79	3	255	1089.500	875.500	6.828	3.385	1.128	90.000
80	49	255	295.214	871.316	26.142	9.675	6.449	106.492
81	78	255	592.000	871.500	30.971	10.465	9.490	0.000
82	143	255	625.836	868.934	50.284	15.282	11.914	84.785
83	67	255	1161.440	870.649	31.213	11.612	7.346	54.663
84	61	255	313.107	870.615	28.385	10.495	7.401	18.833
85	105	255	611.481	869.719	43.456	15.023	8.899	10.294
86	75	255	431.873	869.460	30.971	10.390	9.191	16.944
87	4	255	1073.000	873.000	5.657	2.257	2.257	0.000
88	59	255	11.025	868.737	28.042	8.964	8.380	154.023
89	80	255	1004.275	867.737	31.799	10.495	9.706	47.320
90	43	255	538.314	868.360	23.556	7.552	7.250	105.167
91	65	255	774.962	867.654	29.799	10.263	8.064	140.429
92	65	255	578.269	866.469	29.213	11.075	7.473	142.508
93	51	255	371.931	866.186	25.556	8.370	7.758	164.765
94	60	255	396.833	865.083	27.799	10.018	7.626	16.182
95	61	255	1029.156	863.336	29.799	11.267	6.894	65.115
96	81	255	1203.475	864.660	32.385	11.370	9.070	174.817
97	58	255	219.414	863.293	27.556	9.892	7.465	96.719
98	87	255	4.799	861.201	33.799	11.173	9.915	114.503
99	52	255	329.885	862.731	26.385	8.878	7.458	80.620
100	57	255	359.675	862.518	27.799	9.327	7.781	36.146
101	84	255	17.298	861.000	34.042	11.359	9.416	22.911
102	77	255	542.929	860.422	31.556	10.473	9.362	18.680
103	67	255	906.067	860.022	30.142	11.016	7.744	71.208
104	58	255	1060.190	860.414	27.213	8.957	8.245	38.816
105	71	255	240.908	857.852	30.385	10.398	8.694	103.440
106	24	255	318.042	859.833	18.142	6.817	4.483	31.743
107	55	255	655.445	858.482	26.971	9.312	7.520	111.350
108	81	255	1035.340	856.735	36.042	12.911	7.988	61.709
109	22	255	1080.727	859.909	20.728	5.597	5.005	113.672
110	81	255	196.327	856.315	32.627	11.317	9.113	59.307
111	78	255	44.615	855.103	32.971	12.645	7.854	80.843
112	79	255	80.095	855.424	34.042	12.354	8.142	144.626
113	58	255	819.293	856.224	27.799	9.087	8.126	123.485
114	88	255	1104.136	855.693	33.213	11.024	10.163	71.712
115	59	255	1145.076	856.771	34.042	8.973	8.372	76.757
116	77	255	706.448	855.058	31.799	10.403	9.424	41.140
117	68	255	458.794	853.618	29.213	10.076	8.593	123.953
118	108	255	1072.407	851.963	50.527	16.463	8.352	57.319
119	80	255	1120.525	854.550	31.799	11.394	8.940	161.375
120	63	255	324.040	853.849	28.971	9.110	8.806	69.731
121	74	255	674.189	853.108	30.627	9.825	9.590	79.025
122	73	255	849.500	853.500	30.142	10.194	9.118	45.003
123	68	255	55.706	852.206	31.213	10.668	8.116	103.193
124	74	255	343.568	852.054	35.213	10.542	8.938	161.106
125	72	255	759.639	851.861	31.799	10.718	8.553	96.474
126	83	255	602.078	851.030	33.213	10.738	9.842	19.481
127	51	255	1024.461	852.382	27.799	9.699	6.695	14.745
128	91	255	105.588	849.016	34.870	11.432	10.135	124.211
129	63	255	406.246	850.246	29.213	10.720	7.483	127.927
130	80	255	430.413	850.212	31.799	11.293	9.020	173.573
131	84	255	446.321	848.917	44.870	13.689	7.813	78.327
132	41	255	993.500	851.744	23.556	8.171	6.389	146.979
133	60	255	513.200	850.150	28.385	9.374	8.149	163.552
134	17	255	944.912	852.206	14.728	6.002	3.606	164.213
135	34	255	1130.000	850.382	20.728	7.135	6.067	72.139
136	45	255	115.367	848.944	23.556	8.120	7.056	65.125
137	67	255	151.843	846.037	35.213	13.305	6.412	86.550
138	52	255	220.692	849.442	25.556	9.182	7.210	167.622
139	65	255	306.731	848.500	28.385	9.604	8.618	43.631
140	53	255	735.632	847.651	27.556	9.873	6.835	101.180
141	50	255	749.360	847.560	25.799	8.214	7.750	67.466
142	49	255	1159.990	848.112	45.941	9.516	6.556	5.552
143	73	255	143.295	845.993	30.385	10.139	9.167	93.698
144	72	255	799.069	846.319	32.627	10.081	9.094	139.240
145	97	255	328.479	844.098	36.042	11.361	10.871	17.547
146	20	255	1063.550	846.000	25.213	7.431	3.427	65.082
147	81	255	20.698	843.154	32.627	11.915	8.656	142.444
148	51	255	929.637	843.716	26.385	9.689	6.702	30.929
149	91	255	1040.929	841.863	34.627	11.599	9.989	84.856
150	41	255	815.159	843.768	26.385	8.050	6.485	143.793
151	82	255	187.793	840.890	32.385	11.164	9.352	50.171
152	58	255	347.397	842.086	26.971	9.095	8.120	13.024
153	59	255	1024.669	841.297	33.456	10.295	7.297	36.107
154	2	255	1161.000	845.500	4.243	2.257	1.128	0.000
155	99	255	52.217	839.530	36.627	11.514	10.948	177.007
156	75	255	1055.753	839.033	33.213	11.482	8.317	81.724
157	99	255	763.369	838.045	45.941	13.108	9.617	131.810
158	72	255	979.014	838.361	30.385	10.101	9.075	156.521
159	61	255	661.730	837.041	28.042	9.685	8.019	136.402
160	1	255	811.500	841.500	2.828	1.128	1.128	0.000
161	72	255	905.750	836.542	34.627	10.493	8.737	97.917
162	78	255	382.846	835.923	31.213	10.395	9.554	39.215
163	81	255	36.463	832.253	34.042	10.671	9.665	140.423
164	78	255	435.128	831.487	32.042	11.310	8.781	129.187
165	96	255	251.250	830.812	35.799	12.801	9.548	18.821
166	72	255	366.208	830.111	31.213	11.281	8.126	97.045
167	80	255	454.250	830.538	32.042	10.789	9.441	41.658
168	54	255	1039.093	831.944	26.142	8.996	7.643	141.520
169	70	255	1048.057	831.657	30.142	9.599	9.285	76.964
170	92	255	1026.696	829.957	35.799	12.906	9.076	30.626
171	49	255	1122.745	829.786	26.971	11.041	5.651	62.194
172	47	255	1192.479	831.074	24.142	8.572	6.981	58.956
173	86	255	229.523	828.500	34.870	11.142	9.828	176.955
174	59	255	284.212	828.585	29.213	10.000	7.512	95.080
175	87	255	960.741	828.511	33.799	12.053	9.191	123.109
176	89	255	71.725	827.567	34.042	10.782	10.510	95.894
177	52	255	525.865	828.827	25.799	8.703	7.607	91.168
178	50	255	1110.060	827.920	25.556	8.592	7.409	56.451
179	51	255	815.186	826.990	26.142	9.040	7.183	56.956
180	107	255	202.687	824.977	38.042	13.807	9.867	17.043
181	52	255	909.385	825.885	32.627	10.685	6.196	5.768
182	63	255	146.151	822.532	29.799	11.221	7.149	155.271
183	59	255	416.229	822.534	26.971	9.500	7.907	116.546
184	108	255	712.296	820.935	37.213	12.656	10.866	119.337
185	57	255	771.833	823.026	26.971	9.404	7.718	156.816
186	66	255	63.091	821.530	29.799	9.875	8.510	150.435
187	55	255	116.173	821.591	26.971	8.806	7.952	82.338
188	114	255	1015.351	819.649	38.627	12.803	11.337	95.316
189	67	255	382.351	816.828	29.799	9.687	8.807	142.366
190	64	255	915.734	816.703	34.042	11.863	6.869	120.895
191	64	255	237.422	817.109	29.213	10.694	7.620	164.149
192	56	255	539.339	815.875	27.799	9.442	7.552	80.729
193	78	255	753.333	815.667	31.799	10.770	9.221	95.594
194	59	255	164.280	814.161	27.213	8.846	8.492	91.009
195	63	255	671.246	814.135	28.385	9.867	8.129	134.392
196	55	255	517.736	814.027	26.971	8.641	8.104	25.114
197	23	255	928.500	815.500	16.485	5.934	4.935	45.001
198	88	255	984.716	813.148	33.799	10.933	10.248	28.186
199	141	255	1197.202	809.656	48.770	18.646	9.628	129.372
200	61	255	68.533	812.434	28.385	9.473	8.199	100.603
201	61	255	963.910	812.566	28.971	9.794	7.930	50.577
202	43	255	36.570	811.640	27.799	8.984	6.094	92.451
203	62	255	894.097	811.468	28.728	9.618	8.208	88.155
204	1	255	906.500	815.500	2.828	1.128	1.128	0.000
205	70	255	14.629	810.314	30.385	10.314	8.641	55.939
206	81	255	107.685	809.957	32.627	12.062	8.550	142.033
207	84	255	229.821	809.750	33.213	11.299	9.466	61.346
208	56	255	1180.500	811.000	26.971	10.198	6.992	32.900
209	43	255	377.291	809.733	22.971	8.688	6.302	124.687
210	108	255	388.963	806.981	38.870	13.560	10.141	83.634
211	44	255	743.500	809.864	24.142	8.571	6.536	118.105
212	104	255	51.529	807.942	36.042	12.883	10.278	179.373
213	63	255	243.262	808.754	29.556	9.344	8.584	98.663
214	97	255	276.160	806.438	36.042	11.698	10.558	75.402
215	75	255	359.367	807.567	32.385	11.206	8.522	115.117
216	15	255	910.367	810.833	18.142	5.676	3.365	162.832
217	97	255	951.294	808.490	37.799	14.228	8.680	169.257
218	60	255	127.300	807.233	28.385	10.010	7.632	24.243
219	49	255	1008.969	806.643	31.213	8.441	7.391	146.070
220	70	255	144.243	805.257	30.627	10.701	8.329	134.501
221	61	255	251.320	804.172	29.556	10.397	7.470	105.164
222	77	255	877.565	803.994	31.799	10.161	9.648	70.576
223	63	255	942.246	803.929	29.799	9.991	8.028	141.435
224	78	255	1219.244	804.615	31.799	10.898	9.113	162.247
225	89	255	27.972	801.163	35.213	12.266	9.238	118.806
226	41	255	40.695	803.085	22.385	7.946	6.569	179.255
227	84	255	296.500	802.012	33.799	11.016	9.708	122.074
228	87	255	565.247	802.661	33.799	12.154	9.114	173.274
229	67	255	971.500	802.440	28.971	9.389	9.086	90.000
230	43	255	475.430	802.035	24.385	8.492	6.447	151.726
231	47	255	613.777	801.691	26.971	9.175	6.522	87.537
232	78	255	851.551	799.372	32.627	10.642	9.332	39.416
233	84	255	958.857	799.024	32.971	10.788	9.914	146.056
234	42	255	1211.048	799.786	23.556	8.987	5.950	105.612
235	6	255	377.500	802.000	7.657	3.385	2.257	0.000
236	72	255	595.653	797.625	31.213	11.988	7.647	60.723
237	46	255	739.696	799.848	24.971	9.210	6.359	176.889
238	102	255	770.157	795.255	37.213	13.684	9.491	69.736
239	58	255	400.879	795.966	27.799	10.163	7.267	73.112
240	64	255	707.250	796.344	32.385	10.795	7.548	117.205
241	78	255	1189.705	794.808	31.213	10.109	9.824	0.157
242	51	255	257.716	794.461	27.213	8.961	7.247	127.079
243	75	255	1092.513	792.913	30.385	10.232	9.333	107.043
244	71	255	389.120	792.021	30.627	9.855	9.173	173.169
245	80	255	979.325	791.975	33.213	12.440	8.188	39.058
246	56	255	992.250	792.268	28.385	10.525	6.775	111.905
247	58	255	519.931	791.276	26.971	9.614	7.682	129.413
248	63	255	738.579	791.135	28.971	9.228	8.693	17.041
249	50	255	752.200	791.780	24.971	8.189	7.774	52.649
250	68	255	907.706	790.721	30.728	11.933	7.255	96.347
251	144	255	1036.639	789.424	50.527	20.030	9.154	23.862
252	92	255	1161.380	791.413	35.213	13.510	8.671	165.743
253	79	255	813.551	790.044	30.971	10.519	9.562	81.620
254	31	255	1200.306	790.887	20.971	7.288	5.416	52.510
255	76	255	505.921	787.092	33.213	12.236	7.908	79.998
256	67	255	576.351	787.709	29.213	9.557	8.926	58.529
257	81	255	1076.414	787.883	32.627	10.870	9.488	30.731
258	70	255	312.429	787.314	29.799	9.555	9.328	80.551
259	64	255	1131.391	787.719	31.213	9.385	8.682	49.657
260	21	255	1222.214	788.214	17.314	6.815	3.924	75.785
261	64	255	244.047	787.031	28.971	10.225	7.969	10.333
262	86	255	293.023	785.279	35.213	11.339	9.657	82.904
263	72	255	407.069	786.194	32.627	9.967	9.198	165.690
264	67	255	629.664	786.500	30.385	9.874	8.640	75.245
265	59	255	1206.992	785.602	26.971	9.492	7.914	112.745
266	86	255	96.779	783.279	34.042	10.788	10.150	121.438
267	102	255	1116.196	782.882	36.042	12.332	10.532	63.109
268	56	255	142.875	783.643	27.556	9.460	7.537	103.750
269	73	255	260.952	783.267	30.385	10.551	8.809	159.895
270	74	255	727.432	783.108	30.385	10.414	9.047	69.931
271	60	255	613.900	783.200	31.213	9.860	7.748	171.339
272	65	255	128.331	781.685	29.213	10.268	8.060	141.830
273	76	255	492.013	779.803	33.456	11.888	8.140	63.984
274	54	255	1182.611	781.926	29.456	9.457	7.270	171.105
275	55	255	161.282	780.627	26.627	9.172	7.635	132.885
276	97	255	388.912	780.160	38.627	14.409	8.571	177.910
277	59	255	558.449	780.144	27.556	9.237	8.133	20.956
278	54	255	924.241	779.315	26.385	8.808	7.806	64.301
279	63	255	1136.262	779.262	28.971	9.170	8.748	65.593
280	82	255	1194.915	778.073	33.213	11.175	9.342	114.236
281	53	255	1215.179	780.047	27.799	9.579	7.045	41.089
282	1	255	1223.500	783.500	2.828	1.128	1.128	0.000
283	66	255	959.818	778.076	32.042	9.711	8.653	2.024
284	69	255	1150.196	778.529	29.799	10.008	8.778	39.672
285	4	255	453.000	781.000	5.657	2.257	2.257	0.000
286	64	255	999.906	778.094	28.385	9.970	8.174	14.277
287	55	255	58.936	776.827	26.142	8.514	8.225	52.854
288	59	255	885.195	775.839	27.799	9.964	7.540	74.982
289	59	255	1065.415	776.127	27.213	8.819	8.518	83.736
290	61	255	215.549	776.139	28.142	9.686	8.019	154.824
291	114	255	263.035	772.456	41.113	15.262	9.510	37.422
292	48	255	1021.729	775.792	28.971	9.105	6.713	4.690
293	59	255	1038.246	775.025	28.971	9.525	7.887	27.277
294	78	255	368.256	772.333	32.385	11.736	8.462	72.034
295	94	255	780.840	771.840	34.627	12.430	9.629	154.413
296	79	255	1169.272	771.614	32.627	11.685	8.608	34.924
297	38	255	734.842	771.763	22.971	8.272	5.849	82.005
298	50	255	1088.640	769.620	27.799	8.138	7.823	71.054
299	45	255	1185.856	770.344	30.385	8.061	7.107	65.955
300	22	255	1222.136	770.364	17.899	7.319	3.827	71.689
301	54	255	1117.259	768.630	26.971	8.982	7.654	88.734
302	63	255	1129.690	769.103	28.385	9.686	8.282	12.825
303	57	255	1204.781	769.237	32.627	9.318	7.789	3.021
304	50	255	947.880	768.400	24.728	8.586	7.415	164.753
305	65	255	399.900	765.685	28.971	9.858	8.395	90.936
306	69	255	549.355	765.616	30.627	10.415	8.436	119.112
307	77	255	863.149	766.838	33.213	11.702	8.378	170.589
308	88	255	894.318	765.943	33.799	11.328	9.891	164.432
309	82	255	1050.098	765.524	33.456	11.964	8.727	46.002
310	60	255	208.267	764.967	27.799	9.401	8.126	164.906
311	84	255	733.107	761.381	36.870	11.889	8.996	109.306
312	42	255	1064.310	765.190	23.799	7.611	7.026	48.095
313	66	255	515.136	762.682	29.799	11.292	7.442	127.916
314	113	255	306.633	761.288	38.627	12.994	11.072	167.682
315	66	255	963.318	761.758	29.799	10.076	8.340	10.921
316	57	255	1146.868	762.009	28.385	9.004	8.061	147.558
317	60	255	373.583	760.333	27.213	9.329	8.189	141.166
318	73	255	809.774	760.692	30.385	10.320	9.007	23.732
319	59	255	1000.195	760.398	28.971	10.572	7.106	61.362
320	44	255	582.227	759.409	24.971	8.426	6.649	84.774
321	89	255	824.860	757.781	34.627	13.504	8.392	147.289
322	83	255	293.898	756.693	33.456	11.053	9.561	124.433
323	85	255	164.865	756.053	32.971	11.220	9.646	134.786
324	69	255	199.790	756.036	30.142	10.607	8.283	80.844
325	70	255	458.586	756.529	30.971	10.536	8.459	39.151
326	74	255	985.108	755.635	31.799	10.684	8.819	134.166
327	78	255	76.154	755.321	34.627	12.508	7.940	4.929
328	77	255	145.201	754.864	31.799	10.904	8.991	106.779
329	66	255	501.470	753.621	30.971	11.608	7.240	95.630
330	96	255	904.896	753.021	44.527	16.228	7.532	76.283
331	7	255	891.786	757.929	9.071	4.154	2.146	171.650
332	91	255	1065.577	752.698	35.799	12.959	8.941	135.905
333	55	255	367.900	752.609	26.385	8.576	8.166	119.859
334	71	255	1120.542	751.655	30.385	10.214	8.851	104.533
335	103	255	1037.083	750.170	37.213	12.425	10.555	19.409
336	123	255	1166.646	749.020	42.284	14.684	10.665	114.531
337	51	255	912.010	749.088	25.799	8.518	7.623	73.658
338	84	255	944.667	747.976	33.213	11.963	8.940	96.813
339	73	255	608.911	748.226	31.799	9.942	9.348	69.934
340	74	255	960.216	749.243	38.627	11.231	8.389	176.568
341	104	255	541.413	746.279	37.213	11.668	11.349	93.574
342	73	255	853.267	746.829	30.385	10.469	8.879	107.310
343	54	255	1022.630	747.741	27.213	8.498	8.091	101.640
344	102	255	572.000	743.010	36.870	12.233	10.617	18.578
345	50	255	1108.300	745.000	27.213	11.126	5.722	37.317
346	62	255	146.387	744.097	27.556	9.462	8.343	164.747
347	59	255	415.008	744.314	28.971	9.871	7.610	18.872
348	72	255	924.250	743.056	42.284	10.322	8.882	76.387
349	73	255	318.130	741.473	31.213	10.794	8.611	95.210
350	55	255	982.155	742.864	26.971	8.918	7.852	93.741
351	53	255	1216.085	743.179	25.556	8.635	7.815	37.768
352	68	255	1119.529	741.265	28.971	9.942	8.708	43.927
353	74	255	198.932	739.054	31.799	11.744	8.023	77.645
354	72	255	809.264	739.722	30.627	10.657	8.602	62.777
355	94	255	1086.638	739.383	34.627	11.253	10.636	40.158
356	74	255	588.622	738.378	33.799	13.309	7.080	126.921
357	65	255	882.085	739.854	28.971	10.519	7.868	172.960
358	74	255	909.446	737.635	37.456	10.193	9.243	124.644
359	52	255	1152.385	739.308	36.042	8.761	7.557	137.069
360	75	255	826.967	735.820	31.799	10.718	8.909	62.956
361	89	255	963.275	735.253	34.042	10.817	10.476	1.477
362	85	255	372.924	732.900	34.042	10.920	9.911	79.348
363	82	255	471.085	733.927	32.385	10.874	9.601	51.895
364	73	255	786.774	734.226	30.385	10.504	8.849	149.055
365	39	255	1045.090	734.603	23.556	7.721	6.431	99.217
366	64	255	305.562	733.438	29.799	9.276	8.785	58.106
367	69	255	745.152	733.428	30.385	10.423	8.429	60.879
368	78	255	338.846	731.833	33.456	12.615	7.873	40.328
369	84	255	607.786	731.464	34.627	11.931	8.964	86.395
370	71	255	666.148	732.049	31.213	10.197	8.865	79.443
371	70	255	818.000	731.000	30.142	10.908	8.171	106.948
372	57	255	1127.149	731.500	31.213	9.112	7.964	116.091
373	70	255	496.700	729.471	30.627	10.505	8.484	66.071
374	85	255	525.935	729.394	34.627	10.808	10.014	60.059
375	101	255	569.510	728.619	37.456	14.268	9.013	33.306
376	59	255	1145.195	728.822	28.971	11.202	6.706	61.429
377	54	255	693.537	729.074	28.971	8.504	8.085	70.417
378	82	255	1007.476	728.341	33.556	11.636	8.973	15.513
379	4	255	1223.500	731.000	8.828	4.514	1.128	90.000
380	37	255	648.527	729.122	22.142	7.697	6.120	166.664
381	69	255	835.326	727.370	30.385	9.770	8.992	75.548
382	106	255	923.132	726.406	42.284	12.144	11.114	158.016
383	69	255	206.616	726.283	29.799	9.775	8.987	77.451
384	57	255	555.640	726.482	26.971	9.494	7.644	110.664
385	51	255	876.971	725.186	25.799	8.538	7.606	83.549
386	64	255	890.812	725.172	28.385	10.155	8.024	11.862
387	70	255	977.000	724.686	30.385	10.484	8.502	30.886
388	79	255	1091.551	724.968	33.799	12.930	7.780	13.628
389	30	255	1159.567	725.867	31.456	7.433	5.139	149.808
390	66	255	855.879	721.848	30.042	10.699	7.854	36.555
391	59	255	939.127	722.398	27.556	9.211	8.155	98.668
392	89	255	658.747	720.601	35.456	11.138	10.174	18.866
393	51	255	771.853	722.324	27.213	9.182	7.072	169.941
394	92	255	104.065	719.337	33.799	11.228	10.433	88.580
395	38	255	630.763	721.632	21.899	7.604	6.363	74.987
396	38	255	1103.447	721.842	21.556	7.373	6.562	168.620
397	66	255	644.788	718.212	29.799	10.532	7.979	75.691
398	36	255	1052.833	720.722	21.556	7.035	6.515	64.452
399	84	255	1189.000	718.393	33.213	10.537	10.150	64.663
400	74	255	142.919	718.351	30.385	10.171	9.263	164.401
401	86	255	678.000	715.837	36.284	12.433	8.807	68.465
402	81	255	179.068	716.759	31.799	10.644	9.689	23.280
403	47	255	756.032	718.606	40.870	8.842	6.768	170.053
404	93	255	961.876	714.919	35.799	13.827	8.564	88.408
405	70	255	904.500	716.057	32.385	10.223	8.718	106.563
406	84	255	295.262	713.298	34.385	12.234	8.742	83.954
407	91	255	745.225	713.137	34.870	12.587	9.205	133.185
408	61	255	1113.320	714.992	29.213	9.729	7.983	11.797
409	75	255	203.060	713.473	30.971	10.409	9.174	15.293
410	90	255	703.100	712.711	33.799	11.326	10.118	81.877
411	67	255	716.216	712.634	29.799	9.745	8.754	159.804
412	65	255	882.931	712.792	31.213	9.854	8.399	170.405
413	76	255	929.026	711.842	40.042	10.578	9.148	123.798
414	98	255	1056.796	711.204	36.042	12.453	10.020	172.378
415	71	255	1081.401	708.627	39.698	12.019	7.521	39.619
416	59	255	1099.771	709.144	27.799	10.336	7.268	58.430
417	1	255	756.500	712.500	2.828	1.128	1.128	0.000
418	71	255	1016.852	708.035	30.971	10.606	8.524	105.575
419	52	255	1218.673	708.019	29.799	8.657	7.648	171.461
420	43	255	693.058	707.151	24.385	7.751	7.064	69.234
421	50	255	769.600	706.880	24.728	8.586	7.415	74.753
422	94	255	918.106	705.628	34.971	12.036	9.944	62.927
423	47	255	248.202	705.883	24.728	8.624	6.939	100.889
424	102	255	472.167	703.549	36.870	12.765	10.174	125.745
425	96	255	646.323	704.406	35.213	11.471	10.656	47.669
426	55	255	861.809	705.736	26.971	10.115	6.923	52.629
427	96	255	1121.729	702.698	45.941	15.249	8.016	114.215
428	83	255	65.127	703.187	33.213	10.762	9.820	109.128
429	59	255	585.602	704.195	28.728	10.187	7.374	97.849
430	72	255	1172.597	703.889	30.385	10.938	8.381	120.226
431	128	255	741.945	700.352	45.113	16.069	10.142	53.557
432	74	255	987.365	702.851	31.213	11.139	8.459	133.122
433	79	255	975.399	699.614	32.627	11.134	9.034	116.657
434	45	255	314.989	699.589	23.799	7.802	7.344	174.358
435	64	255	181.734	698.141	30.142	10.967	7.431	74.405
436	74	255	359.635	697.297	31.213	10.434	9.030	106.548
437	91	255	874.291	697.566	34.627	12.097	9.578	44.870
438	625	255	950.090	683.250	120.610	34.343	23.172	54.263
439	69	255	703.601	697.341	30.385	10.088	8.709	113.001
440	25	255	1.780	696.860	19.314	7.625	4.175	86.176
441	53	255	692.179	697.255	26.142	8.374	8.058	107.969
442	46	255	506.609	696.152	25.799	8.427	6.950	38.322
443	49	255	1060.480	695.929	26.142	9.774	6.383	17.984
444	63	255	1074.040	694.833	29.213	10.196	7.867	23.175
445	137	255	24.033	690.500	44.527	15.715	11.100	53.474
446	79	255	791.057	692.994	32.971	11.951	8.416	47.570
447	76	255	1025.026	692.921	31.213	10.835	8.931	33.235
448	52	255	1139.462	693.885	26.971	9.126	7.255	102.111
449	82	255	648.122	690.817	32.385	10.826	9.644	32.392
450	86	255	828.326	691.279	33.799	11.915	9.190	174.246
451	74	255	886.419	690.081	30.971	10.464	9.004	73.877
452	90	255	84.967	688.956	34.627	11.156	10.272	7.460
453	71	255	602.965	689.458	30.385	10.961	8.248	147.430
454	53	255	1034.670	689.217	29.799	9.988	6.756	100.954
455	63	255	1049.738	689.437	28.385	9.404	8.530	53.501
456	98	255	71.102	687.000	36.042	12.608	9.897	114.970
457	63	255	993.357	688.325	28.971	10.113	7.932	87.303
458	68	255	1084.250	688.956	30.385	11.388	7.602	21.558
459	56	255	504.250	687.982	26.971	9.397	7.588	121.893
460	98	255	970.867	686.031	36.284	12.788	9.757	40.242
461	69	255	125.500	686.500	28.971	9.373	9.373	0.000
462	70	255	402.529	685.529	31.799	11.371	7.838	82.764
463	33	255	808.561	685.379	32.042	6.780	6.197	3.170
464	62	255	583.306	683.548	28.142	9.636	8.193	96.484
465	67	255	759.530	683.291	28.971	9.987	8.542	132.693
466	60	255	1060.583	683.717	31.213	9.280	8.232	21.781
467	65	255	1070.162	683.454	28.971	9.832	8.418	51.055
468	80	255	733.900	680.675	32.042	10.545	9.660	7.290
469	69	255	918.572	680.196	30.627	10.264	8.559	105.443
470	78	255	1019.064	680.949	31.799	10.270	9.670	160.376
471	53	255	1218.821	681.915	25.556	8.635	7.815	52.232
472	92	255	313.750	680.000	34.627	12.168	9.627	22.673
473	66	255	284.621	678.864	29.799	9.795	8.579	84.425
474	41	255	1162.305	680.622	22.142	7.538	6.925	29.436
475	70	255	480.500	678.186	30.385	10.195	8.743	71.342
476	85	255	644.888	677.853	32.971	10.600	10.210	18.761
477	122	255	1041.361	676.098	42.284	15.320	10.140	137.495
478	49	255	1053.071	678.418	26.042	8.335	7.485	58.512
479	67	255	717.381	677.366	29.556	9.964	8.561	55.230
480	46	255	1105.152	678.326	24.971	8.611	6.802	19.702
481	71	255	38.627	675.880	31.213	11.139	8.115	42.273
482	1	255	807.500	680.500	2.828	1.128	1.128	0.000
483	51	255	1087.971	677.402	26.627	9.572	6.784	20.419
484	75	255	301.460	673.633	31.213	10.563	9.040	91.856
485	94	255	499.564	673.021	34.971	12.510	9.567	89.574
486	51	255	745.029	674.931	24.971	8.201	7.917	23.199
487	77	255	1168.877	673.617	31.213	10.665	9.193	43.376
488	53	255	613.726	673.613	30.042	10.269	6.571	156.908
489	88	255	17.989	670.023	34.627	11.645	9.622	106.480
490	68	255	773.500	671.000	29.213	9.949	8.702	46.431
491	85	255	962.676	669.500	37.698	13.368	8.096	58.794
492	83	255	518.645	669.934	33.799	11.479	9.207	28.076
493	91	255	1193.522	670.280	33.799	11.351	10.207	176.121
494	68	255	27.412	668.279	30.627	11.064	7.825	83.996
495	74	255	278.108	669.054	30.627	9.929	9.489	116.138
496	72	255	730.931	669.375	31.213	10.224	8.967	148.895
497	65	255	1072.146	669.638	28.728	9.825	8.423	106.478
498	66	255	342.091	668.636	29.799	9.935	8.458	126.502
499	70	255	653.214	667.043	30.627	11.042	8.071	138.493
500	51	255	706.578	667.245	26.971	8.215	7.904	112.453
501	57	255	159.711	667.061	27.799	9.448	7.682	150.071
502	60	255	630.250	666.900	27.556	9.147	8.352	22.940
503	41	255	668.646	666.573	22.142	7.814	6.680	132.562
504	62	255	120.565	664.516	27.799	9.699	8.139	130.988
505	211	255	258.182	662.860	63.598	22.758	11.805	167.358
506	43	255	918.012	664.988	24.971	9.239	5.926	63.372
507	61	255	1063.402	663.041	32.870	9.211	8.432	21.856
508	59	255	333.025	662.551	28.042	10.657	7.049	141.219
509	101	255	311.946	660.985	35.799	12.498	10.290	160.930
510	74	255	503.176	660.054	32.385	11.095	8.492	77.290
511	28	255	974.036	661.429	26.385	7.720	4.618	63.067
512	166	255	294.030	658.380	49.113	16.702	12.655	28.112
513	45	255	486.544	661.078	23.556	8.109	7.066	81.183
514	58	255	955.466	659.845	28.042	10.103	7.310	55.933
515	62	255	1004.758	659.371	28.385	9.995	7.898	132.854
516	58	255	1035.776	659.603	27.799	9.000	8.205	153.087
517	57	255	368.289	658.149	27.556	10.457	6.940	75.464
518	40	255	435.925	659.500	23.556	7.606	6.696	43.506
519	2	255	971.500	662.000	4.828	2.257	1.128	90.000
520	74	255	351.500	657.000	30.971	11.393	8.270	4.213
521	85	255	517.171	655.947	33.213	11.217	9.648	143.206
522	55	255	448.045	655.936	26.142	8.831	7.930	138.339
523	46	255	745.130	655.935	24.971	9.172	6.385	137.524
524	52	255	928.750	656.481	28.971	8.752	7.565	168.618
525	109	255	166.151	653.225	38.870	12.992	10.682	27.675
526	58	255	557.000	654.638	26.971	8.854	8.341	90.000
527	52	255	642.442	655.038	26.385	9.092	7.282	165.208
528	76	255	768.224	654.132	32.627	12.589	7.687	38.449
529	72	255	828.556	654.014	31.213	9.617	9.532	106.756
530	90	255	253.300	649.922	38.042	11.876	9.649	59.625
531	38	255	565.895	653.921	22.142	8.116	5.961	7.547
532	75	255	1176.993	651.780	31.213	10.457	9.132	178.907
533	102	255	322.471	649.696	36.385	11.716	11.085	31.926
534	50	255	262.580	650.000	25.556	8.858	7.187	47.267
535	93	255	1092.124	649.167	34.627	11.878	9.969	165.176
536	68	255	147.500	648.324	29.799	10.969	7.893	52.835
537	68	255	536.191	648.118	29.556	10.520	8.230	83.124
538	69	255	659.906	647.341	29.799	10.927	8.040	104.115
539	68	255	182.574	647.838	33.556	13.921	6.219	8.366
540	64	255	272.844	646.250	29.213	9.431	8.640	106.012
541	65	255	413.808	644.885	29.213	10.174	8.135	131.003
542	9	255	720.611	647.722	11.899	3.939	2.909	92.720
543	75	255	1129.940	645.633	30.971	10.336	9.239	5.444
544	61	255	622.352	643.828	29.556	11.461	6.777	75.018
545	54	255	678.519	644.796	26.385	8.944	7.687	87.074
546	52	255	285.173	644.077	26.385	9.427	7.023	16.806
547	54	255	1032.278	644.278	26.728	9.197	7.476	7.762
548	91	255	13.852	640.852	34.627	12.186	9.508	70.917
549	89	255	335.039	642.073	35.213	13.540	8.369	148.717
550	156	255	1081.032	640.263	46.870	16.288	12.194	25.547
551	95	255	169.058	640.689	34.870	12.778	9.466	142.475
552	68	255	306.882	641.397	29.213	10.086	8.584	150.927
553	79	255	736.411	640.867	32.627	10.738	9.368	95.587
554	126	255	854.627	637.905	46.870	16.645	9.638	91.980
555	67	255	347.560	640.276	28.971	9.909	8.609	136.713
556	63	255	1058.119	639.722	31.213	10.204	7.861	36.128
557	49	255	483.500	638.316	25.799	8.526	7.318	112.714
558	60	255	640.850	637.450	27.799	10.275	7.435	48.479
559	41	255	1179.037	638.305	22.971	7.925	6.587	36.016
560	47	255	951.543	636.989	24.971	8.759	6.832	53.962
561	63	255	1097.135	636.960	29.799	10.506	7.635	158.085
562	59	255	1148.839	635.788	27.556	9.058	8.293	102.811
563	42	255	877.571	635.548	23.314	7.560	7.073	71.116
564	84	255	103.964	631.595	33.456	11.095	9.640	102.369
565	115	255	310.857	630.013	38.042	12.240	11.962	115.720
566	74	255	156.027	629.378	30.971	11.327	8.319	98.893
567	56	255	746.375	630.482	27.213	9.702	7.349	150.242
568	69	255	192.964	629.065	29.556	10.446	8.410	93.809
569	73	255	729.048	629.349	29.799	10.215	9.099	17.859
570	55	255	1138.645	630.409	32.870	10.178	6.881	168.151
571	54	255	564.241	628.889	26.728	8.599	7.996	87.604
572	87	255	169.822	627.454	34.385	11.678	9.486	169.041
573	78	255	904.231	625.821	32.385	12.284	8.085	84.988
574	62	255	1186.000	626.742	34.042	9.886	7.985	23.469
575	120	255	1077.958	623.508	58.184	15.593	9.799	36.600
576	106	255	502.340	621.981	66.669	13.627	9.904	166.035
577	59	255	987.822	624.110	27.556	8.963	8.381	30.064
578	41	255	689.963	623.378	23.556	7.697	6.783	117.742
579	71	255	974.331	621.824	30.385	9.766	9.257	88.834
580	81	255	1102.191	621.451	34.627	11.056	9.328	85.664
581	60	255	1206.400	622.983	26.971	9.407	8.121	168.218
582	67	255	492.590	619.828	37.456	13.694	6.229	115.086
583	98	255	653.367	618.847	36.627	12.446	10.026	151.216
584	82	255	107.561	617.585	33.213	10.876	9.599	88.072
585	96	255	466.312	617.229	35.213	12.226	9.998	78.841
586	68	255	635.779	618.515	30.142	10.468	8.271	47.463
587	76	255	531.947	616.632	31.213	11.530	8.393	142.513
588	68	255	1125.118	617.235	29.213	10.079	8.590	150.189
589	53	255	729.500	617.274	29.556	10.130	6.662	151.028
590	55	255	917.045	615.609	30.627	9.386	7.461	114.003
591	64	255	1091.641	615.359	27.799	9.245	8.814	20.273
592	70	255	548.429	613.800	30.385	10.409	8.563	54.750
593	72	255	587.292	614.569	30.385	10.014	9.154	164.914
594	58	255	121.586	614.000	27.556	9.164	8.058	28.584
595	57	255	152.833	613.939	26.728	8.683	8.358	124.230
596	99	255	997.854	612.722	35.799	12.771	9.870	168.288
597	43	255	1142.593	614.430	23.556	7.796	7.023	7.755
598	52	255	38.038	613.673	26.142	9.059	7.309	18.843
599	64	255	969.203	612.438	29.799	9.365	8.701	147.982
600	74	255	64.581	610.608	32.042	11.976	7.867	122.252
601	53	255	710.519	611.708	27.799	10.111	6.674	29.208
602	22	255	753.545	612.591	25.799	7.062	3.967	176.742
603	57	255	1078.465	611.430	30.385	10.405	6.975	3.243
604	45	255	616.589	610.256	26.385	9.483	6.042	3.215
605	80	255	856.612	608.913	32.627	11.649	8.744	55.651
606	49	255	190.520	608.337	24.971	8.532	7.312	86.031
607	65	255	327.685	606.608	32.627	12.276	6.742	95.509
608	96	255	293.312	605.948	36.870	11.213	10.901	153.151
609	42	255	883.500	608.095	22.971	7.854	6.809	123.507
610	44	255	492.364	606.614	25.213	8.306	6.745	52.182
611	76	255	935.566	605.895	30.971	10.299	9.396	76.025
612	84	255	22.119	604.512	34.042	11.124	9.615	111.780
613	86	255	473.256	605.163	34.627	11.322	9.671	4.840
614	65	255	1111.023	605.500	29.556	9.539	8.676	64.943
615	69	255	154.978	604.254	30.385	10.086	8.710	100.784
616	68	255	278.485	604.662	29.556	9.683	8.941	153.438
617	47	255	532.053	604.372	30.627	10.537	5.679	114.040
618	98	255	1152.888	603.173	38.627	12.367	10.090	109.876
619	57	255	1065.851	603.447	28.142	10.249	7.081	60.309
620	61	255	524.107	602.680	28.385	9.045	8.587	132.757
621	89	255	757.365	601.680	35.213	12.146	9.330	40.032
622	54	255	734.685	601.259	27.556	10.518	6.537	106.376
623	63	255	1081.230	601.437	29.213	9.412	8.523	6.228
624	73	255	80.842	600.377	30.971	10.288	9.034	99.222
625	62	255	457.355	600.097	29.213	11.102	7.110	34.092
626	59	255	408.246	599.890	27.799	9.800	7.665	13.487
627	73	255	640.390	598.363	34.042	11.143	8.341	122.563
628	50	255	746.360	599.980	26.385	8.415	7.566	109.183
629	64	255	1100.891	599.422	28.385	9.613	8.477	61.493
630	79	255	104.677	597.703	32.627	11.830	8.503	21.998
631	71	255	721.035	596.077	32.385	11.395	7.934	87.355
632	92	255	812.543	596.217	34.627	11.664	10.043	31.462
633	68	255	965.647	596.250	30.627	10.390	8.333	56.253
634	57	255	1121.939	597.044	26.728	8.961	8.099	41.815
635	52	255	319.962	596.308	27.556	8.749	7.568	32.809
636	57	255	624.693	596.044	27.799	8.752	8.293	158.043
637	97	255	379.562	593.644	34.627	11.346	10.885	36.839
638	83	255	695.042	593.958	32.385	10.827	9.761	45.004
639	210	255	395.924	585.967	60.184	21.261	12.576	109.782
640	95	255	768.742	590.237	35.456	11.839	10.216	42.198
641	69	255	1086.210	591.601	30.971	9.921	8.855	149.134
642	117	255	1203.013	588.868	40.385	14.829	10.046	85.165
643	53	255	24.085	590.821	24.971	8.635	7.815	142.232
644	80	255	50.325	590.587	33.799	12.206	8.345	7.303
645	74	255	417.027	589.568	31.213	10.843	8.690	114.825
646	71	255	266.852	589.120	30.627	10.055	8.991	66.510
647	74	255	976.203	589.365	30.385	10.254	9.188	24.015
648	70	255	1038.500	589.186	30.385	10.195	8.743	71.342
649	59	255	305.805	588.110	28.385	9.581	7.840	103.553
650	53	255	753.783	588.670	26.385	8.467	7.970	174.712
651	59	255	1160.059	588.958	27.314	8.813	8.524	54.462
652	91	255	340.324	585.423	34.042	11.206	10.340	112.724
653	48	255	78.021	586.604	24.728	8.309	7.355	19.522
654	64	255	184.969	584.938	29.556	10.590	7.695	114.797
655	15	255	646.300	586.300	16.485	6.642	2.876	100.609
656	47	255	745.287	586.096	24.971	8.152	7.341	44.582
657	54	255	88.963	584.000	26.385	8.780	7.831	75.340
658	2	255	640.500	587.000	4.828	2.257	1.128	90.000
659	1	255	642.500	587.500	2.828	1.128	1.128	0.000
660	59	255	964.551	583.110	28.142	10.399	7.224	88.039
661	65	255	452.900	580.346	30.385	10.378	7.974	78.861
662	50	255	721.380	582.000	25.799	9.463	6.728	144.622
663	100	255	554.220	578.290	40.042	15.319	8.312	68.232
664	77	255	761.357	579.812	30.971	10.465	9.368	69.072
665	44	255	819.341	581.273	25.799	8.333	6.723	44.936
666	89	255	1111.770	578.590	36.870	13.272	8.538	103.858
667	94	255	282.032	578.596	35.213	11.730	10.203	56.936
668	44	255	361.682	579.636	23.556	7.872	7.117	73.110
669	127	255	652.815	575.839	64.426	18.159	8.905	64.549
670	71	255	43.204	578.415	29.799	9.959	9.077	13.555
671	53	255	387.142	577.896	27.213	8.538	7.904	157.821
672	54	255	427.833	578.759	26.971	9.259	7.425	66.674
673	51	255	565.284	578.833	26.385	8.357	7.770	14.663
674	111	255	1081.608	575.905	38.971	14.890	9.492	87.327
675	50	255	629.420	577.780	26.385	8.588	7.413	108.229
676	65	255	1094.746	576.869	30.042	10.532	7.858	46.553
677	106	255	1146.255	576.453	37.213	11.960	11.285	154.095
678	50	255	701.060	577.380	30.042	9.087	7.005	179.687
679	97	255	955.964	573.314	36.971	14.457	8.543	95.493
680	78	255	935.449	573.372	37.456	11.060	8.980	61.499
681	68	255	484.000	574.000	28.971	10.301	8.405	0.000
682	68	255	1061.926	572.941	32.627	9.947	8.704	10.399
683	119	255	78.819	570.122	39.456	13.390	11.316	129.763
684	59	255	325.025	572.568	26.971	9.051	8.300	97.275
685	113	255	920.518	570.022	40.042	14.135	10.179	75.584
686	95	255	1121.468	571.963	36.627	12.292	9.841	147.949
687	45	255	639.344	572.433	27.556	8.425	6.801	69.611
688	73	255	182.651	569.829	29.799	10.116	9.188	81.273
689	76	255	258.763	569.803	31.213	10.259	9.432	52.135
690	74	255	440.311	570.459	31.799	10.159	9.275	30.751
691	82	255	543.878	570.390	36.042	11.652	8.960	151.086
692	41	255	690.695	571.085	22.971	8.216	6.354	122.851
693	76	255	1011.947	569.947	31.799	12.111	7.990	45.000
694	107	255	396.631	568.014	38.042	12.527	10.876	134.720
695	81	255	1000.389	569.438	32.385	11.335	9.098	174.435
696	71	255	412.852	567.613	30.385	9.835	9.192	35.959
697	25	255	642.580	565.860	28.728	8.106	3.927	44.213
698	41	255	977.768	568.354	24.385	8.039	6.494	86.735
699	49	255	451.398	566.500	30.627	8.500	7.340	89.069
700	43	255	1159.895	567.360	25.799	7.814	7.007	57.916
701	54	255	743.333	565.333	26.385	9.241	7.440	76.469
702	90	255	1107.500	564.322	35.456	12.294	9.321	125.697
703	52	255	1182.192	566.308	26.971	9.209	7.190	33.555
704	94	255	571.277	563.755	35.456	11.705	10.225	31.708
705	49	255	687.929	563.847	26.385	8.188	7.619	139.864
706	86	255	760.581	563.977	33.799	11.082	9.880	142.384
707	78	255	986.769	564.487	33.799	13.055	7.608	151.649
708	45	255	1094.167	565.878	28.971	8.727	6.566	163.819
709	41	255	537.232	564.427	22.971	7.742	6.743	151.967
710	68	255	720.735	562.853	31.213	11.629	7.445	121.891
711	47	255	351.670	562.755	26.971	8.903	6.722	88.377
712	80	255	365.163	558.825	38.042	14.159	7.194	60.528
713	51	255	60.402	560.343	26.627	9.291	6.989	145.371
714	2	255	1137.500	564.000	4.828	2.257	1.128	90.000
715	62	255	131.484	560.048	29.799	10.952	7.208	177.800
716	65	255	980.008	557.808	30.042	9.763	8.477	46.640
717	120	255	1192.267	556.375	43.456	15.516	9.847	117.509
718	76	255	375.816	557.066	31.799	10.009	9.668	173.648
719	80	255	635.237	556.263	33.799	12.334	8.258	61.271
720	63	255	850.103	557.579	29.213	9.825	8.164	174.733
721	59	255	75.432	555.907	27.556	9.040	8.310	11.940
722	64	255	474.266	555.188	29.556	11.064	7.365	111.417
723	85	255	750.265	554.194	33.213	11.351	9.534	58.517
724	51	255	808.833	556.343	31.556	8.709	7.456	10.136
725	64	255	1156.078	555.469	30.627	11.995	6.794	171.022
726	66	255	696.409	552.439	28.971	9.296	9.040	64.427
727	64	255	52.312	551.297	28.385	9.593	8.494	141.906
728	15	255	540.033	554.233	16.485	5.202	3.671	32.258
729	59	255	568.636	551.720	27.213	9.116	8.241	36.440
730	64	255	657.516	551.875	28.971	9.903	8.229	29.352
731	49	255	122.214	549.439	24.971	9.248	6.746	108.087
732	82	255	585.354	548.463	32.971	11.598	9.002	87.611
733	42	255	869.643	550.167	24.385	7.771	6.881	134.848
734	55	255	883.991	549.518	26.971	9.834	7.121	52.792
735	60	255	27.833	548.767	28.385	9.704	7.872	49.312
736	57	255	351.693	547.956	26.971	10.151	7.149	77.762
737	75	255	1171.553	547.833	30.971	10.335	9.240	110.465
738	100	255	401.550	546.620	36.870	14.214	8.958	145.435
739	69	255	468.268	547.210	30.627	10.967	8.011	138.956
740	68	255	524.706	546.647	30.627	10.541	8.214	89.413
741	60	255	1003.617	547.967	27.556	9.157	8.343	161.524
742	79	255	1120.867	547.070	47.941	10.733	9.371	47.732
743	50	255	1017.980	547.600	25.314	8.505	7.485	179.559
744	48	255	64.167	545.979	24.971	8.239	7.418	54.813
745	69	255	425.065	545.543	29.799	10.564	8.316	21.903
746	92	255	679.109	542.772	34.042	10.966	10.681	126.679
747	65	255	705.454	543.054	29.314	10.876	7.609	87.555
748	64	255	994.234	544.141	29.213	10.056	8.103	163.310
749	46	255	384.413	543.370	24.142	8.113	7.219	75.971
750	73	255	641.664	541.815	30.385	10.270	9.050	79.161
751	84	255	369.726	540.500	33.799	11.432	9.355	116.088
752	77	255	746.747	541.136	31.213	10.300	9.518	119.193
753	104	255	213.538	540.337	39.799	14.124	9.375	1.986
754	84	255	339.893	540.083	34.627	12.337	8.669	155.408
755	42	255	1212.500	541.524	23.556	7.771	6.881	147.575
756	48	255	131.521	539.750	25.556	9.248	6.608	61.539
757	88	255	482.000	539.000	32.971	10.585	10.585	0.000
758	67	255	540.455	540.396	30.385	11.142	7.656	1.579
759	67	255	577.425	538.664	29.799	10.393	8.208	129.914
760	79	255	32.513	537.677	32.385	11.360	8.855	112.965
761	89	255	91.455	538.376	35.799	13.415	8.447	4.334
762	58	255	314.448	538.172	28.042	10.190	7.247	133.805
763	6	255	776.500	541.667	11.071	4.630	1.650	0.000
764	74	255	862.203	538.203	31.556	10.698	8.807	39.438
765	86	255	354.953	537.674	33.799	12.778	8.570	165.508
766	40	255	1111.375	537.500	23.799	7.764	6.559	35.954
767	74	255	107.000	536.500	30.385	11.342	8.307	147.592
768	76	255	397.868	537.092	33.799	12.467	7.762	165.593
769	73	255	502.692	536.678	31.799	10.934	8.501	20.688
770	73	255	69.486	535.185	30.971	10.029	9.267	103.375
771	13	255	776.346	537.269	13.899	4.638	3.569	108.328
772	1	255	1106.500	539.500	2.828	1.128	1.128	0.000
773	7	255	779.929	536.786	9.657	4.154	2.146	98.350
774	57	255	789.149	535.289	30.971	9.010	8.054	10.284
775	49	255	927.500	533.316	25.556	8.379	7.446	141.520
776	20	255	998.600	534.250	23.556	6.559	3.882	5.190
777	81	255	1018.105	532.241	46.284	14.775	6.980	158.400
778	61	255	414.057	531.385	28.385	9.739	7.975	56.433
779	40	255	1221.750	531.025	25.314	9.356	5.443	87.171
780	76	255	279.092	530.579	30.971	10.364	9.336	168.120
781	85	255	256.006	528.124	33.456	11.829	9.149	66.988
782	66	255	754.955	529.848	29.799	10.436	8.053	165.035
783	61	255	200.795	528.467	28.971	9.802	7.923	84.403
784	96	255	861.906	528.208	38.870	11.906	10.267	166.200
785	80	255	345.775	527.013	31.799	10.417	9.778	157.318
786	59	255	77.144	526.551	27.556	9.237	8.133	110.956
787	85	255	118.947	525.429	33.213	11.150	9.707	120.097
788	49	255	1191.276	526.949	25.799	8.412	7.416	36.626
789	60	255	472.750	525.900	27.556	9.147	8.352	157.060
790	68	255	1070.338	525.309	28.971	9.693	8.932	39.002
791	77	255	591.110	523.955	32.385	10.567	9.278	112.492
792	61	255	391.959	522.418	27.556	9.383	8.278	112.491
793	47	255	567.926	522.862	24.971	9.355	6.397	42.412
794	72	255	667.417	521.792	29.799	10.027	9.143	123.005
795	51	255	730.971	522.618	25.799	9.369	6.931	147.425
796	96	255	15.323	520.417	36.870	11.224	10.890	40.808
797	77	255	811.890	520.812	33.213	10.741	9.128	106.323
798	41	255	1010.915	521.866	23.556	8.531	6.119	53.376
799	74	255	1022.041	520.757	31.556	10.415	9.047	93.747
800	70	255	38.114	520.086	29.799	9.883	9.018	94.076
801	55	255	833.173	520.391	26.971	9.372	7.472	48.368
802	59	255	1030.517	519.839	28.971	9.627	7.803	102.345
803	15	255	278.100	521.900	13.071	4.659	4.099	45.001
804	77	255	425.747	519.331	42.042	10.710	9.154	10.027
805	39	255	870.808	519.885	31.799	8.603	5.772	105.399
806	55	255	944.791	518.809	27.213	9.816	7.134	16.208
807	72	255	1206.806	518.153	30.971	11.208	8.179	151.946
808	87	255	112.626	516.167	34.042	11.139	9.944	0.272
809	81	255	128.179	516.364	34.042	11.371	9.070	61.506
810	38	255	219.632	518.211	22.971	8.246	5.867	128.249
811	81	255	360.278	517.241	33.213	10.416	9.901	164.761
812	107	255	603.864	516.528	54.527	15.133	9.003	21.509
813	71	255	845.542	517.232	30.385	10.016	9.026	50.761
814	94	255	859.149	516.149	36.627	12.421	9.636	17.236
815	49	255	645.908	517.194	26.385	8.302	7.515	22.920
816	37	255	985.176	517.446	21.314	7.645	6.162	67.116
817	73	255	1140.500	515.281	30.385	10.278	9.044	58.630
818	85	255	24.100	513.782	34.042	10.846	9.978	23.333
819	74	255	151.730	514.473	30.385	10.529	8.949	149.276
820	1	255	867.500	518.500	2.828	1.128	1.128	0.000
821	60	255	889.050	514.700	32.627	9.517	8.027	34.551
822	99	255	6.429	511.288	36.385	13.325	9.459	90.051
823	59	255	657.907	514.042	29.799	11.126	6.752	147.155
824	52	255	344.154	513.096	26.142	8.809	7.516	122.994
825	69	255	460.543	510.616	32.042	9.526	9.223	127.950
826	45	255	537.611	511.633	24.385	8.823	6.494	69.876
827	62	255	210.726	510.952	28.385	9.258	8.527	46.402
828	49	255	820.704	511.051	30.042	8.340	7.480	14.989
829	95	255	1198.847	508.553	55.598	12.160	9.948	103.274
830	57	255	102.465	509.623	27.799	9.030	8.037	55.396
831	69	255	1020.920	510.181	31.799	11.828	7.427	161.618
832	55	255	1039.482	508.609	34.042	10.484	6.679	152.495
833	38	255	611.000	506.895	22.971	7.831	6.179	107.372
834	66	255	738.727	506.652	36.042	9.799	8.575	163.505
835	121	255	112.293	503.988	43.456	15.371	10.023	4.901
836	118	255	595.788	502.517	51.598	14.068	10.680	177.319
837	61	255	698.139	503.779	35.213	11.562	6.718	70.219
838	88	255	842.148	503.659	34.042	12.356	9.068	46.866
839	63	255	994.294	504.373	29.556	10.281	7.802	3.607
840	53	255	525.330	502.519	27.556	9.402	7.177	98.745
841	17	255	692.324	503.853	16.142	5.937	3.646	60.616
842	73	255	971.911	502.938	49.698	12.917	7.196	175.945
843	74	255	812.176	499.432	43.698	11.919	7.905	61.842
844	53	255	78.443	499.651	26.142	9.139	7.384	103.051
845	76	255	478.000	499.500	30.385	10.502	9.214	170.410
846	59	255	31.534	498.822	28.627	9.416	7.978	147.051
847	71	255	449.500	497.979	35.213	11.856	7.625	66.356
848	38	255	608.974	499.211	22.971	8.281	5.843	125.421
849	89	255	348.174	496.635	35.213	12.276	9.231	52.233
850	61	255	982.139	495.697	30.385	9.818	7.910	97.110
851	59	255	1041.669	497.992	27.556	9.199	8.166	170.522
852	98	255	1117.357	496.449	35.213	11.467	10.881	47.393
853	7	255	98.500	499.214	9.071	3.086	2.888	0.000
854	69	255	155.848	495.746	29.799	10.109	8.691	78.345
855	53	255	270.217	496.462	26.627	9.108	7.409	120.215
856	77	255	463.630	495.136	32.627	10.950	8.953	86.564
857	47	255	359.266	496.564	25.556	8.549	7.000	138.773
858	66	255	1015.348	495.167	28.971	9.324	9.012	37.999
859	79	255	618.095	493.741	31.799	10.329	9.738	44.707
860	47	255	653.500	493.904	24.971	8.995	6.653	68.112
861	64	255	783.547	493.297	29.213	9.911	8.222	30.508
862	81	255	820.315	492.549	32.971	11.592	8.897	82.483
863	54	255	908.815	493.630	26.971	10.184	6.751	55.022
864	99	255	926.328	491.005	36.042	11.727	10.749	176.919
865	71	255	397.444	491.782	29.799	10.118	8.934	153.457
866	73	255	763.979	490.226	30.971	11.519	8.069	103.831
867	72	255	455.639	489.833	34.870	11.535	7.948	137.273
868	57	255	193.237	489.588	28.971	10.058	7.216	121.329
869	140	255	357.514	485.236	46.284	16.780	10.623	117.359
870	48	255	409.875	489.021	24.971	8.088	7.556	57.386
871	64	255	856.328	487.859	28.385	10.185	8.001	17.386
872	105	255	140.595	483.690	39.213	14.926	8.957	98.357
873	94	255	264.074	485.096	35.799	12.893	9.283	119.993
874	72	255	442.944	485.764	30.627	10.017	9.152	129.629
875	72	255	916.319	485.958	30.971	10.291	8.908	89.075
876	58	255	341.017	485.397	27.556	9.783	7.548	121.897
877	23	255	1123.022	487.196	18.728	6.339	4.620	171.619
878	80	255	1009.388	483.750	33.213	12.133	8.396	138.603
879	72	255	470.597	483.208	30.385	10.084	9.091	91.295
880	82	255	166.634	481.793	33.456	10.456	9.985	134.176
881	72	255	501.764	482.736	30.971	9.896	9.264	176.388
882	48	255	1220.375	482.708	29.799	8.761	6.976	29.561
883	72	255	836.069	481.167	30.627	9.807	9.347	5.239
884	13	255	903.654	483.808	14.728	6.454	2.565	132.504
885	34	255	989.382	483.000	20.728	7.828	5.530	30.170
886	77	255	118.838	480.214	31.213	11.054	8.869	42.088
887	66	255	155.621	479.970	30.142	10.718	7.840	97.409
888	73	255	178.267	479.610	30.385	10.048	9.250	155.116
889	39	255	631.731	479.577	22.142	8.380	5.925	134.395
890	59	255	1000.907	478.076	31.213	9.580	7.841	173.171
891	85	255	552.076	475.994	34.627	11.294	9.583	22.298
892	79	255	447.854	473.956	33.556	12.677	7.934	93.712
893	82	255	857.110	474.817	34.627	10.960	9.526	49.102
894	1	255	903.500	479.500	2.828	1.128	1.128	0.000
895	40	255	983.600	475.475	25.799	8.237	6.183	142.611
896	62	255	1170.371	476.016	28.142	9.542	8.273	151.932
897	109	255	197.830	472.610	36.627	12.465	11.133	166.218
898	74	255	1157.514	472.986	30.385	10.411	9.050	109.794
899	90	255	905.567	472.600	45.355	15.188	7.545	179.608
900	38	255	1191.263	473.053	21.556	7.639	6.334	147.965
901	67	255	1211.903	471.679	28.971	9.963	8.562	79.860
902	49	255	657.276	471.031	24.971	8.654	7.209	54.640
903	50	255	466.000	469.940	24.971	8.177	7.786	90.000
904	24	255	147.375	468.833	16.728	6.111	5.001	109.605
905	70	255	975.671	466.729	29.799	10.223	8.718	66.521
906	90	255	287.789	466.311	35.556	13.082	8.759	16.435
907	81	255	581.414	465.290	32.385	11.154	9.246	90.423
908	46	255	892.957	465.304	29.213	9.424	6.215	115.005
909	65	255	920.423	464.346	34.870	10.731	7.712	69.774
910	54	255	1182.352	464.370	35.456	10.254	6.705	132.529
911	93	255	210.962	462.586	36.870	13.581	8.719	29.539
912	79	255	30.234	462.057	32.627	10.626	9.466	143.383
913	65	255	472.069	461.469	29.213	10.241	8.081	71.947
914	46	255	847.674	462.957	25.799	8.371	6.997	150.487
915	139	255	553.910	459.558	45.456	13.578	13.034	122.187
916	58	255	139.310	459.569	28.142	9.303	7.938	92.790
917	68	255	162.250	458.985	29.799	9.880	8.763	69.696
918	81	255	243.401	458.488	32.971	11.344	9.091	80.105
919	74	255	416.176	459.568	30.385	10.284	9.162	168.230
920	61	255	951.861	459.975	28.142	9.337	8.318	5.379
921	77	255	1146.123	458.825	33.213	12.026	8.152	123.612
922	63	255	696.373	457.262	27.799	9.978	8.039	38.878
923	80	255	79.237	456.462	35.213	10.715	9.506	5.634
924	39	255	1172.295	457.654	27.799	8.432	5.889	151.754
925	47	255	1002.777	455.840	24.971	8.497	7.043	125.969
926	57	255	1024.816	455.254	28.385	9.408	7.714	77.024
927	46	255	42.913	455.413	24.142	8.732	6.707	29.540
928	42	255	542.286	455.476	23.314	7.583	7.052	98.949
929	53	255	835.255	452.764	26.971	9.238	7.305	121.267
930	57	255	1115.939	451.991	28.627	9.940	7.301	66.136
931	98	255	133.235	450.571	36.042	11.807	10.568	132.446
932	108	255	438.167	449.296	44.870	16.056	8.565	27.806
933	57	255	575.991	450.360	26.971	9.376	7.741	53.154
934	100	255	119.470	447.920	37.698	14.153	8.996	140.283
935	104	255	558.173	447.923	38.870	11.821	11.202	76.845
936	79	255	259.766	447.766	32.627	10.614	9.477	108.468
937	62	255	600.597	447.387	27.799	9.456	8.348	41.605
938	61	255	761.270	448.057	28.142	9.595	8.095	12.474
939	55	255	142.827	446.936	26.142	8.514	8.225	37.146
940	19	255	772.447	448.553	20.142	6.027	4.014	117.180
941	69	255	1186.486	446.109	30.385	10.253	8.568	101.092
942	46	255	687.152	446.522	24.142	8.311	7.047	31.668
943	80	255	958.925	444.075	31.799	10.943	9.308	45.002
944	88	255	1022.250	444.477	34.385	12.377	9.052	165.443
945	49	255	513.133	443.439	26.385	8.979	6.948	79.399
946	56	255	656.679	443.071	31.213	9.291	7.674	98.398
947	2	255	770.000	447.500	4.243	2.257	1.128	0.000
948	96	255	406.448	440.927	38.284	11.633	10.507	41.028
949	118	255	916.076	441.136	42.042	14.972	10.035	9.345
950	134	255	933.709	439.269	42.627	14.052	12.142	75.682
951	82	255	566.244	440.671	33.799	12.456	8.382	17.695
952	52	255	524.231	438.981	26.971	10.110	6.549	98.338
953	54	255	59.333	438.611	28.385	10.249	6.708	119.773
954	81	255	393.698	437.944	34.870	10.511	9.812	17.238
955	62	255	978.952	439.145	30.385	9.575	8.245	143.607
956	46	255	1126.500	438.870	25.314	9.263	6.323	168.341
957	53	255	754.708	436.783	25.799	8.410	8.024	16.622
958	53	255	967.991	436.840	26.971	9.783	6.898	43.370
959	52	255	1035.442	437.442	25.556	9.052	7.315	5.431
960	74	255	428.932	434.811	31.213	10.399	9.061	25.117
961	72	255	643.569	434.806	30.385	10.672	8.590	122.264
962	76	255	177.513	433.592	32.971	11.623	8.325	30.450
963	82	255	413.061	432.512	33.213	11.743	8.891	56.635
964	63	255	871.135	432.992	28.627	9.834	8.157	64.593
965	75	255	99.780	432.073	30.627	10.434	9.152	124.902
966	74	255	1143.500	432.122	30.971	10.218	9.221	76.916
967	76	255	1069.921	431.158	31.799	11.361	8.517	49.067
968	72	255	1119.361	432.125	30.971	11.010	8.326	2.726
969	91	255	771.566	428.313	34.627	11.675	9.924	132.609
970	92	255	494.011	427.391	34.385	11.329	10.340	114.431
971	71	255	847.739	428.092	30.971	10.523	8.591	104.195
972	70	255	536.257	427.371	31.213	9.659	9.227	62.646
973	38	255	281.500	427.447	22.142	7.105	6.810	161.744
974	46	255	750.870	426.870	25.799	8.121	7.212	146.266
975	71	255	859.739	426.077	30.385	10.291	8.784	65.938
976	43	255	721.826	425.384	27.799	8.659	6.323	110.883
977	63	255	929.373	425.310	30.385	9.549	8.400	135.428
978	67	255	203.261	423.828	30.042	10.637	8.020	137.123
979	41	255	296.085	425.159	22.385	8.026	6.504	27.963
980	19	255	1203.026	426.816	22.142	7.491	3.229	21.810
981	42	255	460.714	424.429	24.385	8.126	6.581	38.439
982	105	255	660.614	423.443	51.698	14.075	9.499	176.951
983	48	255	896.688	424.583	25.556	8.743	6.990	0.167
984	63	255	621.468	422.690	28.385	10.162	7.894	135.390
985	64	255	878.766	422.219	28.627	9.519	8.561	28.887
986	57	255	1095.307	422.816	29.213	9.115	7.962	40.115
987	85	255	1162.500	421.606	45.698	12.814	8.446	43.319
988	61	255	1206.418	421.730	30.385	10.201	7.614	170.418
989	110	255	331.073	419.055	40.284	14.221	9.848	34.914
990	51	255	967.265	420.971	24.971	8.748	7.423	46.458
991	62	255	517.468	419.339	31.799	9.215	8.567	161.330
992	71	255	805.824	419.373	30.385	10.561	8.560	40.370
993	91	255	1043.060	418.808	34.971	11.641	9.953	60.318
994	80	255	649.112	416.387	37.456	10.484	9.716	55.076
995	81	255	760.154	417.920	31.799	11.374	9.067	136.973
996	46	255	769.065	418.870	24.728	8.657	6.766	110.588
997	84	255	837.845	417.750	35.213	12.144	8.807	11.647
998	40	255	786.100	417.550	22.728	7.601	6.700	43.552
999	100	255	345.660	413.870	36.042	11.518	11.054	111.880
1000	88	255	693.420	414.409	34.042	11.421	9.811	158.336
1001	65	255	712.038	414.700	30.627	10.251	8.073	110.051
1002	44	255	728.795	416.227	24.142	8.544	6.557	115.659
1003	109	255	403.142	413.225	37.456	12.234	11.344	119.956
1004	42	255	893.381	413.976	24.728	9.411	5.682	109.607
1005	81	255	1196.525	412.981	32.042	10.877	9.482	8.379
1006	73	255	663.130	410.596	40.870	11.337	8.199	111.945
1007	71	255	1219.556	412.289	30.385	10.712	8.439	49.410
1008	94	255	858.702	411.255	36.385	13.113	9.127	28.354
1009	79	255	566.589	409.677	32.627	10.841	9.278	125.615
1010	2	255	819.000	414.000	5.657	2.596	0.981	135.000
1011	79	255	994.994	410.234	31.799	11.496	8.750	133.589
1012	84	255	118.298	408.476	33.456	10.391	10.293	81.467
1013	51	255	283.069	409.971	24.971	8.201	7.917	66.801
1014	59	255	462.093	408.483	28.385	10.209	7.358	56.950
1015	73	255	640.281	409.212	30.385	9.983	9.311	164.402
1016	40	255	723.750	410.375	22.971	7.621	6.683	103.329
1017	69	255	392.529	408.775	31.799	10.196	8.617	29.812
1018	53	255	417.462	409.575	27.556	9.800	6.886	0.397
1019	69	255	521.268	407.486	29.213	10.988	7.996	144.562
1020	1	255	820.500	411.500	2.828	1.128	1.128	0.000
1021	51	255	959.324	407.971	26.142	8.943	7.261	60.319
1022	38	255	1.974	405.895	26.142	9.887	4.893	86.533
1023	80	255	1114.713	403.975	32.385	10.513	9.689	106.593
1024	1	255	816.500	407.500	2.828	1.128	1.128	0.000
1025	74	255	1076.919	402.541	30.971	10.159	9.274	15.484
1026	74	255	238.676	400.973	34.870	10.099	9.329	7.070
1027	66	255	579.712	401.561	28.627	10.135	8.291	34.034
1028	61	255	57.090	400.500	29.213	10.266	7.565	163.802
1029	1	255	70.500	404.500	2.828	1.128	1.128	0.000
1030	91	255	207.126	399.797	35.213	11.399	10.164	27.506
1031	24	255	742.917	402.375	21.556	6.744	4.531	138.129
1032	82	255	875.415	400.354	33.213	10.858	9.616	168.860
1033	121	255	1125.599	398.723	40.627	14.011	10.996	26.551
1034	72	255	67.639	398.903	31.213	10.473	8.753	96.814
1035	65	255	864.269	399.500	28.971	9.604	8.618	136.369
1036	41	255	14.915	399.354	23.556	7.481	6.978	130.269
1037	46	255	682.326	398.609	24.971	8.445	6.935	94.300
1038	54	255	962.741	399.352	26.971	10.276	6.691	14.175
1039	74	255	101.270	397.973	31.556	11.060	8.519	3.441
1040	86	255	643.570	396.930	33.213	11.558	9.474	156.765
1041	114	255	222.140	394.746	38.870	12.946	11.212	100.788
1042	76	255	630.013	394.737	31.799	11.531	8.392	96.768
1043	84	255	807.536	395.238	34.385	12.607	8.484	88.076
1044	69	255	937.616	395.601	34.627	9.947	8.832	88.124
1045	71	255	1099.739	396.275	29.799	10.038	9.006	162.620
1046	53	255	820.142	395.047	25.556	8.638	7.812	39.285
1047	60	255	910.867	393.417	27.556	10.326	7.398	5.512
1048	57	255	972.658	393.377	28.971	10.245	7.084	1.451
1049	65	255	212.931	390.854	31.213	9.805	8.441	113.057
1050	85	255	235.782	391.276	34.042	11.429	9.469	1.911
1051	270	255	948.207	384.281	75.497	21.042	16.337	12.848
1052	57	255	961.623	390.728	27.799	9.179	7.907	124.823
1053	49	255	1165.337	391.908	26.385	9.777	6.381	155.602
1054	82	255	89.805	387.146	35.456	13.573	7.692	62.070
1055	72	255	250.583	387.667	31.213	11.100	8.259	16.057
1056	1	255	493.500	391.500	2.828	1.128	1.128	0.000
1057	97	255	555.325	386.644	35.213	11.581	10.664	119.577
1058	83	255	796.789	386.187	34.385	12.725	8.305	74.750
1059	55	255	1022.227	388.245	26.971	9.029	7.756	32.988
1060	43	255	1195.872	388.314	22.971	8.161	6.709	179.978
1061	75	255	448.073	386.260	31.213	10.905	8.757	137.959
1062	72	255	496.861	386.125	39.698	10.554	8.686	149.358
1063	78	255	663.141	386.282	32.385	10.152	9.782	98.052
1064	107	255	733.762	384.266	39.213	14.426	9.444	98.165
1065	55	255	1072.918	386.936	26.971	8.720	8.031	33.657
1066	63	255	865.516	385.690	33.213	9.875	8.123	27.762
1067	20	255	1032.350	387.400	20.971	5.881	4.330	21.537
1068	65	255	19.038	384.331	29.213	9.612	8.610	66.197
1069	71	255	753.430	383.120	36.284	10.015	9.026	134.335
1070	64	255	1036.422	380.969	34.627	10.593	7.692	80.068
1071	76	255	708.211	381.816	32.627	10.587	9.140	74.972
1072	41	255	535.500	382.500	22.142	7.892	6.615	134.999
1073	195	255	1052.638	377.003	65.012	17.620	14.091	174.972
1074	47	255	1179.798	381.564	24.142	8.283	7.224	171.829
1075	88	255	398.193	378.307	33.799	11.501	9.743	81.404
1076	73	255	693.445	378.966	30.385	10.181	9.130	94.995
1077	51	255	828.029	377.402	26.385	8.939	7.264	14.181
1078	103	255	259.102	375.228	36.042	12.229	10.724	18.281
1079	61	255	777.074	375.418	28.142	9.393	8.269	95.337
1080	76	255	309.197	374.382	30.971	10.630	9.103	160.954
1081	59	255	809.941	374.331	27.556	9.592	7.831	66.962
1082	57	255	1078.044	375.377	27.799	9.433	7.693	176.206
1083	23	255	744.065	373.326	24.385	8.418	3.479	99.560
1084	17	255	934.912	375.559	20.385	6.205	3.488	148.755
1085	86	255	179.105	372.174	33.799	12.465	8.785	179.991
1086	50	255	1096.580	372.820	26.042	8.758	7.269	41.758
1087	2	255	741.000	374.500	4.243	2.257	1.128	0.000
1088	115	255	926.030	367.987	40.627	14.523	10.082	83.397
1089	19	255	958.974	371.921	20.142	6.251	3.870	116.745
1090	73	255	1024.103	370.952	31.213	11.733	7.922	165.529
1091	62	255	787.887	369.516	28.142	9.737	8.107	110.458
1092	54	255	817.852	368.722	33.456	10.342	6.648	44.634
1093	80	255	1071.112	368.212	31.799	10.501	9.700	132.416
1094	59	255	736.314	368.347	28.142	9.833	7.640	21.002
1095	71	255	1088.261	367.275	29.799	10.282	8.792	152.234
1096	68	255	675.544	366.441	34.042	9.717	8.911	133.774
1097	56	255	832.304	366.839	28.971	10.175	7.008	169.901
1098	54	255	939.407	366.185	27.799	9.084	7.569	105.174
1099	2	255	957.000	369.000	5.657	2.596	0.981	135.000
1100	87	255	1137.201	365.374	34.385	12.470	8.883	9.894
1101	62	255	75.177	362.742	28.385	9.916	7.961	97.193
1102	76	255	1151.368	363.855	32.385	10.768	8.987	175.817
1103	114	255	706.711	360.404	44.284	14.710	9.867	54.653
1104	92	255	948.109	360.967	35.213	11.452	10.229	94.886
1105	38	255	1063.579	363.711	23.556	8.062	6.002	147.177
1106	43	255	1097.547	362.593	33.213	8.703	6.291	103.958
1107	77	255	1117.110	362.084	36.284	11.762	8.335	30.383
1108	83	255	120.331	360.307	33.799	12.017	8.794	97.339
1109	67	255	1035.799	361.604	29.799	10.716	7.961	40.083
1110	57	255	87.079	360.851	28.627	10.776	6.735	159.668
1111	127	255	721.854	355.988	43.698	16.364	9.881	63.817
1112	85	255	324.476	357.676	33.456	11.054	9.791	132.090
1113	70	255	830.143	358.614	31.213	10.898	8.178	152.875
1114	499	255	851.334	346.662	99.397	28.254	22.487	69.280
1115	2	255	1093.500	362.000	4.828	2.257	1.128	90.000
1116	58	255	661.069	356.621	30.042	10.840	6.813	129.816
1117	42	255	792.095	358.071	23.799	7.732	6.916	145.580
1118	73	255	391.952	356.459	30.385	10.371	8.962	154.575
1119	76	255	869.579	356.079	35.799	11.306	8.559	48.915
1120	76	255	1210.947	356.224	32.627	11.179	8.656	137.284
1121	75	255	96.940	354.167	31.213	10.275	9.294	125.329
1122	64	255	459.328	354.594	28.385	9.561	8.522	46.628
1123	69	255	505.688	354.196	30.385	10.271	8.554	80.166
1124	103	255	544.296	353.238	38.042	13.945	9.404	43.886
1125	76	255	355.921	352.539	31.213	10.261	9.430	142.199
1126	65	255	695.808	353.638	29.213	10.919	7.580	139.971
1127	63	255	1202.484	353.087	28.385	9.381	8.551	125.177
1128	45	255	783.856	353.300	30.971	8.570	6.686	57.906
1129	45	255	929.922	352.633	34.042	9.498	6.032	112.225
1130	22	255	1.318	351.318	20.485	8.794	3.185	90.417
1131	74	255	606.135	350.730	30.627	10.992	8.571	36.363
1132	60	255	1070.683	351.250	27.799	10.296	7.420	42.382
1133	62	255	1024.065	350.468	32.042	9.717	8.124	5.557
1134	60	255	1118.867	350.750	28.385	9.974	7.659	172.037
1135	56	255	113.661	349.018	28.627	9.797	7.278	112.615
1136	79	255	306.310	347.816	33.799	12.759	7.884	109.266
1137	73	255	1107.788	349.007	30.971	10.500	8.852	57.232
1138	61	255	640.811	348.369	28.971	9.980	7.782	81.431
1139	87	255	711.477	347.477	39.698	11.939	9.278	135.176
1140	85	255	805.653	347.724	33.799	11.485	9.423	62.902
1141	44	255	1052.455	349.886	24.728	8.662	6.468	142.703
1142	58	255	369.845	347.672	28.385	9.611	7.684	144.476
1143	67	255	1177.485	346.396	29.799	9.758	8.742	135.256
1144	82	255	297.524	343.744	34.042	11.651	8.961	107.849
1145	102	255	746.725	344.402	37.213	12.484	10.403	125.189
1146	76	255	1083.526	344.513	31.799	11.290	8.571	69.300
1147	61	255	795.861	344.566	28.142	9.138	8.499	81.265
1148	65	255	886.654	343.777	29.213	9.317	8.883	143.337
1149	68	255	1165.721	344.897	30.142	10.278	8.424	7.339
1150	69	255	40.790	343.181	30.627	10.330	8.505	162.042
1151	69	255	214.659	341.645	29.213	10.267	8.557	122.133
1152	48	255	555.396	343.000	25.556	9.639	6.340	179.119
1153	26	255	725.077	343.615	28.971	8.938	3.704	156.736
1154	89	255	1097.893	340.860	34.627	12.561	9.022	155.692
1155	92	255	203.880	338.946	35.213	12.670	9.245	113.433
1156	56	255	364.339	340.857	26.971	9.360	7.618	14.274
1157	56	255	924.893	340.893	27.213	8.943	7.973	23.440
1158	42	255	707.976	339.286	25.799	7.678	6.965	110.345
1159	57	255	680.079	339.009	26.971	9.166	7.918	37.605
1160	115	255	833.091	336.726	38.042	12.578	11.641	34.363
1161	108	255	1074.380	336.454	38.627	12.468	11.029	67.023
1162	66	255	1142.348	338.712	28.971	9.762	8.608	51.700
1163	68	255	448.721	336.662	29.213	10.329	8.382	120.234
1164	1	255	721.500	341.500	2.828	1.128	1.128	0.000
1165	75	255	505.233	335.913	31.799	9.997	9.552	92.386
1166	50	255	700.720	336.340	26.385	8.941	7.120	110.847
1167	24	255	946.958	337.875	19.314	7.467	4.092	105.043
1168	57	255	1176.816	336.149	28.971	10.094	7.190	49.066
1169	96	255	100.052	334.292	36.627	12.284	9.950	176.736
1170	51	255	778.363	335.716	33.799	9.200	7.058	123.483
1171	40	255	882.825	336.625	22.971	8.338	6.108	174.757
1172	87	255	937.891	333.006	34.627	13.015	8.511	121.963
1173	94	255	29.426	332.649	34.627	11.320	10.573	167.870
1174	1	255	943.500	337.500	2.828	1.128	1.128	0.000
1175	156	255	1093.795	331.519	70.669	20.438	9.719	159.114
1176	60	255	1214.950	333.983	28.385	9.516	8.028	13.018
1177	80	255	177.463	332.200	32.042	11.142	9.142	146.439
1178	97	255	462.830	330.191	38.385	14.733	8.383	101.310
1179	44	255	712.523	332.841	23.556	7.943	7.053	48.747
1180	40	255	797.600	332.625	23.556	7.599	6.702	68.564
1181	59	255	548.992	330.212	28.042	9.531	7.882	138.886
1182	57	255	887.219	330.412	28.971	10.130	7.165	41.030
1183	50	255	1164.240	331.260	26.385	9.153	6.955	8.018
1184	83	255	1196.030	330.187	33.556	12.767	8.278	178.938
1185	48	255	955.083	329.583	30.971	8.183	7.469	1.005
1186	4	255	1223.500	331.000	8.828	4.514	1.128	90.000
1187	42	255	600.286	328.357	23.556	7.630	7.008	6.391
1188	72	255	1183.347	327.653	30.142	10.021	9.148	134.996
1189	71	255	273.782	326.092	30.627	9.913	9.119	21.070
1190	47	255	790.053	324.883	26.142	10.484	5.708	79.977
1191	49	255	898.459	325.929	24.728	8.639	7.221	109.656
1192	47	255	920.840	325.883	24.971	8.307	7.204	96.813
1193	104	255	1074.452	324.606	37.556	12.691	10.434	39.907
1194	66	255	77.803	324.318	30.385	10.436	8.052	58.454
1195	66	255	162.864	325.030	29.556	10.768	7.804	26.175
1196	38	255	699.105	325.684	34.627	8.367	5.783	174.934
1197	76	255	426.000	323.500	30.971	11.212	8.631	145.879
1198	29	255	708.672	325.534	21.556	6.804	5.427	174.586
1199	91	255	1063.357	322.225	34.385	10.942	10.589	108.901
1200	80	255	1086.550	323.250	32.385	11.947	8.526	160.283
1201	30	255	1215.400	325.233	26.385	7.935	4.814	149.393
1202	66	255	185.273	322.318	28.971	10.511	7.995	135.846
1203	91	255	728.291	321.500	34.385	11.631	9.962	72.693
1204	92	255	568.043	320.196	35.456	12.119	9.666	42.483
1205	88	255	23.841	320.102	34.385	10.890	10.288	10.598
1206	65	255	304.100	319.562	29.213	10.067	8.221	25.017
1207	42	255	935.190	320.262	23.556	7.842	6.820	51.125
1208	77	255	146.032	316.201	35.799	14.315	6.849	88.815
1209	68	255	278.985	317.838	30.042	9.529	9.086	43.584
1210	86	255	690.849	316.360	36.042	13.263	8.256	51.329
1211	58	255	871.293	319.052	28.385	9.731	7.589	149.149
1212	68	255	908.735	318.971	30.385	10.391	8.332	170.789
1213	58	255	11.259	317.052	27.799	9.707	7.607	105.321
1214	72	255	602.861	316.528	31.213	10.433	8.787	87.140
1215	48	255	772.292	316.667	27.556	10.157	6.017	80.898
1216	69	255	851.312	316.572	28.971	9.658	9.096	133.704
1217	61	255	1164.516	316.959	30.385	9.647	8.051	178.291
1218	40	255	702.325	314.375	41.113	7.833	6.502	99.057
1219	60	255	917.817	314.500	28.971	8.938	8.548	98.867
1220	1	255	697.500	317.500	2.828	1.128	1.128	0.000
1221	68	255	229.265	312.529	29.556	9.425	9.186	50.535
1222	78	255	376.077	312.410	31.556	11.062	8.978	32.882
1223	95	255	160.721	309.953	36.627	12.933	9.352	92.565
1224	106	255	446.160	310.047	37.799	12.600	10.711	93.374
1225	74	255	311.203	309.595	30.385	10.158	9.275	163.426
1226	46	255	1118.717	310.196	24.971	8.055	7.271	127.284
1227	89	255	35.331	307.893	34.385	11.318	10.012	25.926
1228	48	255	1095.833	309.375	28.971	8.318	7.348	146.906
1229	70	255	967.186	307.057	30.627	11.108	8.023	132.141
1230	67	255	360.888	306.694	29.799	9.474	9.005	12.725
1231	46	255	670.804	307.217	24.971	9.232	6.344	13.802
1232	59	255	908.483	307.076	28.142	9.426	7.970	30.373
1233	66	255	931.000	304.712	29.213	9.794	8.580	0.000
1234	51	255	940.422	304.363	24.971	8.824	7.359	86.675
1235	74	255	437.581	299.095	30.971	10.022	9.401	91.593
1236	48	255	612.000	300.500	24.142	8.633	7.079	154.209
1237	72	255	676.694	299.444	30.385	9.940	9.223	164.383
1238	100	255	86.590	296.620	36.627	12.004	10.607	111.060
1239	66	255	1210.455	298.576	30.042	10.460	8.034	22.949
1240	69	255	836.674	298.355	30.385	11.161	7.871	6.881
1241	67	255	457.470	296.530	28.971	9.442	9.035	134.993
1242	77	255	531.279	295.877	31.799	11.182	8.768	69.744
1243	95	255	226.068	294.037	35.213	11.664	10.370	68.716
1244	68	255	584.338	295.691	29.556	9.693	8.932	140.998
1245	56	255	860.625	295.554	26.728	9.475	7.526	94.563
1246	61	255	1140.107	294.664	28.971	10.712	7.251	69.315
1247	55	255	726.882	294.936	26.385	9.249	7.572	155.684
1248	73	255	979.705	294.103	76.669	14.714	6.317	159.478
1249	96	255	1173.875	293.552	35.799	11.499	10.630	95.872
1250	52	255	961.712	292.269	25.799	8.487	7.801	107.200
1251	50	255	999.800	292.700	24.971	8.417	7.564	27.881
1252	96	255	211.635	290.521	35.799	12.142	10.067	128.520
1253	83	255	620.681	291.319	34.627	12.843	8.229	37.920
1254	76	255	816.276	291.079	31.213	10.214	9.474	136.088
1255	28	255	1198.321	293.643	28.971	8.337	4.276	19.343
1256	51	255	489.539	290.775	25.799	8.470	7.667	169.605
1257	84	255	1126.857	290.214	34.042	11.306	9.460	148.372
1258	55	255	900.445	289.918	26.971	9.164	7.641	153.900
1259	101	255	102.629	286.619	37.799	13.366	9.621	172.211
1260	67	255	240.291	286.336	30.385	10.016	8.517	72.084
1261	99	255	348.763	285.237	36.627	11.422	11.036	171.276
1262	88	255	633.011	285.455	34.042	11.658	9.611	121.309
1263	46	255	877.587	286.152	27.799	9.297	6.300	104.810
1264	66	255	1111.242	286.242	28.971	9.338	8.999	31.346
1265	83	255	1205.042	285.693	53.941	11.055	9.559	2.337
1266	81	255	524.809	284.327	34.284	11.003	9.373	122.363
1267	1	255	979.500	288.500	2.828	1.128	1.128	0.000
1268	59	255	1060.398	284.788	28.385	9.520	7.891	161.760
1269	97	255	148.562	282.552	35.213	11.713	10.544	36.844
1270	73	255	44.801	281.048	30.627	10.753	8.644	54.325
1271	68	255	495.412	281.029	29.799	9.924	8.724	55.717
1272	81	255	221.920	280.562	33.556	12.951	7.963	177.762
1273	16	255	448.250	283.125	13.899	4.841	4.208	165.128
1274	75	255	11.167	277.633	32.385	12.211	7.820	64.751
1275	56	255	94.625	278.411	27.799	9.813	7.266	142.708
1276	58	255	504.793	278.431	26.971	9.297	7.943	110.133
1277	83	255	812.512	277.367	34.627	11.290	9.361	128.161
1278	34	255	1025.265	279.324	31.456	6.834	6.335	65.098
1279	102	255	787.078	275.755	35.799	12.467	10.417	84.473
1280	50	255	1166.540	277.980	25.799	9.112	6.986	28.858
1281	59	255	338.992	276.992	28.385	9.691	7.752	175.378
1282	50	255	694.020	276.000	31.213	9.576	6.648	134.298
1283	54	255	858.537	274.074	26.385	9.054	7.594	171.624
1284	87	255	1195.914	271.983	33.213	10.784	10.272	119.450
1285	99	255	903.854	269.934	62.426	14.353	8.782	115.044
1286	45	255	1147.211	272.900	24.142	8.378	6.839	89.830
1287	64	255	143.609	270.609	28.385	9.161	8.895	134.990
1288	65	255	884.392	269.392	28.385	10.124	8.175	45.000
1289	187	255	253.067	265.944	55.941	19.577	12.162	11.249
1290	1	255	897.500	270.500	2.828	1.128	1.128	0.000
1291	58	255	535.638	264.638	27.799	8.883	8.314	135.000
1292	2	255	897.500	268.000	4.828	2.257	1.128	90.000
1293	83	255	235.669	262.259	33.799	12.144	8.702	147.935
1294	124	255	1117.226	255.927	48.184	16.470	9.586	65.221
1295	96	255	1183.281	255.583	59.941	12.850	9.512	100.525
1296	61	255	111.730	256.926	27.799	10.101	7.689	138.414
1297	57	255	576.430	255.026	27.556	10.174	7.133	30.319
1298	1	255	1180.500	258.500	2.828	1.128	1.128	0.000
1299	52	255	595.981	254.269	26.142	8.869	7.465	152.504
1300	69	255	235.703	252.428	30.385	9.745	9.016	173.286
1301	92	255	269.163	251.272	34.627	11.618	10.082	134.756
1302	108	255	762.889	250.537	38.042	12.505	10.996	0.579
1303	67	255	125.351	250.396	29.556	9.484	8.995	49.321
1304	54	255	843.519	250.148	29.456	9.642	7.131	137.805
1305	74	255	309.041	248.973	32.627	10.686	8.817	37.595
1306	83	255	321.127	248.693	32.385	10.814	9.772	41.813
1307	79	255	777.057	249.348	31.799	10.215	9.847	15.867
1308	100	255	220.630	247.240	37.698	12.152	10.477	40.197
1309	44	255	888.795	249.477	26.971	8.204	6.828	19.942
1310	90	255	286.389	245.778	36.042	11.813	9.701	37.774
1311	82	255	175.549	244.549	34.627	11.013	9.480	171.819
1312	43	255	28.616	244.174	24.142	8.444	6.484	67.442
1313	62	255	86.694	243.500	28.142	9.597	8.226	90.000
1314	62	255	464.919	243.403	27.556	9.849	8.015	118.956
1315	118	255	1110.339	242.449	40.042	13.920	10.793	167.037
1316	50	255	537.620	243.480	25.799	9.448	6.738	148.899
1317	97	255	1004.397	241.675	35.213	11.677	10.577	131.345
1318	63	255	1174.310	242.786	28.385	9.376	8.555	37.678
1319	56	255	277.089	240.339	26.971	9.104	7.832	82.219
1320	161	255	1214.531	239.307	61.113	20.409	10.044	176.175
1321	68	255	266.809	238.868	29.799	10.735	8.065	124.598
1322	50	255	794.400	239.460	25.556	9.126	6.976	71.868
1323	72	255	299.472	237.111	31.213	10.561	8.680	60.437
1324	93	255	115.586	235.586	34.627	12.105	9.782	45.000
1325	68	255	184.706	235.294	29.556	10.401	8.324	45.001
1326	86	255	429.058	234.872	33.456	11.762	9.309	164.705
1327	67	255	702.858	235.515	29.799	10.195	8.368	27.679
1328	81	255	326.302	233.068	34.042	11.875	8.685	50.705
1329	68	255	1047.324	234.544	29.213	9.836	8.802	178.297
1330	67	255	1182.306	234.261	28.971	9.436	9.040	72.654
1331	183	255	293.178	226.757	56.184	20.559	11.334	114.165
1332	65	255	368.038	233.054	30.627	10.961	7.550	47.379
1333	71	255	251.993	232.627	30.385	10.233	8.834	24.740
1334	51	255	451.147	233.029	26.385	8.144	7.974	42.034
1335	84	255	68.607	229.512	33.799	11.229	9.525	81.052
1336	57	255	51.974	229.675	27.556	9.112	7.964	59.280
1337	54	255	142.463	229.574	26.142	9.368	7.340	103.242
1338	86	255	413.163	228.988	33.556	10.718	10.216	145.093
1339	60	255	422.567	227.667	28.971	9.559	7.992	106.905
1340	63	255	609.595	227.976	29.456	9.301	8.625	62.537
1341	59	255	645.246	228.364	27.556	9.371	8.016	105.657
1342	42	255	1116.357	229.452	22.971	8.064	6.631	154.165
1343	57	255	122.693	228.149	26.971	9.242	7.853	162.135
1344	80	255	82.425	225.987	32.627	10.400	9.794	122.394
1345	65	255	569.700	226.346	28.385	9.535	8.680	52.262
1346	85	255	738.359	226.006	33.213	11.225	9.641	150.032
1347	60	255	828.483	226.933	31.213	9.019	8.470	20.678
1348	42	255	1219.833	227.762	28.971	8.143	6.567	161.765
1349	55	255	272.191	224.882	26.385	8.731	8.020	148.440
1350	49	255	323.316	224.153	25.556	9.397	6.640	3.251
1351	62	255	749.177	222.710	28.728	9.516	8.295	100.072
1352	75	255	347.140	220.740	31.213	10.549	9.052	37.612
1353	52	255	616.365	221.731	25.799	8.870	7.464	163.917
1354	50	255	260.860	221.580	26.971	8.682	7.333	17.036
1355	1	255	1220.500	223.500	2.828	1.128	1.128	0.000
1356	60	255	243.267	218.583	30.042	10.029	7.617	160.025
1357	46	255	714.239	219.109	24.385	8.253	7.096	114.564
1358	181	255	327.489	214.793	53.598	16.581	13.899	3.537
1359	31	255	640.339	218.694	20.142	7.326	5.388	161.311
1360	97	255	524.026	214.418	37.799	13.749	8.983	99.943
1361	65	255	60.715	215.546	29.213	9.998	8.278	147.785
1362	85	255	190.876	215.359	34.042	11.280	9.595	161.417
1363	11	255	282.591	217.864	11.071	4.384	3.195	74.929
1364	68	255	310.809	215.294	30.728	11.185	7.740	61.468
1365	119	255	676.324	212.870	44.527	15.187	9.976	131.090
1366	99	255	217.157	213.318	36.627	11.701	10.772	47.260
1367	97	255	275.407	213.438	35.799	11.529	10.712	47.951
1368	66	255	702.000	213.348	28.971	10.170	8.263	73.045
1369	70	255	974.786	212.714	29.799	10.217	8.724	112.994
1370	37	255	1101.311	214.797	22.142	7.768	6.065	131.906
1371	62	255	610.468	212.452	29.556	10.177	7.757	35.812
1372	61	255	911.139	212.025	28.971	10.257	7.572	85.839
1373	52	255	744.019	211.404	29.213	9.655	6.857	62.953
1374	72	255	920.889	209.931	30.627	10.010	9.158	168.983
1375	68	255	225.941	208.779	30.385	10.478	8.263	79.957
1376	57	255	756.746	210.465	39.213	10.132	7.163	0.898
1377	119	255	687.912	205.828	40.870	15.095	10.037	54.145
1378	57	255	732.377	209.149	26.971	9.154	7.928	13.793
1379	62	255	1134.613	208.323	31.213	9.613	8.212	129.200
1380	61	255	1220.156	208.516	28.142	9.718	7.992	67.931
1381	82	255	114.549	206.549	32.385	11.469	9.103	20.859
1382	56	255	239.107	206.643	26.971	9.208	7.744	97.751
1383	64	255	263.094	206.625	28.627	9.703	8.398	10.440
1384	83	255	318.440	204.584	35.698	11.384	9.283	40.571
1385	71	255	1185.697	206.261	30.627	10.293	8.783	0.155
1386	91	255	56.225	204.973	36.627	12.701	9.122	174.389
1387	137	255	650.566	205.230	49.456	18.832	9.263	168.755
1388	23	255	902.674	206.543	20.142	7.252	4.038	99.720
1389	57	255	991.833	205.868	26.728	8.925	8.132	128.776
1390	21	255	898.214	205.643	17.314	6.577	4.065	97.913
1391	50	255	622.380	203.600	26.142	8.663	7.348	70.466
1392	80	255	252.425	202.200	32.627	10.877	9.365	164.714
1393	50	255	675.640	202.580	25.799	8.454	7.530	174.433
1394	70	255	610.671	199.586	39.213	10.184	8.751	159.131
1395	74	255	1164.554	199.392	31.556	10.091	9.337	152.038
1396	48	255	1080.250	199.479	26.971	8.713	7.014	15.566
1397	52	255	1174.558	198.058	27.799	10.383	6.376	64.199
1398	96	255	291.990	196.302	35.456	13.161	9.287	141.252
1399	107	255	72.360	196.790	39.213	14.711	9.261	6.595
1400	105	255	273.643	194.595	38.042	12.907	10.358	68.684
1401	78	255	313.397	195.038	34.042	11.008	9.022	99.996
1402	88	255	919.875	195.023	33.213	11.052	10.138	160.927
1403	79	255	223.259	194.310	32.627	11.228	8.959	177.097
1404	70	255	262.329	193.771	29.799	10.094	8.829	109.744
1405	97	255	650.861	192.923	35.213	11.836	10.435	98.435
1406	80	255	733.050	194.100	31.799	10.970	9.285	139.098
1407	67	255	1014.709	195.172	29.556	10.097	8.448	178.944
1408	93	255	777.790	192.339	35.213	11.037	10.728	118.621
1409	82	255	1148.780	193.866	33.213	11.921	8.758	177.741
1410	89	255	118.792	191.287	33.799	11.414	9.928	107.985
1411	65	255	241.346	192.085	29.799	10.342	8.003	108.283
1412	81	255	514.278	192.685	33.799	12.440	8.290	25.930
1413	51	255	799.578	192.696	28.627	8.860	7.329	61.100
1414	73	255	283.733	190.322	31.213	10.147	9.160	131.871
1415	57	255	724.096	187.921	27.213	9.121	7.957	87.873
1416	64	255	1162.250	188.250	38.042	9.618	8.472	37.372
1417	70	255	747.571	186.914	29.799	10.420	8.553	58.350
1418	84	255	1122.702	187.095	33.799	10.796	9.907	137.710
1419	57	255	763.412	186.079	30.385	9.105	7.971	179.129
1420	63	255	165.294	184.532	27.799	9.378	8.553	41.905
1421	95	255	252.942	182.711	35.213	12.371	9.777	2.024
1422	64	255	268.578	183.766	28.385	9.792	8.322	145.867
1423	75	255	636.847	183.447	30.385	10.181	9.379	171.700
1424	49	255	936.439	182.908	27.799	9.085	6.868	109.395
1425	63	255	1138.802	182.230	28.627	9.803	8.183	21.009
1426	80	255	466.950	181.475	33.799	11.659	8.736	21.031
1427	67	255	612.396	181.396	29.556	9.967	8.559	45.000
1428	74	255	1185.959	180.878	31.213	10.598	8.890	146.830
1429	65	255	76.346	180.700	28.385	9.535	8.680	37.738
1430	76	255	212.276	180.368	32.627	12.611	7.673	153.561
1431	53	255	673.311	180.991	27.213	9.976	6.765	141.086
1432	65	255	884.162	180.023	28.971	10.337	8.006	91.789
1433	67	255	978.858	180.888	28.971	10.926	7.808	157.898
1434	85	255	1106.276	180.147	33.213	10.692	10.122	165.210
1435	114	255	173.658	176.860	40.385	15.212	9.542	92.570
1436	71	255	198.585	178.669	31.213	10.798	8.372	102.894
1437	51	255	735.069	179.441	27.213	8.691	7.471	131.333
1438	53	255	91.670	178.009	26.385	8.642	7.808	79.485
1439	41	255	457.256	178.915	22.971	7.745	6.740	80.667
1440	101	255	689.559	177.381	37.456	11.554	11.130	15.316
1441	34	255	1000.647	178.853	40.042	7.898	5.481	115.474
1442	73	255	1041.870	178.021	30.627	11.287	8.235	136.327
1443	54	255	297.889	177.889	25.556	8.594	8.000	45.000
1444	92	255	323.707	175.348	43.113	12.123	9.662	143.313
1445	44	255	723.114	176.523	23.556	8.162	6.864	167.421
1446	80	255	806.962	174.000	32.385	12.127	8.399	93.635
1447	107	255	1019.724	174.921	37.213	13.102	10.398	178.118
1448	46	255	1218.109	176.370	25.213	9.800	5.976	168.743
1449	61	255	120.566	174.369	28.971	10.339	7.512	88.686
1450	58	255	439.724	175.534	28.142	10.087	7.321	14.295
1451	50	255	775.060	175.340	25.556	8.887	7.163	13.040
1452	72	255	857.306	172.444	30.385	9.940	9.223	15.617
1453	63	255	240.532	170.929	28.728	10.733	7.473	82.641
1454	56	255	960.339	169.589	28.385	9.334	7.639	123.479
1455	65	255	989.931	170.131	28.971	10.131	8.169	2.855
1456	80	255	252.625	167.975	31.799	10.355	9.837	100.810
1457	69	255	1055.877	167.717	36.042	10.282	8.545	155.781
1458	65	255	1168.054	167.315	28.627	10.222	8.096	31.300
1459	65	255	208.823	166.377	30.627	9.888	8.370	6.268
1460	67	255	440.336	165.037	29.799	10.655	8.007	65.733
1461	51	255	1072.069	165.971	24.971	8.201	7.917	66.801
1462	91	255	333.808	163.731	35.213	11.417	10.148	22.225
1463	77	255	729.591	163.448	31.799	11.553	8.486	69.715
1464	80	255	183.875	162.112	32.385	10.806	9.426	29.343
1465	86	255	766.884	162.070	33.556	12.706	8.618	176.515
1466	68	255	161.956	160.794	32.042	10.344	8.370	173.310
1467	66	255	702.652	157.561	29.799	10.727	7.834	137.907
1468	62	255	271.516	155.435	27.799	9.699	8.139	40.988
1469	54	255	630.037	156.111	26.142	8.861	7.759	42.901
1470	60	255	201.750	153.767	27.799	9.503	8.039	97.693
1471	57	255	319.167	155.272	26.971	9.998	7.259	35.753
1472	55	255	343.991	154.427	27.556	9.280	7.547	37.698
1473	56	255	902.125	154.571	28.385	9.318	7.652	107.771
1474	58	255	335.534	152.241	29.556	10.016	7.373	68.913
1475	65	255	1110.454	150.377	28.385	9.453	8.755	3.986
1476	83	255	280.837	148.560	34.042	10.526	10.040	77.414
1477	96	255	326.094	148.583	36.627	11.657	10.486	177.942
1478	67	255	148.978	147.575	31.213	10.512	8.115	43.210
1479	84	255	973.060	145.607	32.627	10.577	10.111	62.488
1480	51	255	993.108	146.402	27.799	8.999	7.216	122.673
1481	77	255	601.435	145.019	32.042	11.390	8.608	137.055
1482	29	255	346.155	146.293	26.971	10.226	3.611	143.861
1483	59	255	1008.686	145.263	28.385	9.410	7.983	2.793
1484	68	255	199.500	144.000	29.213	11.140	7.772	164.608
1485	74	255	1171.689	143.635	46.284	11.583	8.134	140.559
1486	67	255	13.694	143.157	29.799	10.411	8.194	4.414
1487	91	255	335.269	140.566	35.456	11.759	9.853	45.654
1488	47	255	737.564	140.287	24.142	8.294	7.215	96.164
1489	14	255	344.929	140.786	15.314	5.991	2.975	159.864
1490	69	255	626.761	138.196	29.556	9.812	8.954	38.195
1491	50	255	690.900	139.100	24.971	8.199	7.765	45.004
1492	89	255	877.073	137.152	35.213	12.766	8.876	67.877
1493	102	255	914.520	135.892	36.042	12.983	10.003	126.246
1494	87	255	714.454	135.029	35.456	12.487	8.871	157.147
1495	111	255	989.428	133.500	56.184	18.235	7.750	146.724
1496	71	255	681.190	132.345	29.799	10.122	8.931	178.086
1497	80	255	60.487	131.250	32.042	10.737	9.487	30.075
1498	65	255	659.115	130.900	28.971	9.993	8.282	101.872
1499	34	255	1068.676	132.559	31.213	7.758	5.580	115.175
1500	66	255	1200.803	130.545	36.042	10.244	8.203	109.995
1501	45	255	18.744	130.633	24.142	9.066	6.320	33.073
1502	103	255	709.005	126.976	42.284	12.814	10.234	130.894
1503	71	255	1061.148	127.711	31.799	10.310	8.768	97.232
1504	59	255	217.619	127.822	27.799	9.448	7.951	146.195
1505	53	255	856.123	126.349	26.385	9.067	7.442	58.950
1506	65	255	1084.192	126.592	28.971	9.758	8.481	58.483
1507	66	255	310.379	124.530	29.799	11.065	7.595	108.379
1508	94	255	888.383	124.128	36.042	13.418	8.920	51.289
1509	69	255	983.167	124.906	34.042	10.005	8.781	15.540
1510	67	255	320.500	123.754	29.799	9.405	9.070	158.508
1511	95	255	80.953	122.795	36.627	12.923	9.360	171.718
1512	117	255	176.842	122.654	42.627	14.769	10.087	178.544
1513	53	255	971.330	123.179	43.698	11.893	5.674	132.313
1514	113	255	1094.367	122.031	39.213	12.237	11.758	123.871
1515	61	255	575.746	122.156	28.971	11.068	7.017	27.709
1516	94	255	910.436	119.351	36.627	12.162	9.840	113.791
1517	71	255	1037.683	119.866	29.799	10.078	8.970	72.510
1518	100	255	363.540	118.490	36.042	11.843	10.751	30.272
1519	91	255	994.951	116.533	33.799	11.536	10.043	112.975
1520	70	255	467.214	116.857	30.142	10.786	8.263	17.752
1521	58	255	923.293	116.414	29.556	10.542	7.005	10.028
1522	153	255	1123.618	111.402	51.355	18.438	10.565	61.838
1523	56	255	353.089	114.536	26.971	8.768	8.132	68.948
1524	74	255	383.135	113.500	30.971	11.494	8.197	77.343
1525	83	255	1028.584	111.452	32.870	10.971	9.633	135.513
1526	72	255	1103.097	112.319	29.799	10.417	8.801	15.678
1527	73	255	342.322	111.842	30.971	10.085	9.216	1.063
1528	64	255	176.000	111.547	30.385	11.152	7.307	179.127
1529	110	255	400.091	108.736	38.284	12.351	11.340	61.618
1530	401	255	851.572	99.824	96.569	24.844	20.551	99.799
1531	101	255	959.272	109.381	36.042	11.991	10.725	34.248
1532	68	255	560.147	108.632	29.799	10.062	8.604	28.531
1533	80	255	732.175	107.913	31.213	10.303	9.886	133.764
1534	30	255	1171.633	108.567	31.213	7.157	5.337	156.144
1535	69	255	286.891	106.572	29.799	10.207	8.607	147.081
1536	100	255	495.540	105.380	35.213	11.992	10.617	42.467
1537	44	255	1220.864	106.705	24.728	7.589	7.382	125.396
1538	99	255	701.025	104.419	37.456	14.328	8.797	144.358
1539	47	255	888.330	105.585	25.799	8.892	6.730	91.843
1540	70	255	783.814	103.786	30.042	9.528	9.354	132.646
1541	126	255	349.389	100.190	49.698	16.805	9.546	124.396
1542	192	255	335.927	96.016	55.456	21.873	11.177	80.283
1543	87	255	577.822	101.155	33.799	10.838	10.221	2.129
1544	75	255	771.727	101.260	30.971	10.261	9.307	7.892
1545	81	255	1134.932	100.759	32.385	11.063	9.323	135.365
1546	115	255	324.935	97.917	39.799	13.391	10.935	59.363
1547	95	255	270.637	97.742	37.213	13.214	9.153	107.630
1548	104	255	564.923	98.346	36.870	11.658	11.359	100.666
1549	70	255	828.643	99.171	29.799	9.783	9.110	118.470
1550	96	255	198.000	96.573	37.213	13.609	8.982	70.410
1551	66	255	1012.091	96.591	43.698	13.911	6.041	107.576
1552	71	255	525.162	95.317	31.799	11.420	7.916	88.960
1553	93	255	407.134	94.629	34.385	11.870	9.976	62.142
1554	103	255	220.956	92.675	37.456	12.529	10.467	109.170
1555	103	255	1196.578	92.869	36.042	11.638	11.268	81.492
1556	26	255	1128.192	95.269	26.971	7.104	4.660	140.176
1557	162	255	29.204	90.432	49.941	19.045	10.831	154.741
1558	69	255	583.036	91.486	35.213	10.119	8.682	122.674
1559	70	255	896.543	91.629	29.556	9.832	9.065	49.922
1560	44	255	1054.023	91.205	29.213	8.945	6.263	95.281
1561	55	255	260.355	90.736	25.799	9.116	7.682	166.485
1562	64	255	1101.656	90.594	34.042	10.508	7.755	148.646
1563	65	255	592.654	89.900	29.556	10.152	8.152	143.180
1564	86	255	1114.884	89.070	33.799	10.668	10.264	170.081
1565	70	255	184.029	87.800	30.627	10.556	8.443	144.928
1566	155	255	1166.971	86.494	48.527	16.424	12.016	23.536
1567	62	255	569.065	87.161	29.213	9.256	8.529	85.672
1568	67	255	618.649	87.276	29.799	9.428	9.048	130.067
1569	63	255	693.262	87.944	32.627	9.849	8.145	23.994
1570	48	255	348.375	86.604	24.385	7.966	7.672	55.768
1571	86	255	465.965	85.756	36.042	13.168	8.316	33.933
1572	71	255	999.852	86.458	29.799	10.061	8.985	19.586
1573	235	255	451.040	77.126	76.912	20.838	14.359	106.666
1574	74	255	810.730	84.865	30.627	10.899	8.645	134.992
1575	95	255	979.574	84.732	36.042	13.046	9.272	160.071
1576	172	255	1129.267	82.180	50.527	19.580	11.185	147.442
1577	49	255	5.786	84.602	25.799	8.198	7.610	49.379
1578	83	255	286.801	84.199	32.385	10.769	9.814	45.004
1579	1	255	844.500	88.500	2.828	1.128	1.128	0.000
1580	27	255	845.278	82.611	35.698	7.954	4.322	148.235
1581	77	255	329.331	81.188	31.799	10.650	9.206	90.841
1582	46	255	501.609	81.109	24.971	8.297	7.059	71.345
1583	74	255	524.514	79.986	30.385	10.293	9.154	113.960
1584	82	255	959.976	79.793	32.627	10.917	9.563	122.587
1585	58	255	1154.017	79.828	29.799	10.031	7.362	69.831
1586	43	255	587.058	80.058	23.799	8.276	6.616	134.999
1587	91	255	602.203	78.269	33.799	11.314	10.241	74.215
1588	69	255	1021.891	77.819	28.971	10.326	8.508	84.069
1589	58	255	191.966	77.845	27.799	8.974	8.229	167.275
1590	50	255	1007.860	77.460	25.799	9.185	6.931	54.506
1591	61	255	258.762	74.008	27.799	9.766	7.953	80.218
1592	67	255	298.769	73.918	29.213	9.678	8.815	111.878
1593	88	255	582.523	72.011	34.042	10.967	10.217	95.792
1594	57	255	975.886	73.605	27.799	8.940	8.118	97.108
1595	75	255	29.047	71.513	32.971	10.699	8.925	84.739
1596	27	255	278.426	73.944	18.485	6.803	5.054	113.290
1597	71	255	775.782	72.585	30.142	9.718	9.302	130.877
1598	47	255	1049.245	73.245	25.799	8.200	7.298	140.376
1599	61	255	1164.713	73.254	33.556	11.077	7.012	156.679
1600	83	255	561.946	70.584	33.799	11.344	9.316	93.402
1601	70	255	347.957	69.100	33.456	13.611	6.548	51.605
1602	36	255	594.278	70.833	21.556	7.035	6.515	154.452
1603	75	255	616.207	69.340	31.213	10.099	9.455	21.650
1604	57	255	764.623	68.640	27.799	9.079	7.993	123.330
1605	37	255	1114.095	69.851	26.385	7.782	6.053	4.787
1606	52	255	180.750	67.731	26.385	8.698	7.612	58.928
1607	78	255	481.167	66.526	33.213	11.534	8.610	54.233
1608	87	255	1194.695	64.730	33.213	11.671	9.491	26.011
1609	62	255	635.581	64.113	28.385	9.352	8.441	151.024
1610	18	255	278.778	65.444	15.314	5.025	4.561	87.027
1611	49	255	603.500	63.867	25.799	8.952	6.969	119.859
1612	75	255	692.047	63.167	31.799	10.453	9.136	25.370
1613	75	255	784.580	61.527	31.799	11.018	8.667	87.449
1614	89	255	904.466	60.938	36.385	12.733	8.899	95.819
1615	104	255	30.971	60.519	37.213	12.539	10.561	32.834
1616	63	255	362.119	61.817	28.971	9.450	8.488	47.802
1617	50	255	1053.940	62.120	26.971	8.370	7.606	18.612
1618	74	255	449.270	59.932	31.213	10.761	8.755	54.045
1619	73	255	272.459	58.678	31.213	10.093	9.209	42.761
1620	85	255	509.159	58.829	32.627	10.732	10.085	26.089
1621	54	255	597.463	59.407	27.213	9.737	7.061	128.960
1622	56	255	285.321	58.750	27.556	9.376	7.605	82.742
1623	76	255	417.105	58.553	31.799	10.474	9.239	165.479
1624	55	255	432.300	59.664	39.456	12.920	5.420	18.205
1625	94	255	467.340	55.989	36.042	12.023	9.955	50.608
1626	71	255	978.810	56.796	30.385	10.306	8.771	73.170
1627	37	255	1094.770	58.932	24.971	7.566	6.226	133.905
1628	40	255	1123.825	58.825	22.971	7.530	6.764	11.976
1629	60	255	385.683	56.617	28.142	9.382	8.143	90.195
1630	82	255	556.171	55.500	32.042	11.079	9.424	123.332
1631	98	255	951.959	54.296	36.627	13.220	9.438	74.379
1632	77	255	1180.604	53.474	44.870	10.680	9.180	77.628
1633	91	255	617.632	53.104	34.385	11.122	10.417	151.933
1634	84	255	777.905	52.929	32.385	10.780	9.921	139.174
1635	252	255	439.591	43.492	77.841	29.435	10.900	111.603
1636	62	255	582.274	52.661	28.385	9.437	8.365	54.958
1637	48	255	918.938	53.396	24.971	8.607	7.101	142.759
1638	102	255	22.745	48.873	38.627	13.674	9.498	83.952
1639	82	255	630.305	50.939	32.385	11.098	9.407	125.380
1640	66	255	1080.015	51.439	29.213	9.502	8.844	18.243
1641	76	255	453.842	49.961	32.627	10.621	9.111	162.311
1642	70	255	800.014	50.329	30.971	10.061	8.859	34.355
1643	78	255	1067.500	50.333	31.799	10.688	9.292	169.419
1644	79	255	377.019	49.487	33.456	11.957	8.412	151.764
1645	77	255	268.604	48.578	31.799	11.173	8.775	15.922
1646	55	255	1168.882	47.555	28.385	9.387	7.461	129.766
1647	104	255	402.567	45.135	36.627	11.928	11.101	98.571
1648	56	255	1138.964	46.839	26.971	8.701	8.194	166.755
1649	82	255	485.061	44.573	32.971	10.588	9.860	7.953
1650	56	255	1090.804	45.071	28.971	9.003	7.920	18.427
1651	65	255	913.069	43.608	29.799	10.319	8.020	44.725
1652	1	255	1104.500	47.500	2.828	1.128	1.128	0.000
1653	3	255	363.167	46.167	5.657	2.365	1.615	135.000
1654	71	255	778.500	42.683	30.142	9.764	9.259	123.719
1655	30	255	970.700	43.767	32.627	8.497	4.495	138.530
1656	2	255	1180.000	46.500	4.243	2.257	1.128	0.000
1657	92	255	89.739	40.913	34.627	12.105	9.677	156.331
1658	76	255	704.329	41.066	31.799	11.350	8.526	130.755
1659	74	255	943.703	41.378	31.799	10.479	8.991	12.462
1660	46	255	958.087	42.370	24.385	8.147	7.189	35.623
1661	64	255	430.312	40.016	29.799	10.006	8.144	128.716
1662	109	255	452.876	38.867	37.456	12.369	11.220	133.809
1663	103	255	308.141	38.141	37.799	11.937	10.986	44.201
1664	173	255	296.338	33.835	52.042	19.934	11.050	77.163
1665	46	255	769.848	39.522	24.142	8.311	7.047	148.332
1666	1	255	966.500	41.500	2.828	1.128	1.128	0.000
1667	71	255	217.176	36.204	30.627	10.743	8.415	11.496
1668	46	255	327.804	37.087	25.556	9.126	6.418	54.703
1669	83	255	1068.801	36.018	33.213	10.999	9.608	144.839
1670	65	255	35.869	34.946	29.799	10.469	7.905	68.575
1671	51	255	502.206	35.775	25.799	8.858	7.330	54.941
1672	55	255	1049.173	35.282	27.213	8.928	7.844	76.120
1673	13	255	1223.192	35.962	19.657	8.620	1.920	93.459
1674	52	255	755.577	34.596	26.971	9.284	7.131	152.383
1675	77	255	1090.084	34.461	31.213	10.827	9.055	168.270
1676	81	255	639.759	33.068	32.385	10.644	9.689	66.720
1677	57	255	834.851	33.798	26.971	8.908	8.147	81.309
1678	77	255	252.474	30.136	30.971	10.471	9.363	70.785
1679	53	255	434.594	30.632	25.556	9.251	7.294	81.242
1680	78	255	951.756	30.577	46.870	11.291	8.796	168.786
1681	98	255	624.235	25.337	39.456	15.143	8.240	86.683
1682	67	255	179.873	27.082	30.627	10.945	7.794	54.109
1683	68	255	236.382	27.632	31.213	11.530	7.509	32.012
1684	73	255	486.541	25.938	30.385	10.959	8.481	129.677
1685	79	255	556.462	26.348	32.385	11.793	8.529	24.114
1686	62	255	744.065	26.274	28.971	9.588	8.233	89.459
1687	86	255	1041.349	24.465	32.971	11.576	9.459	170.985
1688	39	255	1193.782	25.628	35.456	9.053	5.485	148.030
1689	86	255	224.512	22.302	33.799	11.863	9.230	82.269
1690	59	255	962.534	23.263	30.870	9.886	7.599	108.941
1691	65	255	311.469	20.915	29.213	9.859	8.394	110.393
1692	81	255	519.636	19.586	33.213	12.258	8.413	66.547
1693	57	255	659.465	22.167	27.556	9.837	7.378	150.365
1694	57	255	636.482	19.693	43.113	9.364	7.751	102.496
1695	104	255	676.654	19.250	36.971	11.640	11.376	137.883
1696	70	255	942.214	19.757	31.213	10.100	8.824	100.724
1697	72	255	1211.708	19.875	30.385	10.748	8.529	117.971
1698	42	255	1029.952	20.167	41.698	8.437	6.338	157.170
1699	71	255	150.528	18.317	32.627	10.093	8.957	154.219
1700	1	255	957.500	22.500	2.828	1.128	1.128	0.000
1701	72	255	953.708	18.014	34.042	11.005	8.330	159.937
1702	32	255	372.281	17.438	21.799	6.708	6.074	78.263
1703	59	255	292.992	15.297	27.556	9.082	8.271	68.658
1704	109	255	537.161	13.197	38.284	12.557	11.052	98.353
1705	76	255	615.197	15.158	32.627	11.361	8.518	163.174
1706	102	255	1119.882	12.706	36.627	13.006	9.986	83.304
1707	53	255	1066.858	14.066	25.799	8.676	7.778	174.527
1708	78	255	650.526	11.872	31.799	10.539	9.423	85.148
1709	99	255	1133.995	12.237	38.042	14.841	8.493	157.311
1710	77	255	77.799	9.591	31.799	10.928	8.972	34.569
1711	92	255	109.533	10.076	34.971	11.459	10.222	19.128
1712	234	255	699.962	4.889	70.184	20.483	14.545	10.932
1713	33	255	871.864	12.530	22.142	9.235	4.550	161.359
1714	60	255	972.000	10.283	28.627	9.137	8.361	10.633
1715	63	255	365.357	9.389	29.799	10.441	7.683	123.928
1716	61	255	795.926	8.811	28.971	10.376	7.485	52.657
1717	73	255	266.390	7.555	30.971	9.867	9.420	19.220
1718	78	255	561.936	6.308	32.385	11.312	8.780	78.479
1719	115	255	618.935	4.839	41.456	15.952	9.179	42.011
1720	97	255	663.201	5.057	35.799	12.432	9.934	76.084
1721	72	255	254.583	5.097	30.971	10.070	9.104	77.045
1722	57	255	1156.553	5.360	27.556	9.121	7.957	93.623
1723	61	255	978.500	3.402	30.627	9.138	8.499	156.855
1724	66	255	1095.061	2.439	29.556	10.811	7.773	8.572
1725	67	255	1146.724	2.799	28.971	10.205	8.359	178.240
1726	73	255	539.692	2.267	32.728	12.344	7.530	171.735
1727	36	255	653.250	1.333	22.728	8.438	5.432	10.236
1728	9	255	271.167	-0.167	13.071	5.643	2.031	3.170
1729	9	255	1189.167	-0.167	13.071	5.643	2.031	3.170
