 	Area	Mean	XM	YM	Perim.	Major	Minor	Angle
1	71	255	665.077	898.232	30.971	10.767	8.396	110.676
2	28	255	1156.893	901.286	21.314	8.814	4.045	7.670
3	68	255	53.191	881.456	29.799	9.963	8.690	153.493
4	68	255	323.706	873.471	29.799	10.863	7.971	138.324
5	90	255	620.500	863.000	34.385	11.164	10.264	0.000
6	64	255	583.828	853.750	29.556	11.067	7.363	21.298
7	67	255	800.963	830.052	29.556	10.798	7.901	65.393
8	100	255	788.440	827.350	36.870	12.918	9.857	77.377
9	70	255	560.000	812.500	30.971	12.034	7.406	69.660
10	52	255	1045.288	802.615	31.799	10.496	6.308	133.335
11	51	255	469.637	789.657	27.213	10.532	6.166	140.473
12	72	255	1141.111	783.958	30.971	11.066	8.285	14.332
13	71	255	1061.768	779.486	30.971	9.822	9.204	76.235
14	34	255	230.529	776.265	20.971	7.303	5.928	53.080
15	59	255	594.178	768.466	27.556	10.339	7.266	172.356
16	78	255	98.321	755.115	33.799	12.357	8.037	114.158
17	56	255	976.696	756.411	26.971	9.690	7.359	91.623
18	75	255	1158.753	755.900	32.042	11.943	7.996	139.905
19	33	255	800.500	756.530	22.971	6.914	6.077	48.527
20	47	255	916.543	756.670	26.971	9.301	6.434	23.683
21	57	255	882.798	748.535	27.556	10.057	7.216	6.988
22	38	255	939.789	740.763	31.799	7.324	6.606	120.383
23	69	255	795.790	707.181	30.627	11.034	7.962	21.514
24	37	255	1020.176	706.392	22.385	8.695	5.418	146.734
25	92	255	137.467	663.326	34.870	12.390	9.454	48.101
26	78	255	210.231	656.974	32.971	12.154	8.171	12.256
27	53	255	1186.406	655.274	37.456	9.380	7.194	27.047
28	42	255	1015.833	653.429	23.556	9.140	5.851	40.080
29	73	255	16.993	650.130	32.385	12.379	7.508	83.693
30	81	255	929.278	649.981	32.627	10.936	9.431	7.967
31	75	255	534.127	645.660	31.799	11.159	8.557	104.307
32	67	255	338.813	631.828	29.213	9.793	8.711	97.410
33	61	255	616.549	606.779	28.627	10.656	7.288	52.057
34	66	255	993.318	600.015	44.284	12.479	6.734	91.833
35	44	255	922.977	595.386	30.627	8.116	6.903	113.806
36	61	255	498.500	593.500	27.799	9.731	7.981	127.750
37	70	255	465.586	562.171	31.556	12.369	7.206	94.714
38	41	255	478.720	564.280	22.728	7.770	6.719	45.001
39	39	255	354.885	560.705	24.385	9.803	5.065	118.107
40	74	255	1073.378	560.257	31.213	11.274	8.357	12.279
41	69	255	698.312	557.630	50.184	13.343	6.584	172.771
42	57	255	853.570	552.149	26.971	9.072	8.000	174.241
43	68	255	928.912	548.588	30.385	10.980	7.885	82.506
44	98	255	1200.051	526.796	35.799	13.063	9.552	25.734
45	86	255	865.163	519.500	35.213	12.900	8.488	80.761
46	67	255	672.097	505.246	29.556	10.577	8.065	7.918
47	47	255	895.755	498.755	23.799	8.248	7.255	134.998
48	61	255	982.074	498.057	28.971	10.681	7.271	119.816
49	77	255	701.500	492.500	31.213	10.802	9.076	8.350
50	58	255	206.293	484.086	27.213	8.653	8.534	63.435
51	70	255	302.843	479.700	31.213	11.591	7.689	0.377
52	35	255	491.986	475.014	29.213	8.148	5.469	117.564
53	39	255	361.808	469.731	25.799	7.987	6.217	82.854
54	89	255	666.781	458.848	35.456	13.428	8.439	142.739
55	57	255	3.026	456.851	28.971	11.175	6.494	72.810
56	67	255	78.336	440.724	29.799	11.695	7.294	157.755
57	50	255	335.140	440.000	24.971	8.189	7.774	90.000
58	78	255	1148.667	438.654	32.971	11.736	8.462	75.597
59	76	255	837.039	430.724	31.799	11.739	8.243	87.465
60	83	255	709.657	429.753	33.213	11.857	8.913	74.718
61	68	255	675.603	411.897	30.042	11.462	7.554	44.112
62	60	255	468.483	409.567	27.799	9.724	7.856	48.388
63	55	255	1160.027	395.445	26.971	10.572	6.624	21.839
64	84	255	1193.036	392.202	33.213	11.866	9.014	54.653
65	63	255	1026.690	388.357	28.971	11.254	7.127	172.519
66	74	255	1104.986	379.014	31.213	11.100	8.488	130.210
67	58	255	749.500	375.362	28.385	11.005	6.711	99.510
68	73	255	191.486	374.801	31.799	11.168	8.323	91.041
69	80	255	331.913	371.350	33.213	11.390	8.943	143.911
70	66	255	424.652	367.152	29.799	9.907	8.482	51.450
71	83	255	180.307	361.789	32.627	11.950	8.843	110.267
72	69	255	326.268	353.978	31.213	10.580	8.304	78.912
73	69	255	817.862	338.732	29.799	10.826	8.115	150.427
74	64	255	779.828	336.812	28.385	10.155	8.024	101.862
75	59	255	854.737	323.025	29.213	10.849	6.925	57.637
76	69	255	1093.949	317.051	30.142	10.787	8.144	104.238
77	68	255	608.941	310.941	30.385	10.988	7.880	163.236
78	64	255	1184.438	310.469	28.385	9.167	8.890	116.565
79	40	255	500.325	296.900	23.556	8.700	5.854	61.865
80	82	255	344.329	292.561	32.627	11.287	9.250	122.314
81	55	255	954.173	252.336	38.627	9.918	7.061	175.773
82	73	255	1097.500	245.651	31.213	10.878	8.544	93.270
83	63	255	627.516	237.071	29.213	9.541	8.408	56.716
84	51	255	742.029	236.931	24.971	8.201	7.917	23.199
85	85	255	436.900	230.453	33.213	12.269	8.821	50.567
86	72	255	263.889	207.333	30.385	10.115	9.063	155.834
87	53	255	997.802	205.236	25.799	9.365	7.206	52.484
88	81	255	696.426	202.846	33.799	12.144	8.493	90.579
89	32	255	489.344	194.812	21.556	8.543	4.769	137.498
90	55	255	884.409	188.864	36.385	10.279	6.812	78.222
91	55	255	503.100	177.555	27.799	9.507	7.366	89.461
92	96	255	904.344	159.396	36.042	12.949	9.440	40.058
93	58	255	460.569	139.552	27.799	10.745	6.873	45.811
94	55	255	941.918	134.373	26.385	9.845	7.113	178.200
95	78	255	124.808	115.051	31.799	11.299	8.790	42.309
96	89	255	959.006	106.792	35.213	13.150	8.617	27.325
97	50	255	1015.660	105.040	24.971	8.754	7.272	51.782
98	73	255	156.623	81.856	31.799	11.496	8.085	25.679
99	64	255	516.547	80.453	28.385	9.607	8.482	45.002
100	31	255	1210.403	80.145	23.314	9.754	4.047	177.619
101	65	255	40.408	69.592	28.971	9.259	8.938	88.679
102	88	255	364.250	57.091	34.042	11.990	9.345	109.229
103	37	255	296.905	40.203	26.627	9.337	5.045	142.271
104	73	255	149.952	36.938	31.213	11.485	8.093	49.490
105	86	255	514.907	37.116	34.971	13.133	8.338	7.056
106	54	255	3.296	30.574	26.142	9.239	7.442	87.328
107	73	255	529.445	31.116	36.627	11.798	7.878	10.867
108	55	255	502.227	27.973	30.385	11.282	6.207	179.839
109	62	255	539.935	22.806	28.385	10.135	7.789	100.736
110	91	255	40.929	18.104	34.627	12.442	9.312	120.675
