 	Area	Mean	XM	YM	Perim.	Major	Minor	Angle
1	72	255	32.583	898.194	31.799	10.850	8.449	13.349
2	64	255	269.500	898.422	28.385	9.580	8.506	145.156
3	56	255	456.714	899.875	28.142	9.600	7.427	178.111
4	46	255	481.457	899.130	25.556	9.013	6.498	47.649
5	88	255	515.330	898.477	35.213	11.602	9.657	23.795
6	83	255	544.452	897.825	32.627	11.582	9.124	152.497
7	24	255	644.000	901.167	19.556	8.084	3.780	180.000
8	99	255	823.338	899.864	45.213	17.070	7.384	178.378
9	18	255	845.222	901.444	15.899	6.402	3.580	171.046
10	20	255	980.150	901.550	19.314	7.112	3.581	176.122
11	37	255	1021.932	900.662	22.485	8.725	5.399	2.755
12	22	255	1038.000	901.136	16.485	6.573	4.261	180.000
13	70	255	1084.871	898.514	29.799	10.156	8.775	144.948
14	9	255	1119.833	901.056	13.314	4.843	2.366	54.217
15	45	255	1148.122	900.233	28.728	8.981	6.380	2.098
16	57	255	1178.447	899.096	27.556	10.336	7.022	39.613
17	26	255	1217.500	900.846	29.799	7.749	4.272	9.389
18	57	255	397.956	897.289	38.042	10.289	7.053	104.537
19	27	255	422.907	899.130	21.556	7.011	4.903	124.404
20	49	255	438.133	896.949	26.385	8.679	7.189	48.271
21	71	255	868.204	895.585	30.971	9.699	9.321	145.176
22	50	255	851.880	895.060	25.556	9.339	6.817	47.782
23	39	255	383.423	894.090	25.213	8.914	5.571	41.247
24	48	255	838.312	892.667	25.799	9.253	6.605	119.230
25	73	255	406.185	891.158	32.627	12.619	7.366	36.670
26	64	255	1007.500	891.312	29.799	11.037	7.383	50.015
27	83	255	330.102	888.669	34.385	12.545	8.424	95.490
28	52	255	430.519	890.885	33.213	10.252	6.458	143.219
29	58	255	1038.776	890.431	27.213	10.162	7.267	132.518
30	56	255	1220.107	890.286	28.142	9.864	7.228	105.986
31	68	255	504.118	889.250	30.042	11.611	7.457	137.956
32	49	255	627.153	890.663	24.728	8.649	7.214	162.648
33	86	255	551.302	887.244	33.213	11.052	9.908	167.098
34	39	255	953.577	888.603	22.142	7.361	6.746	26.417
35	29	255	133.672	887.879	19.314	6.884	5.363	94.740
36	29	255	139.328	887.121	19.314	6.884	5.363	94.740
37	24	255	374.458	888.208	17.314	5.766	5.299	68.962
38	32	255	396.656	887.156	27.556	6.897	5.907	167.419
39	57	255	64.570	885.851	26.971	9.542	7.606	148.567
40	61	255	418.074	885.500	28.627	11.195	6.938	144.180
41	45	255	449.722	886.456	29.799	8.626	6.642	173.390
42	36	255	1190.889	885.722	22.728	9.032	5.075	120.643
43	57	255	942.886	884.535	26.385	8.890	8.164	80.591
44	53	255	96.104	883.972	26.385	9.372	7.200	142.001
45	41	255	111.793	884.500	23.556	7.675	6.802	32.111
46	94	255	567.670	881.521	35.213	12.153	9.848	144.375
47	72	255	402.139	879.778	35.456	10.180	9.005	172.725
48	35	255	987.157	881.557	20.728	7.127	6.253	101.943
49	21	255	386.786	880.357	19.899	6.172	4.332	64.135
50	21	255	474.786	881.786	16.728	5.647	4.735	26.442
51	90	255	513.511	877.911	34.627	11.854	9.667	35.095
52	166	255	82.337	874.651	62.426	17.228	12.268	27.073
53	32	255	214.156	878.062	20.971	7.221	5.643	106.401
54	43	255	492.640	878.012	24.385	8.184	6.690	68.718
55	42	255	1071.786	878.452	23.556	7.859	6.804	113.225
56	37	255	660.311	877.446	24.385	7.009	6.721	33.869
57	39	255	1160.038	876.936	22.142	8.428	5.892	18.337
58	20	255	1222.650	874.700	18.485	7.868	3.236	87.172
59	34	255	136.912	874.059	22.385	6.829	6.339	97.228
60	39	255	155.731	875.090	22.728	8.158	6.087	156.090
61	50	255	440.500	873.860	35.213	10.571	6.022	177.589
62	1	255	479.500	876.500	2.828	1.128	1.128	0.000
63	56	255	604.821	872.464	29.213	9.300	7.667	132.810
64	43	255	486.523	871.709	26.627	8.514	6.430	54.101
65	83	255	714.608	871.030	33.799	11.519	9.174	30.801
66	40	255	1018.200	871.250	23.556	8.792	5.793	68.746
67	54	255	554.056	870.630	26.971	9.929	6.925	56.310
68	37	255	1028.338	871.689	22.728	7.729	6.095	160.253
69	40	255	266.050	871.225	22.728	8.359	6.093	178.670
70	41	255	685.866	870.671	22.971	7.838	6.661	13.868
71	43	255	870.988	870.523	24.142	8.604	6.363	24.959
72	73	255	115.760	868.103	31.213	9.999	9.296	30.486
73	43	255	425.686	869.453	23.556	7.678	7.131	119.692
74	35	255	451.443	869.614	20.971	6.685	6.666	26.565
75	77	255	1192.123	867.565	31.213	10.098	9.709	2.875
76	60	255	44.833	867.867	27.799	9.926	7.697	163.303
77	31	255	71.210	868.790	19.314	6.387	6.179	45.004
78	58	255	463.569	867.690	27.899	9.702	7.612	85.629
79	48	255	497.479	868.312	25.556	8.250	7.408	59.858
80	46	255	838.000	867.761	25.213	8.775	6.674	48.377
81	23	255	90.109	866.065	23.556	8.274	3.539	46.147
82	36	255	181.500	866.194	22.142	8.169	5.611	107.289
83	63	255	989.024	865.373	29.213	10.145	7.907	44.166
84	73	255	805.459	862.952	30.385	10.371	8.962	115.425
85	48	255	1047.062	863.500	34.042	8.631	7.081	36.459
86	26	255	1220.731	864.808	20.971	6.553	5.052	40.535
87	58	255	32.121	862.983	28.385	9.017	8.190	20.988
88	32	255	531.438	864.312	20.728	6.926	5.883	21.255
89	56	255	96.857	860.304	27.556	9.652	7.387	69.271
90	51	255	443.853	860.794	25.556	9.000	7.215	129.816
91	48	255	545.667	860.604	24.385	7.981	7.657	12.028
92	69	255	561.109	859.891	30.971	11.069	7.937	103.565
93	72	255	595.958	860.514	30.971	10.401	8.814	29.265
94	52	255	654.327	859.596	26.627	9.054	7.312	50.163
95	62	255	777.081	858.968	33.456	10.628	7.428	36.747
96	56	255	1207.071	859.304	31.213	9.538	7.475	89.463
97	51	255	501.265	858.069	26.385	9.053	7.173	122.189
98	1	255	85.500	861.500	2.828	1.128	1.128	0.000
99	58	255	1061.966	857.586	27.799	9.064	8.147	92.289
100	44	255	456.659	856.409	25.799	8.907	6.290	85.273
101	54	255	704.500	858.000	26.971	10.823	6.353	0.000
102	42	255	81.286	855.595	24.971	8.326	6.423	82.594
103	1	255	87.500	859.500	2.828	1.128	1.128	0.000
104	60	255	111.867	856.100	27.799	10.383	7.358	151.215
105	51	255	386.402	855.539	26.385	9.660	6.722	150.047
106	26	255	432.808	856.654	20.142	6.556	5.049	31.399
107	33	255	1034.106	856.379	21.556	7.411	5.670	103.974
108	67	255	1129.142	854.813	30.627	11.036	7.730	140.316
109	55	255	947.118	854.282	31.799	8.826	7.934	77.812
110	2	255	86.500	857.000	4.828	2.257	1.128	90.000
111	56	255	1159.554	854.107	26.971	9.880	7.217	34.208
112	53	255	487.745	852.406	27.213	8.807	7.662	12.024
113	81	255	720.833	851.290	33.213	11.251	9.166	77.935
114	57	255	857.009	852.026	28.385	10.228	7.096	62.204
115	76	255	636.618	849.395	31.799	11.536	8.388	67.723
116	1	255	452.500	853.500	2.828	1.128	1.128	0.000
117	53	255	553.594	849.462	31.213	9.316	7.243	33.117
118	33	255	576.985	850.439	22.971	7.640	5.499	106.957
119	57	255	1117.974	849.132	32.627	9.566	7.586	58.890
120	84	255	84.143	843.845	57.598	16.130	6.631	69.806
121	94	255	98.372	846.894	35.698	11.782	10.158	140.645
122	57	255	195.096	847.781	30.971	9.178	7.907	124.436
123	46	255	395.587	847.109	26.971	9.030	6.486	119.286
124	25	255	502.780	848.140	20.142	7.066	4.505	15.422
125	60	255	563.583	845.917	28.042	9.093	8.402	77.361
126	35	255	996.900	846.129	23.799	8.246	5.404	103.204
127	66	255	1011.545	844.788	31.213	11.871	7.079	89.533
128	77	255	1215.630	845.851	33.456	10.683	9.177	43.215
129	73	255	459.390	845.829	31.799	11.131	8.350	164.349
130	47	255	1036.032	845.713	24.385	8.516	7.027	26.463
131	1	255	1101.500	849.500	2.828	1.128	1.128	0.000
132	76	255	298.697	844.092	31.213	10.202	9.485	132.338
133	73	255	763.664	844.815	31.213	11.270	8.248	156.076
134	60	255	803.967	844.700	34.385	8.949	8.536	72.871
135	41	255	908.720	844.817	22.971	8.459	6.171	57.621
136	85	255	1056.300	843.724	34.627	12.771	8.475	140.993
137	34	255	1104.588	845.882	20.971	7.342	5.896	41.781
138	27	255	119.833	845.426	18.728	6.513	5.278	1.460
139	75	255	967.793	843.273	31.799	11.296	8.453	129.890
140	52	255	696.615	843.019	29.799	9.767	6.779	158.404
141	48	255	779.104	842.875	26.385	8.575	7.127	61.042
142	55	255	1072.973	842.936	25.556	9.093	7.702	138.596
143	55	255	1199.555	842.718	27.213	8.620	8.124	83.404
144	1	255	390.500	845.500	2.828	1.128	1.128	0.000
145	69	255	535.268	839.993	29.799	10.921	8.045	51.903
146	48	255	958.000	840.812	26.971	7.843	7.792	78.307
147	55	255	584.518	840.245	28.142	10.251	6.831	17.170
148	60	255	745.900	838.983	28.971	11.016	6.935	66.181
149	74	255	549.027	837.689	32.627	12.620	7.466	41.761
150	29	255	664.776	839.397	19.556	6.608	5.587	48.491
151	94	255	789.149	836.830	36.284	13.556	8.829	49.809
152	40	255	68.500	839.000	22.485	7.847	6.491	161.565
153	72	255	59.819	834.833	30.627	9.889	9.270	144.489
154	43	255	694.523	835.570	24.971	8.155	6.714	77.167
155	27	255	807.500	837.167	20.385	6.715	5.120	25.921
156	52	255	849.712	837.135	26.728	10.378	6.380	6.754
157	49	255	1003.582	834.398	34.627	8.934	6.983	105.626
158	87	255	1099.592	832.075	33.799	11.804	9.384	96.890
159	72	255	111.764	832.000	31.213	10.960	8.365	128.435
160	61	255	206.877	832.123	28.385	10.110	7.682	111.611
161	79	255	874.968	831.601	32.627	11.530	8.724	131.628
162	41	255	272.573	832.354	22.728	7.814	6.680	42.562
163	69	255	761.471	831.471	30.142	9.879	8.893	49.970
164	79	255	623.589	829.386	44.284	11.360	8.855	75.567
165	42	255	639.929	829.881	23.799	8.241	6.489	54.032
166	78	255	593.103	828.410	30.971	10.777	9.216	161.292
167	51	255	727.637	829.382	26.385	8.850	7.337	154.570
168	85	255	775.135	827.947	32.971	10.530	10.277	61.428
169	85	255	1013.865	828.276	35.213	13.775	7.857	34.107
170	51	255	1165.578	828.657	26.385	9.758	6.655	63.641
171	58	255	676.741	825.172	28.385	10.063	7.338	58.364
172	12	255	845.750	828.083	11.899	4.424	3.453	122.067
173	47	255	1132.415	825.372	24.385	8.313	7.199	92.780
174	75	255	74.473	824.287	31.213	10.149	9.409	136.397
175	48	255	223.208	825.000	25.556	8.655	7.062	24.084
176	52	255	996.096	824.192	26.627	8.651	7.653	58.292
177	26	255	1052.385	825.154	17.899	6.787	4.877	60.533
178	35	255	324.271	823.329	22.142	7.950	5.606	83.151
179	65	255	704.331	821.685	29.799	11.202	7.388	42.909
180	35	255	790.814	822.329	20.728	7.449	5.983	108.257
181	44	255	955.500	822.227	25.556	8.750	6.402	52.482
182	56	255	521.018	820.161	28.627	10.561	6.751	47.234
183	42	255	725.786	821.571	26.971	8.333	6.417	165.178
184	37	255	563.743	820.581	21.556	7.218	6.527	47.467
185	47	255	900.798	819.649	25.799	8.433	7.096	127.729
186	41	255	939.549	820.646	22.728	8.233	6.341	41.495
187	45	255	1027.967	819.589	24.142	9.103	6.294	99.859
188	41	255	1209.500	820.256	22.142	7.258	7.193	0.000
189	42	255	8.143	818.714	23.556	8.018	6.669	140.581
190	58	255	916.500	818.000	26.971	8.926	8.274	162.191
191	39	255	1004.654	816.756	24.971	8.811	5.636	68.409
192	42	255	267.619	817.500	23.556	7.989	6.694	117.415
193	37	255	762.014	817.311	22.971	7.481	6.298	14.174
194	2	255	1052.000	820.500	4.243	2.257	1.128	0.000
195	59	255	505.941	815.398	27.556	9.816	7.653	64.301
196	55	255	778.064	816.791	37.456	11.231	6.235	14.824
197	57	255	803.061	814.465	26.971	8.992	8.071	68.804
198	44	255	812.614	814.909	28.385	8.514	6.580	105.923
199	21	255	926.262	815.071	18.728	5.985	4.468	92.797
200	72	255	965.931	814.056	31.799	12.209	7.508	49.078
201	80	255	422.212	812.638	32.042	10.713	9.508	120.841
202	61	255	731.254	813.566	36.627	11.000	7.061	117.051
203	67	255	988.500	813.560	28.971	9.389	9.086	90.000
204	32	255	60.688	813.938	20.142	6.911	5.895	144.809
205	72	255	530.028	812.764	30.385	10.154	9.028	177.070
206	47	255	560.266	812.926	23.556	8.155	7.338	96.560
207	51	255	824.127	812.382	26.385	9.813	6.617	69.835
208	71	255	577.655	810.725	31.456	11.483	7.872	54.340
209	58	255	1132.155	812.241	27.556	10.154	7.273	179.331
210	41	255	1218.598	812.232	22.142	7.569	6.897	26.159
211	72	255	212.653	810.181	34.385	9.981	9.185	91.966
212	60	255	477.717	810.183	28.385	9.760	7.827	128.649
213	71	255	488.570	809.796	31.213	12.019	7.522	29.442
214	83	255	550.343	808.464	32.870	11.027	9.583	134.648
215	85	255	722.312	809.218	36.627	12.394	8.732	10.204
216	72	255	386.000	808.569	30.385	10.778	8.505	24.491
217	37	255	703.176	809.689	22.385	7.417	6.351	125.464
218	83	255	1016.235	807.620	33.213	10.632	9.940	151.710
219	53	255	265.085	808.198	26.971	8.558	7.885	39.079
220	57	255	789.254	807.430	34.627	10.603	6.845	21.150
221	38	255	358.026	807.368	22.971	8.209	5.894	45.306
222	73	255	672.459	805.993	30.971	10.877	8.545	121.123
223	1	255	783.500	809.500	2.828	1.128	1.128	0.000
224	51	255	943.343	806.480	28.385	9.429	6.887	16.932
225	56	255	745.589	804.929	29.213	9.029	7.897	122.411
226	53	255	758.066	804.104	29.213	10.378	6.502	75.256
227	49	255	982.378	805.173	25.556	9.560	6.526	3.751
228	35	255	770.957	804.586	20.728	7.440	5.990	68.807
229	32	255	922.312	804.250	22.971	7.465	5.458	116.821
230	71	255	1033.303	801.810	29.799	10.121	8.932	96.022
231	30	255	1103.600	802.933	20.728	7.267	5.256	8.668
232	61	255	1220.008	801.893	29.556	9.322	8.332	32.862
233	91	255	478.115	799.434	34.971	11.534	10.045	93.502
234	55	255	1118.918	799.918	26.971	8.956	7.819	43.286
235	32	255	102.281	799.844	20.385	7.008	5.814	31.842
236	80	255	727.275	797.875	44.870	11.884	8.571	140.840
237	55	255	296.809	797.973	26.385	9.470	7.394	141.117
238	78	255	835.256	797.179	32.627	11.134	8.919	167.358
239	73	255	951.390	796.733	29.799	10.048	9.250	114.884
240	43	255	936.221	796.849	24.385	8.857	6.181	56.689
241	66	255	1008.500	796.136	29.799	9.484	8.860	120.504
242	46	255	92.696	795.196	23.556	8.646	6.774	154.404
243	38	255	714.211	795.447	22.971	8.038	6.019	64.395
244	45	255	335.278	794.944	24.385	8.514	6.730	168.411
245	49	255	973.153	793.520	26.385	10.106	6.173	52.185
246	61	255	459.844	791.844	27.799	9.826	7.904	106.087
247	107	255	523.949	790.444	38.284	12.971	10.503	129.783
248	70	255	554.586	792.000	29.799	10.565	8.436	49.157
249	71	255	745.528	791.711	30.627	10.420	8.675	93.583
250	50	255	769.780	793.600	25.314	8.852	7.191	22.884
251	53	255	784.915	792.877	26.385	9.615	7.019	52.443
252	54	255	437.352	791.796	26.385	9.038	7.607	176.761
253	46	255	756.804	790.522	33.213	10.209	5.737	127.603
254	33	255	154.197	789.591	20.142	6.880	6.107	79.206
255	56	255	825.321	788.804	25.799	9.159	7.785	160.554
256	74	255	381.338	786.419	30.971	10.279	9.166	119.353
257	43	255	733.895	789.058	25.556	8.836	6.196	178.274
258	44	255	922.818	788.477	22.971	8.333	6.723	161.419
259	39	255	993.551	788.551	22.142	7.944	6.251	45.000
260	54	255	94.556	786.537	26.142	9.655	7.121	106.762
261	63	255	719.786	785.897	29.799	10.561	7.595	39.520
262	58	255	1221.000	785.966	28.728	10.367	7.124	89.072
263	71	255	651.331	783.923	32.042	12.419	7.279	114.630
264	101	255	841.817	785.401	46.284	16.894	7.612	170.058
265	49	255	467.704	782.153	25.556	9.456	6.598	62.151
266	33	255	1087.045	783.409	20.142	6.886	6.102	74.353
267	53	255	937.858	782.462	36.870	9.514	7.093	154.358
268	43	255	425.756	780.988	27.213	8.318	6.582	115.801
269	42	255	705.500	781.548	23.556	7.685	6.959	118.234
270	160	255	736.569	779.781	57.355	21.079	9.665	11.943
271	60	255	1046.100	780.533	29.799	9.903	7.714	10.443
272	28	255	225.714	781.000	18.142	6.024	5.918	90.000
273	40	255	901.375	780.200	25.799	7.795	6.533	79.207
274	70	255	1011.171	780.071	30.971	10.768	8.277	15.122
275	62	255	534.097	778.419	28.142	9.916	7.961	62.718
276	59	255	303.771	777.551	28.385	9.693	7.750	129.771
277	44	255	1151.886	778.932	24.728	9.222	6.075	4.877
278	45	255	714.633	777.056	25.799	9.001	6.366	66.259
279	46	255	773.717	776.761	25.556	8.683	6.745	72.074
280	1	255	846.500	779.500	2.828	1.128	1.128	0.000
281	71	255	963.232	774.908	30.971	10.523	8.590	116.036
282	46	255	760.261	775.283	24.971	8.424	6.953	35.187
283	50	255	288.440	773.940	26.971	9.597	6.633	124.681
284	68	255	501.265	772.750	39.456	10.082	8.588	117.342
285	45	255	242.033	773.944	24.142	9.318	6.149	172.436
286	51	255	613.441	773.245	30.042	8.593	7.557	163.657
287	1	255	719.500	776.500	2.828	1.128	1.128	0.000
288	33	255	403.591	772.348	22.142	7.679	5.472	65.163
289	63	255	1110.087	770.802	30.142	11.765	6.818	82.894
290	33	255	315.712	771.409	20.728	7.029	5.978	60.522
291	71	255	389.585	770.289	30.142	9.563	9.453	162.251
292	82	255	748.963	769.829	32.627	11.070	9.431	54.642
293	61	255	814.992	770.451	28.971	10.242	7.583	113.976
294	57	255	184.009	768.254	34.870	9.028	8.038	91.486
295	77	255	559.266	768.331	32.627	11.095	8.837	161.270
296	70	255	1066.457	769.157	31.213	11.751	7.585	177.925
297	9	255	397.833	769.833	11.899	4.333	2.645	135.000
298	45	255	491.122	767.167	24.728	9.290	6.167	82.821
299	87	255	855.684	766.764	33.213	10.923	10.141	166.042
300	63	255	737.056	765.516	30.142	11.850	6.769	89.483
301	35	255	1016.643	767.986	22.971	8.614	5.174	22.428
302	34	255	760.588	766.529	29.213	7.135	6.067	141.830
303	51	255	535.657	764.873	25.799	8.862	7.328	121.339
304	48	255	800.146	765.292	31.213	8.188	7.464	77.082
305	49	255	908.316	763.969	26.971	8.534	7.310	104.155
306	46	255	507.587	761.022	24.142	8.383	6.987	116.494
307	46	255	394.913	759.609	27.213	8.723	6.715	64.845
308	34	255	765.735	758.941	22.142	7.235	5.984	18.825
309	65	255	224.808	754.808	29.213	10.449	7.921	59.232
310	61	255	727.566	755.287	27.799	9.518	8.160	19.930
311	43	255	1044.640	755.779	22.971	7.826	6.996	130.327
312	72	255	674.097	754.097	30.627	10.390	8.824	137.910
313	28	255	753.714	756.214	18.728	6.601	5.400	52.696
314	50	255	289.420	753.480	26.042	8.143	7.818	14.036
315	75	255	619.047	752.540	30.971	11.390	8.384	92.171
316	67	255	830.604	754.500	30.142	11.620	7.341	173.108
317	110	255	740.682	749.764	42.870	15.935	8.789	56.930
318	48	255	1063.333	752.771	24.971	8.617	7.093	50.022
319	1	255	758.500	755.500	2.828	1.128	1.128	0.000
320	43	255	812.477	752.314	22.971	8.212	6.667	58.983
321	64	255	936.750	752.297	30.385	10.128	8.045	11.279
322	39	255	376.423	751.423	24.971	7.331	6.774	120.779
323	59	255	1216.178	749.788	37.698	10.401	7.222	38.647
324	40	255	262.525	747.925	24.728	10.220	4.983	84.537
325	79	255	850.411	748.880	32.385	11.433	8.798	164.735
326	47	255	1118.202	748.798	26.385	8.034	7.449	55.394
327	57	255	1167.675	748.728	29.799	10.084	7.197	50.275
328	92	255	969.728	746.946	35.456	11.821	9.910	142.339
329	75	255	544.367	745.060	30.971	10.336	9.239	84.556
330	80	255	760.975	743.750	32.971	12.602	8.083	78.752
331	73	255	1200.021	745.445	30.971	10.400	8.937	21.217
332	58	255	799.810	745.000	28.385	9.692	7.620	131.099
333	57	255	949.816	744.675	27.556	9.101	7.974	3.129
334	89	255	1052.028	743.320	36.042	12.989	8.724	45.159
335	47	255	685.309	744.798	24.971	9.004	6.646	19.211
336	107	255	790.322	741.687	38.870	13.373	10.188	94.094
337	57	255	1138.044	742.781	27.799	9.738	7.453	106.264
338	16	255	774.438	744.875	23.213	5.483	3.715	0.790
339	86	255	1064.233	741.384	33.213	11.069	9.892	91.143
340	48	255	1179.000	743.500	25.314	9.330	6.550	30.390
341	56	255	896.411	741.893	26.385	9.017	7.907	152.969
342	48	255	725.938	741.438	28.971	8.868	6.892	31.548
343	88	255	1041.932	736.670	39.213	11.900	9.416	85.072
344	73	255	142.349	735.925	30.971	10.653	8.725	51.081
345	160	255	784.925	731.475	55.355	21.629	9.419	131.015
346	54	255	951.556	736.611	26.728	9.197	7.476	167.256
347	59	255	549.585	734.483	28.385	9.787	7.676	51.693
348	70	255	738.757	734.886	30.385	10.561	8.439	171.643
349	77	255	1056.721	731.669	35.456	12.383	7.917	104.284
350	48	255	1110.229	735.229	25.556	8.112	7.534	62.437
351	41	255	701.598	733.890	23.556	8.429	6.194	76.775
352	48	255	754.104	734.208	28.627	9.873	6.190	0.692
353	20	255	928.800	734.400	15.899	5.446	4.675	110.910
354	55	255	271.591	731.627	26.971	9.922	7.058	23.010
355	46	255	1175.065	731.000	27.799	9.354	6.261	112.475
356	1	255	1034.500	734.500	2.828	1.128	1.128	0.000
357	52	255	117.750	728.654	25.799	9.243	7.163	154.445
358	55	255	898.482	728.809	27.799	9.099	7.697	34.800
359	46	255	1154.500	728.957	24.971	8.813	6.646	52.414
360	67	255	147.500	726.530	32.870	10.705	7.969	45.997
361	46	255	663.478	727.804	25.556	9.619	6.089	64.098
362	32	255	502.812	728.688	20.728	7.952	5.124	5.310
363	13	255	753.654	728.885	13.314	4.979	3.324	1.048
364	45	255	1068.633	727.767	24.728	9.366	6.117	6.486
365	51	255	83.343	726.441	26.142	8.878	7.314	22.778
366	88	255	1041.761	724.489	34.627	11.323	9.896	85.182
367	60	255	583.467	722.017	31.213	11.648	6.559	77.807
368	48	255	463.396	722.979	24.142	8.309	7.355	70.478
369	39	255	689.397	723.654	29.213	7.825	6.346	150.019
370	51	255	980.324	722.108	25.556	8.557	7.588	68.221
371	52	255	1050.865	720.500	27.799	8.979	7.373	63.923
372	59	255	1202.669	719.890	33.456	9.457	7.943	39.078
373	66	255	136.500	719.712	29.314	9.741	8.627	0.000
374	36	255	158.722	720.917	22.142	6.855	6.686	47.826
375	34	255	414.088	719.912	21.556	7.614	5.686	63.376
376	41	255	912.256	720.500	22.142	7.258	7.193	90.000
377	61	255	1160.779	719.041	29.213	10.546	7.364	48.967
378	1	255	242.500	722.500	2.828	1.128	1.128	0.000
379	33	255	1119.985	720.409	20.971	7.884	5.329	15.482
380	49	255	1169.745	718.439	27.213	9.079	6.872	66.485
381	68	255	735.485	716.353	30.627	11.717	7.390	60.900
382	47	255	189.202	717.074	24.385	9.047	6.615	0.522
383	89	255	886.882	714.534	34.870	12.021	9.427	34.215
384	60	255	18.933	714.583	26.971	9.445	8.088	113.502
385	268	255	567.627	711.116	78.912	24.539	13.905	173.516
386	37	255	929.608	715.851	22.728	8.162	5.772	37.344
387	36	255	1126.972	715.028	21.556	7.897	5.804	45.001
388	61	255	93.877	713.877	27.556	9.371	8.288	70.593
389	59	255	549.720	712.839	30.385	10.972	6.846	91.700
390	56	255	758.982	712.643	26.971	9.175	7.772	92.597
391	67	255	898.321	711.246	29.213	9.740	8.758	110.205
392	53	255	941.047	711.557	25.799	9.227	7.313	114.694
393	204	255	135.240	705.000	71.255	25.839	10.052	60.468
394	39	255	446.603	711.859	22.142	7.271	6.830	143.621
395	59	255	1183.110	710.364	27.799	9.297	8.080	119.537
396	98	255	746.980	708.194	35.799	12.205	10.224	69.979
397	69	255	718.254	708.065	30.385	11.191	7.850	53.801
398	67	255	1117.201	708.172	36.627	9.946	8.577	101.912
399	36	255	768.778	708.750	22.385	7.452	6.151	51.541
400	52	255	825.212	707.154	35.456	9.731	6.804	66.250
401	26	255	918.885	706.846	19.314	8.160	4.057	94.387
402	82	255	167.902	705.122	32.385	10.461	9.981	52.742
403	42	255	802.262	706.381	30.385	8.620	6.204	39.126
404	67	255	1048.142	705.828	40.870	10.170	8.388	13.517
405	53	255	1199.745	706.028	31.213	8.711	7.746	166.522
406	53	255	906.934	704.123	26.627	9.075	7.436	109.692
407	48	255	1023.479	704.833	25.556	8.758	6.978	53.631
408	34	255	1070.206	705.647	21.556	6.778	6.387	115.750
409	73	255	585.870	703.651	32.385	11.073	8.394	17.697
410	48	255	596.604	702.479	24.385	8.849	6.907	97.954
411	34	255	871.882	703.294	23.799	6.966	6.214	151.887
412	35	255	1105.071	704.071	21.556	7.204	6.186	19.288
413	54	255	343.907	701.926	26.142	8.573	8.020	60.335
414	46	255	733.087	702.109	26.385	8.117	7.216	105.118
415	55	255	938.682	701.045	30.042	9.332	7.504	168.572
416	3	255	829.833	703.500	7.657	3.213	1.189	61.845
417	35	255	1133.786	701.729	23.556	8.842	5.040	37.283
418	51	255	212.775	700.716	25.556	9.260	7.012	161.490
419	40	255	362.700	699.300	23.556	7.814	6.517	140.790
420	48	255	486.562	698.167	24.971	8.652	7.064	68.523
421	40	255	539.225	699.000	24.142	9.568	5.323	122.731
422	33	255	615.136	699.348	21.556	7.869	5.339	68.703
423	61	255	841.139	697.975	28.385	10.478	7.412	70.754
424	33	255	564.076	698.379	22.385	7.469	5.626	20.241
425	66	255	1210.197	696.636	31.556	11.318	7.425	109.667
426	25	255	144.940	698.180	19.314	6.723	4.735	28.954
427	72	255	446.750	695.889	30.385	10.432	8.787	119.313
428	37	255	1175.122	698.257	22.971	8.141	5.787	23.321
429	32	255	307.250	696.031	20.728	6.848	5.950	101.693
430	105	255	1166.129	693.348	40.284	14.486	9.229	129.401
431	79	255	1189.310	694.399	32.870	12.199	8.246	46.058
432	48	255	38.625	695.521	32.385	8.776	6.964	21.601
433	62	255	584.613	694.339	28.385	9.180	8.599	146.372
434	52	255	1123.154	694.846	24.971	8.650	7.655	134.998
435	57	255	298.447	693.482	27.556	9.367	7.748	88.908
436	72	255	630.486	693.028	30.385	10.004	9.164	94.266
437	56	255	61.732	692.214	28.385	9.172	7.774	16.586
438	4	255	361.000	694.750	9.071	3.969	1.283	162.391
439	24	255	600.333	693.167	17.899	6.187	4.939	29.086
440	120	255	1197.825	688.608	43.213	14.948	10.222	79.993
441	31	255	233.790	691.887	24.142	8.148	4.844	5.662
442	52	255	318.654	691.288	32.627	10.375	6.382	166.456
443	64	255	347.266	690.406	28.385	9.340	8.724	131.216
444	56	255	458.768	690.000	27.799	10.259	6.950	106.883
445	32	255	643.750	692.094	20.971	7.284	5.593	30.591
446	45	255	1023.100	692.011	24.142	8.893	6.443	1.171
447	65	255	481.838	689.531	29.799	9.746	8.492	130.321
448	107	255	1152.407	688.014	38.627	13.207	10.316	52.173
449	130	255	44.300	685.238	46.870	17.589	9.410	73.295
450	55	255	435.791	688.791	27.213	9.422	7.433	135.000
451	35	255	16.929	688.957	23.556	7.561	5.894	145.517
452	77	255	336.032	686.591	31.213	11.119	8.817	139.213
453	40	255	935.125	688.050	27.799	8.608	5.917	22.319
454	65	255	4.254	686.177	32.042	9.579	8.640	112.012
455	54	255	286.019	687.019	26.142	8.606	7.989	134.997
456	67	255	501.455	686.142	36.971	10.813	7.889	104.215
457	65	255	472.715	685.269	28.385	9.141	9.054	87.986
458	44	255	515.182	686.227	28.971	8.045	6.964	4.861
459	37	255	887.230	686.419	22.971	7.306	6.448	38.511
460	82	255	299.549	682.305	33.456	12.133	8.605	139.108
461	42	255	397.905	684.310	22.971	8.055	6.639	156.097
462	83	255	543.645	683.199	32.627	11.985	8.818	149.939
463	61	255	558.926	682.893	28.385	10.727	7.240	61.120
464	73	255	950.390	683.212	30.385	10.284	9.038	74.541
465	45	255	1076.989	683.433	25.799	9.572	5.986	49.800
466	45	255	1127.367	684.100	33.213	8.991	6.372	4.691
467	7	255	1223.214	685.643	11.657	4.647	1.918	94.308
468	30	255	492.867	683.767	19.314	6.884	5.549	130.629
469	55	255	1113.027	681.245	40.042	10.904	6.423	93.696
470	58	255	66.362	681.897	27.556	10.091	7.318	36.664
471	56	255	790.036	681.571	34.627	9.155	7.789	49.274
472	46	255	362.870	681.674	33.799	9.946	5.888	175.362
473	71	255	757.627	677.894	32.627	11.957	7.560	72.902
474	55	255	1171.464	680.700	26.728	9.586	7.305	1.017
475	80	255	82.725	676.163	38.042	13.291	7.664	93.917
476	36	255	164.361	679.500	22.728	7.164	6.398	104.474
477	60	255	463.200	678.117	27.799	9.237	8.270	146.105
478	59	255	1059.331	678.178	36.870	9.022	8.327	93.629
479	87	255	1138.224	677.753	34.385	11.480	9.649	30.424
480	36	255	1093.833	678.028	22.385	7.352	6.235	115.646
481	62	255	187.323	675.887	28.142	9.721	8.121	162.328
482	33	255	922.106	676.682	20.971	7.178	5.854	41.147
483	53	255	978.387	675.934	27.799	9.763	6.912	38.730
484	63	255	1154.452	675.373	28.385	9.448	8.490	61.834
485	74	255	1181.892	674.554	43.698	9.915	9.503	0.565
486	62	255	339.581	674.226	27.799	9.464	8.341	21.078
487	1	255	1160.500	678.500	2.828	1.128	1.128	0.000
488	54	255	1201.759	675.278	26.728	9.600	7.162	13.953
489	42	255	388.452	673.619	23.556	7.646	6.994	54.575
490	50	255	476.440	672.360	26.385	9.124	6.977	42.777
491	59	255	861.669	672.585	27.213	9.122	8.235	38.149
492	80	255	490.500	671.087	32.627	10.289	9.899	164.990
493	63	255	643.310	670.103	28.627	10.144	7.907	63.859
494	54	255	551.204	669.389	27.799	10.349	6.644	117.895
495	74	255	177.595	667.108	30.385	10.808	8.717	57.954
496	58	255	1127.931	666.500	26.971	9.375	7.877	109.560
497	60	255	72.983	665.000	28.385	9.159	8.341	148.968
498	74	255	467.027	664.392	31.799	11.953	7.883	114.036
499	59	255	1115.924	665.975	27.799	9.542	7.873	28.992
500	29	255	305.707	665.948	18.728	6.629	5.570	143.989
501	43	255	504.430	665.221	23.556	7.596	7.208	120.054
502	54	255	667.241	664.519	27.799	9.328	7.371	121.298
503	102	255	349.676	662.569	36.385	11.612	11.185	18.362
504	77	255	620.474	663.110	31.799	10.192	9.620	176.132
505	53	255	1077.066	663.953	25.556	8.381	8.052	144.462
506	33	255	193.227	663.742	24.971	7.213	5.825	4.259
507	56	255	1096.786	662.571	36.870	9.574	7.447	162.074
508	54	255	389.759	661.759	26.971	9.150	7.514	171.575
509	50	255	87.160	661.060	25.556	8.398	7.580	100.469
510	52	255	1196.365	660.519	31.213	8.451	7.835	99.284
511	65	255	1220.485	659.592	30.142	10.100	8.194	80.899
512	63	255	440.167	658.881	28.385	9.972	8.044	91.649
513	12	255	0.917	656.500	15.657	6.944	2.200	90.000
514	57	255	108.447	653.096	27.213	8.792	8.255	111.014
515	53	255	402.726	652.519	27.799	8.808	7.661	85.016
516	49	255	416.276	652.867	28.385	8.283	7.532	87.002
517	48	255	521.375	653.000	24.728	8.407	7.269	74.541
518	37	255	1105.095	652.554	24.142	8.002	5.887	80.547
519	44	255	179.023	652.591	25.556	8.588	6.524	129.767
520	75	255	317.100	650.713	32.042	11.395	8.380	150.473
521	104	255	163.808	648.846	37.213	12.301	10.765	49.097
522	41	255	327.402	650.793	22.971	7.554	6.910	113.147
523	69	255	1089.601	650.587	29.556	9.498	9.250	80.266
524	57	255	387.272	649.430	27.799	10.423	6.963	45.739
525	68	255	919.824	648.926	30.627	11.105	7.797	118.457
526	45	255	1071.211	650.322	31.213	7.942	7.214	145.610
527	59	255	173.161	646.568	29.556	10.057	7.470	83.286
528	65	255	134.931	646.777	28.971	10.174	8.134	169.041
529	49	255	185.724	645.214	25.799	8.121	7.682	84.356
530	45	255	410.344	644.700	24.385	8.078	7.093	89.471
531	25	255	965.700	646.420	17.899	5.979	5.324	23.581
532	59	255	1055.686	644.788	28.385	9.961	7.542	16.213
533	49	255	609.541	641.541	28.042	9.733	6.410	35.774
534	44	255	114.455	641.273	23.556	8.111	6.907	121.030
535	43	255	618.616	640.640	29.799	9.580	5.715	105.652
536	62	255	1134.435	641.177	29.213	10.576	7.464	161.313
537	34	255	1152.529	641.971	20.728	6.871	6.300	178.368
538	82	255	424.902	637.195	32.627	10.825	9.645	117.066
539	37	255	44.932	637.554	22.485	8.827	5.337	9.496
540	33	255	167.439	635.621	22.385	6.951	6.045	25.691
541	67	255	379.873	633.336	30.142	10.592	8.054	77.165
542	56	255	570.161	633.589	26.971	9.097	7.838	88.722
543	69	255	956.529	632.399	28.971	9.647	9.107	148.199
544	59	255	397.110	630.178	29.213	10.247	7.331	57.921
545	50	255	1032.360	630.680	25.556	8.336	7.637	72.525
546	49	255	1087.133	630.602	25.213	8.500	7.340	55.731
547	70	255	633.214	629.614	30.385	9.766	9.126	132.433
548	73	255	311.048	627.596	29.799	10.222	9.092	161.143
549	43	255	1047.360	628.593	27.556	8.285	6.608	8.954
550	35	255	579.100	628.443	21.314	8.608	5.177	170.758
551	40	255	112.650	625.850	25.213	7.916	6.434	58.784
552	36	255	362.972	626.278	22.971	8.543	5.365	54.749
553	66	255	996.848	624.742	30.627	10.737	7.827	6.913
554	21	255	1.357	623.881	18.485	8.352	3.201	91.984
555	59	255	642.449	623.873	32.971	9.374	8.013	160.833
556	56	255	739.500	622.804	30.042	8.847	8.059	174.135
557	82	255	572.976	620.463	32.385	10.422	10.017	17.475
558	96	255	584.521	620.271	40.042	11.261	10.854	66.813
559	37	255	47.419	621.311	22.971	8.632	5.458	134.234
560	38	255	77.421	621.553	26.385	7.533	6.423	67.907
561	87	255	1067.730	620.006	38.284	12.382	8.946	24.427
562	41	255	142.061	618.573	22.971	8.231	6.342	80.880
563	43	255	754.756	616.547	26.385	9.855	5.556	119.052
564	81	255	414.179	615.117	31.799	10.723	9.618	147.965
565	18	255	594.833	617.889	22.385	6.358	3.605	152.431
566	52	255	608.077	615.865	25.556	8.207	8.067	154.021
567	55	255	623.118	615.809	26.385	8.731	8.020	121.560
568	47	255	924.713	616.372	30.385	8.488	7.050	15.806
569	25	255	303.900	614.300	19.556	6.610	4.816	74.518
570	62	255	1047.806	612.726	32.627	10.026	7.874	99.337
571	45	255	400.878	611.722	25.213	9.921	5.775	127.790
572	68	255	877.647	611.368	29.556	9.384	9.227	28.870
573	58	255	998.690	612.414	28.385	10.481	7.046	11.400
574	48	255	1137.750	612.042	25.556	9.215	6.632	55.925
575	62	255	366.935	610.935	28.385	9.690	8.147	171.571
576	36	255	381.750	611.278	23.556	8.121	5.644	45.502
577	112	255	575.768	608.920	39.799	14.304	9.969	122.612
578	65	255	230.515	609.931	28.971	9.832	8.418	150.604
579	47	255	973.777	610.287	27.799	8.583	6.972	25.477
580	59	255	496.975	608.958	28.385	11.129	6.750	149.872
581	48	255	728.583	607.750	31.799	8.380	7.293	88.072
582	55	255	802.282	606.845	34.042	9.701	7.219	39.882
583	48	255	429.833	606.438	26.971	10.270	5.951	70.312
584	25	255	593.060	608.500	20.728	6.022	5.286	4.020
585	98	255	779.939	604.704	39.113	14.408	8.660	48.381
586	35	255	869.071	606.500	22.142	7.537	5.912	78.119
587	63	255	1069.897	606.214	34.627	10.552	7.602	3.623
588	65	255	833.500	603.762	29.799	11.147	7.424	58.779
589	81	255	766.142	601.673	34.627	12.159	8.482	96.894
590	53	255	1158.594	603.858	26.385	9.428	7.158	51.171
591	61	255	939.303	602.943	27.213	9.712	7.997	176.243
592	39	255	399.654	601.346	27.213	7.513	6.609	23.561
593	95	255	620.121	600.416	44.042	14.103	8.577	163.366
594	38	255	349.105	599.158	21.556	7.920	6.109	79.642
595	67	255	599.246	598.843	30.385	10.461	8.155	16.752
596	48	255	161.125	598.562	24.971	8.915	6.855	158.458
597	70	255	631.100	597.329	30.385	10.502	8.487	115.165
598	51	255	790.912	598.010	38.284	9.523	6.819	172.902
599	40	255	1038.850	597.850	26.971	8.856	5.751	30.319
600	77	255	916.825	592.916	34.627	12.383	7.917	75.338
601	34	255	408.765	594.676	21.556	7.817	5.538	128.803
602	73	255	744.719	592.007	31.799	11.673	7.963	93.060
603	56	255	840.804	593.875	29.456	9.488	7.515	28.961
604	67	255	384.246	591.828	29.213	10.081	8.462	151.357
605	66	255	493.439	591.348	28.971	10.043	8.367	44.717
606	71	255	609.937	591.359	36.870	10.470	8.634	157.456
607	32	255	1135.000	592.312	23.556	6.902	5.903	37.862
608	55	255	824.955	590.591	27.213	8.777	7.979	124.607
609	36	255	1057.139	591.583	22.142	7.579	6.048	103.081
610	62	255	329.645	589.887	28.971	9.675	8.159	34.257
611	57	255	730.061	590.167	26.728	8.683	8.358	145.770
612	40	255	787.875	589.350	25.556	7.596	6.705	77.719
613	43	255	114.081	588.686	23.556	8.029	6.819	144.319
614	73	255	505.719	586.952	30.627	10.126	9.179	144.724
615	64	255	846.500	586.859	28.042	9.142	8.914	90.000
616	63	255	779.087	585.008	45.698	10.065	7.969	71.107
617	66	255	139.015	585.167	29.556	10.466	8.029	95.075
618	74	255	307.068	585.257	31.213	9.945	9.474	4.299
619	37	255	469.419	586.014	22.971	7.124	6.613	134.176
620	55	255	3.882	584.864	26.385	8.681	8.067	0.575
621	43	255	869.523	584.035	24.971	9.076	6.032	67.007
622	40	255	973.725	584.300	30.627	8.723	5.839	132.798
623	1	255	773.500	586.500	2.828	1.128	1.128	0.000
624	40	255	291.900	582.250	24.385	8.098	6.289	101.831
625	42	255	338.548	582.571	22.728	7.796	6.860	131.169
626	16	255	821.062	583.125	18.728	7.149	2.850	152.944
627	50	255	403.180	578.980	26.385	9.893	6.435	51.981
628	52	255	610.346	577.904	27.799	10.364	6.389	119.559
629	57	255	955.202	577.939	39.698	9.714	7.471	19.514
630	44	255	830.295	576.636	42.527	7.971	7.028	104.337
631	66	255	41.818	575.424	30.385	10.624	7.910	173.386
632	37	255	640.176	576.500	22.728	7.569	6.224	106.175
633	125	255	816.756	572.388	44.284	16.174	9.840	69.079
634	44	255	928.523	576.250	23.556	8.174	6.854	63.393
635	56	255	1012.786	575.554	26.971	9.113	7.825	87.679
636	65	255	582.177	572.254	28.627	9.658	8.569	152.017
637	79	255	697.703	572.449	32.385	11.003	9.142	16.038
638	41	255	772.085	571.793	24.142	8.606	6.066	58.677
639	53	255	474.160	571.160	25.799	8.839	7.635	17.000
640	66	255	287.061	569.288	29.799	10.140	8.287	63.115
641	43	255	558.616	569.733	28.284	9.106	6.012	135.997
642	55	255	941.700	569.373	31.213	9.839	7.118	66.387
643	41	255	136.012	569.427	22.971	7.754	6.733	16.100
644	43	255	607.593	566.337	28.385	7.840	6.983	162.227
645	56	255	836.661	567.268	26.971	9.371	7.609	155.187
646	66	255	520.030	564.303	29.799	11.767	7.142	116.606
647	34	255	892.676	566.353	31.799	8.852	4.891	55.811
648	77	255	906.058	565.383	30.971	10.979	8.930	27.315
649	45	255	381.989	564.500	26.971	8.423	6.803	175.348
650	27	255	372.019	563.352	19.556	6.638	5.179	84.332
651	28	255	419.393	563.714	19.314	7.061	5.049	85.303
652	29	255	703.948	563.224	22.142	7.441	4.962	69.276
653	49	255	805.602	563.173	35.698	8.662	7.202	18.301
654	2	255	887.000	565.000	5.657	2.596	0.981	45.000
655	67	255	1210.306	559.933	32.971	10.094	8.451	90.160
656	50	255	407.800	559.020	26.385	10.003	6.364	103.632
657	57	255	757.412	558.781	36.284	8.824	8.225	142.177
658	82	255	1063.427	558.183	34.042	11.373	9.180	152.372
659	55	255	1219.264	558.209	27.556	8.826	7.934	160.204
660	45	255	814.589	556.678	23.556	8.440	6.788	120.577
661	61	255	913.500	555.107	38.284	10.584	7.339	69.223
662	45	255	1136.522	556.278	25.556	8.343	6.867	54.211
663	23	255	865.022	556.326	17.556	5.537	5.289	74.313
664	54	255	903.074	554.648	31.213	9.481	7.252	101.693
665	46	255	305.000	554.500	23.556	8.798	6.657	154.029
666	66	255	379.848	552.742	29.799	9.731	8.636	60.316
667	62	255	476.274	552.823	29.799	9.871	7.997	70.190
668	76	255	616.447	553.066	31.456	11.240	8.609	144.571
669	55	255	973.864	553.209	26.385	9.719	7.205	54.473
670	52	255	886.692	552.962	36.284	9.395	7.047	9.989
671	35	255	793.986	552.471	21.556	7.172	6.214	110.282
672	77	255	926.032	551.357	32.627	12.521	7.830	22.846
673	82	255	179.073	551.207	32.971	12.566	8.308	171.011
674	37	255	65.743	551.068	22.971	8.129	5.795	5.028
675	54	255	487.722	549.926	32.042	9.715	7.077	162.094
676	78	255	948.308	548.205	33.213	10.787	9.207	96.016
677	47	255	851.649	548.840	25.213	8.122	7.368	7.309
678	49	255	823.276	548.500	25.556	8.265	7.549	145.116
679	107	255	805.939	545.304	44.284	16.183	8.419	27.792
680	78	255	1055.077	544.462	32.627	10.968	9.054	75.298
681	104	255	859.663	542.298	41.456	16.600	7.977	44.690
682	96	255	91.458	542.302	34.627	11.547	10.585	130.676
683	56	255	839.143	544.446	27.556	10.089	7.067	15.621
684	50	255	1108.620	543.480	31.456	8.300	7.670	43.184
685	55	255	877.100	541.882	28.627	10.005	6.999	133.455
686	52	255	890.077	540.942	27.556	10.247	6.461	77.983
687	56	255	116.643	540.714	27.213	9.416	7.572	139.445
688	70	255	481.700	538.743	31.456	11.827	7.536	129.623
689	41	255	162.768	539.183	23.556	8.967	5.822	118.515
690	57	255	377.553	537.640	26.971	9.611	7.551	22.689
691	60	255	1163.150	537.717	34.627	9.079	8.414	51.303
692	68	255	821.132	536.279	30.042	11.840	7.313	136.224
693	65	255	1038.946	535.623	28.971	10.231	8.089	107.999
694	32	255	470.656	536.375	19.556	6.922	5.886	101.518
695	40	255	595.000	536.450	22.971	7.579	6.720	17.296
696	46	255	1221.174	535.174	26.728	9.848	5.948	76.277
697	52	255	21.385	535.077	26.142	8.468	7.818	80.941
698	32	255	872.719	535.719	22.971	7.598	5.362	113.463
699	36	255	1136.889	535.056	26.385	8.695	5.272	175.056
700	63	255	30.071	532.341	28.385	9.418	8.517	50.784
701	16	255	849.875	534.688	13.899	5.652	3.604	58.039
702	61	255	245.434	531.828	33.213	10.302	7.539	139.832
703	72	255	581.597	530.083	29.799	9.902	9.258	114.298
704	59	255	832.042	529.314	27.556	9.133	8.225	68.986
705	43	255	1154.872	528.244	25.799	9.543	5.737	86.197
706	54	255	1211.537	526.463	26.728	9.259	7.426	85.587
707	68	255	450.235	524.441	30.627	10.492	8.252	106.640
708	72	255	10.806	524.625	31.799	12.073	7.593	13.963
709	65	255	41.392	524.392	28.385	10.124	8.175	45.000
710	60	255	813.550	522.750	30.385	11.973	6.381	75.653
711	79	255	1053.867	524.361	30.971	10.630	9.462	7.931
712	43	255	1202.616	525.663	28.385	7.634	7.172	41.421
713	59	255	462.551	522.958	27.556	10.250	7.329	81.349
714	33	255	883.167	524.045	20.971	7.460	5.632	175.556
715	33	255	787.530	521.591	20.728	7.387	5.688	97.454
716	41	255	841.378	520.622	28.385	9.346	5.586	106.007
717	49	255	92.745	520.051	28.142	9.716	6.421	117.583
718	36	255	344.361	520.806	20.971	7.146	6.415	41.701
719	1	255	1205.500	522.500	2.828	1.128	1.128	0.000
720	35	255	893.843	518.843	25.556	7.536	5.913	140.420
721	40	255	190.000	517.025	24.142	8.549	5.957	105.338
722	37	255	861.365	515.743	24.385	9.685	4.864	67.031
723	80	255	1219.138	514.575	38.627	10.720	9.502	108.849
724	65	255	15.838	513.023	28.971	10.337	8.006	88.211
725	54	255	380.407	514.074	28.385	10.798	6.368	34.037
726	43	255	1054.547	513.360	23.556	7.978	6.862	50.867
727	66	255	424.727	511.121	29.799	10.083	8.334	60.974
728	43	255	625.477	512.105	24.142	7.465	7.334	83.576
729	42	255	833.786	512.095	23.314	8.705	6.143	75.481
730	47	255	1119.564	512.032	24.142	8.713	6.869	115.895
731	1	255	375.500	514.500	2.828	1.128	1.128	0.000
732	18	255	1.278	509.000	18.485	7.241	3.165	90.000
733	59	255	446.347	508.839	28.385	8.952	8.392	129.028
734	43	255	683.337	508.872	25.213	8.019	6.827	123.762
735	61	255	776.238	506.057	31.799	9.512	8.165	179.385
736	42	255	811.429	505.619	23.556	7.961	6.717	101.458
737	55	255	26.282	505.409	26.142	9.578	7.311	173.505
738	78	255	540.654	504.115	32.627	12.576	7.897	142.047
739	86	255	848.535	503.465	34.042	12.739	8.595	45.001
740	86	255	324.977	502.477	33.213	11.390	9.614	61.755
741	61	255	1215.418	503.156	27.556	9.526	8.154	162.587
742	89	255	245.062	501.017	33.799	10.780	10.512	15.255
743	85	255	559.124	499.806	35.213	11.603	9.328	45.226
744	38	255	801.263	501.553	24.971	7.568	6.393	140.887
745	46	255	789.391	499.130	23.556	8.219	7.126	107.262
746	69	255	1058.819	498.819	30.385	9.863	8.907	7.362
747	69	255	255.399	497.717	29.556	9.697	9.060	150.283
748	57	255	340.939	497.553	26.971	9.246	7.849	118.600
749	44	255	118.432	496.864	24.971	8.365	6.698	64.466
750	43	255	360.849	496.640	23.556	8.883	6.164	30.414
751	76	255	34.066	492.895	31.213	9.949	9.727	165.875
752	76	255	952.092	491.579	30.971	10.364	9.336	168.120
753	43	255	865.686	492.105	24.142	9.982	5.485	157.772
754	55	255	612.973	490.173	27.799	11.226	6.238	32.045
755	92	255	695.674	487.978	35.213	12.044	9.726	89.347
756	35	255	844.043	490.586	23.556	7.519	5.927	88.492
757	33	255	2.803	488.924	19.899	6.645	6.323	144.462
758	147	255	143.071	484.071	75.154	17.881	10.467	131.685
759	62	255	375.629	488.516	29.556	11.467	6.884	9.957
760	43	255	777.012	489.058	24.142	8.734	6.269	7.662
761	31	255	827.403	489.048	20.971	7.403	5.332	150.931
762	2	255	839.500	491.000	4.828	2.257	1.128	90.000
763	42	255	154.190	486.810	25.213	8.206	6.517	164.535
764	59	255	295.212	487.042	26.971	9.214	8.153	154.528
765	37	255	1069.635	487.932	22.728	7.808	6.033	149.600
766	54	255	237.630	485.704	27.213	10.177	6.756	133.765
767	2	255	358.000	489.500	4.243	2.257	1.128	0.000
768	90	255	797.256	483.311	35.799	13.164	8.705	93.826
769	42	255	542.762	485.429	24.142	8.128	6.579	63.245
770	48	255	343.812	484.042	24.971	8.570	7.131	146.167
771	130	255	815.146	480.623	59.012	13.429	12.326	51.498
772	80	255	1019.800	483.163	45.698	10.597	9.612	42.363
773	58	255	168.966	482.155	29.213	10.710	6.895	54.845
774	70	255	388.443	482.829	33.456	11.610	7.677	167.208
775	49	255	465.276	482.296	25.556	9.326	6.690	82.214
776	41	255	754.793	483.305	23.799	8.291	6.297	28.883
777	49	255	914.092	482.541	36.627	9.844	6.338	87.987
778	32	255	250.344	482.938	20.728	6.529	6.241	136.291
779	53	255	866.198	481.028	26.627	8.926	7.560	78.095
780	73	255	1085.829	481.418	30.385	10.319	9.008	154.819
781	39	255	114.244	480.910	22.142	7.955	6.242	104.444
782	75	255	624.753	479.887	31.799	11.062	8.633	106.876
783	20	255	948.000	482.700	16.142	5.114	4.979	0.000
784	40	255	963.425	481.625	22.971	7.855	6.483	142.066
785	49	255	45.786	478.561	24.971	9.248	6.746	108.087
786	37	255	1041.554	479.284	26.385	7.772	6.062	36.667
787	64	255	633.984	477.469	29.799	10.763	7.571	56.719
788	74	255	296.446	473.622	31.213	10.635	8.860	64.404
789	68	255	337.809	473.838	29.799	10.085	8.585	91.472
790	50	255	134.960	474.240	27.556	8.465	7.521	96.875
791	102	255	315.775	472.461	36.042	12.341	10.524	146.035
792	68	255	1163.735	473.162	29.213	10.405	8.321	156.039
793	78	255	538.487	471.308	31.799	11.199	8.868	108.389
794	38	255	418.447	471.289	24.385	8.170	5.922	56.018
795	44	255	606.955	471.068	24.971	8.302	6.748	38.066
796	69	255	770.543	470.326	30.385	10.315	8.517	139.058
797	52	255	791.423	471.519	26.142	8.923	7.420	170.025
798	42	255	383.786	470.357	27.556	9.918	5.392	169.557
799	43	255	470.640	468.849	23.556	8.883	6.164	59.586
800	44	255	628.205	467.250	24.971	9.296	6.027	148.400
801	72	255	158.125	465.472	30.385	11.093	8.264	145.210
802	35	255	260.014	466.014	23.556	8.066	5.525	75.630
803	82	255	900.073	465.098	32.385	10.523	9.922	114.573
804	39	255	945.987	466.859	22.971	7.779	6.384	157.145
805	43	255	247.105	464.895	23.556	8.237	6.647	112.673
806	93	255	367.747	462.962	35.456	11.844	9.998	116.866
807	250	255	395.412	458.372	83.983	19.879	16.012	120.067
808	15	255	187.100	466.100	13.071	4.659	4.099	135.000
809	88	255	285.625	462.250	35.213	12.007	9.332	99.178
810	52	255	304.942	463.673	41.698	8.360	7.920	136.167
811	2	255	635.500	466.000	4.828	2.257	1.128	90.000
812	29	255	639.879	463.707	19.556	6.391	5.777	2.939
813	55	255	338.173	462.136	26.728	8.594	8.149	105.031
814	89	255	407.747	460.006	35.456	12.250	9.250	55.425
815	64	255	652.641	460.000	32.042	10.307	7.906	99.834
816	117	255	860.568	456.466	39.213	13.744	10.839	113.695
817	187	255	312.516	450.580	60.770	22.012	10.816	78.475
818	453	255	378.904	447.632	99.882	26.211	22.006	138.298
819	42	255	623.595	457.524	24.385	8.416	6.354	72.710
820	4	255	1223.500	460.000	8.828	4.514	1.128	90.000
821	75	255	102.607	455.633	31.213	10.466	9.124	36.536
822	41	255	296.159	456.524	23.556	7.812	6.682	97.582
823	42	255	177.929	456.357	23.556	9.269	5.769	35.635
824	84	255	451.000	453.357	34.385	13.100	8.164	97.700
825	48	255	839.917	455.625	24.385	8.380	7.293	147.749
826	40	255	280.400	454.175	23.556	7.493	6.797	10.370
827	59	255	328.534	451.059	26.971	9.232	8.137	174.203
828	58	255	437.414	450.328	27.213	9.341	7.906	49.317
829	53	255	498.066	451.142	32.385	8.325	8.106	145.571
830	32	255	527.938	450.938	20.142	6.702	6.079	83.405
831	49	255	345.337	449.724	26.142	8.810	7.082	150.908
832	38	255	710.132	450.053	24.385	8.223	5.884	156.753
833	38	255	258.079	448.368	22.728	8.042	6.017	89.279
834	64	255	288.125	446.703	33.456	11.131	7.321	52.998
835	91	255	300.071	446.995	36.385	11.734	9.874	47.007
836	55	255	626.118	446.664	30.385	9.984	7.014	41.346
837	52	255	1127.654	446.462	26.627	9.770	6.777	47.284
838	59	255	1160.432	445.975	28.042	8.854	8.485	75.328
839	27	255	1221.389	447.611	20.142	7.932	4.334	129.299
840	50	255	94.520	445.680	25.556	8.899	7.154	102.753
841	38	255	853.553	446.211	22.142	7.390	6.547	55.034
842	57	255	883.553	445.149	28.627	10.431	6.957	60.846
843	43	255	828.640	445.128	26.971	9.091	6.022	6.954
844	100	255	398.750	440.450	40.042	11.700	10.883	127.257
845	41	255	767.793	441.768	25.556	9.117	5.726	48.181
846	1	255	919.500	446.500	2.828	1.128	1.128	0.000
847	12	255	924.000	445.000	11.314	3.909	3.909	0.000
848	58	255	1111.017	441.397	27.556	9.224	8.006	65.583
849	59	255	1144.958	441.551	26.971	9.143	8.216	82.657
850	69	255	273.775	440.109	30.142	10.645	8.253	89.010
851	50	255	693.020	439.960	25.556	8.438	7.545	71.000
852	50	255	811.460	440.440	24.385	8.998	7.076	176.408
853	62	255	368.387	438.065	31.456	11.142	7.085	175.993
854	76	255	303.145	435.711	32.042	10.378	9.324	101.775
855	66	255	448.136	436.167	29.799	9.853	8.529	75.390
856	95	255	526.489	435.605	35.213	11.496	10.522	156.595
857	43	255	685.105	437.407	23.899	7.754	7.061	113.782
858	39	255	909.397	437.500	22.142	7.196	6.900	90.000
859	38	255	156.474	436.421	21.556	7.494	6.456	150.563
860	65	255	351.285	435.962	29.556	10.062	8.225	175.622
861	54	255	710.889	433.407	33.213	9.944	6.914	105.516
862	49	255	1060.663	436.071	24.728	8.501	7.339	97.656
863	53	255	1094.047	436.255	26.385	9.945	6.786	179.717
864	48	255	1194.896	435.958	26.385	9.740	6.275	133.961
865	3	255	714.833	437.833	5.657	2.365	1.615	135.000
866	37	255	778.824	434.878	21.556	7.995	5.893	77.601
867	48	255	1120.750	435.271	26.385	8.847	6.908	157.092
868	44	255	329.750	433.205	26.042	8.440	6.638	92.648
869	53	255	849.594	433.594	35.456	10.141	6.654	137.267
870	38	255	1076.263	434.947	22.142	7.639	6.334	32.035
871	55	255	584.955	432.973	34.385	8.583	8.159	79.161
872	75	255	826.553	431.967	30.971	10.477	9.114	94.490
873	58	255	144.466	431.966	26.971	9.091	8.123	12.492
874	52	255	173.519	431.654	26.385	8.829	7.499	93.301
875	41	255	1212.207	432.037	27.799	8.169	6.390	43.359
876	97	255	361.706	429.644	36.042	11.935	10.348	38.385
877	69	255	865.428	428.051	32.142	12.871	6.826	100.715
878	92	255	1107.641	427.152	41.113	12.901	9.080	134.269
879	32	255	272.062	429.344	20.728	8.315	4.900	54.550
880	40	255	297.250	429.200	22.385	7.739	6.581	164.666
881	48	255	925.688	428.292	24.385	8.703	7.022	69.215
882	59	255	1156.246	428.941	34.627	9.388	8.002	165.818
883	107	255	106.827	422.033	39.213	14.128	9.643	80.595
884	64	255	349.781	424.422	29.213	9.530	8.551	15.284
885	94	255	307.872	422.128	36.284	11.405	10.494	123.647
886	52	255	1077.596	423.558	38.627	9.249	7.158	77.033
887	53	255	1121.066	423.519	25.799	9.213	7.325	118.939
888	59	255	1130.602	423.602	27.799	9.368	8.019	35.040
889	45	255	661.456	421.544	24.971	9.752	5.875	120.235
890	27	255	710.907	423.019	19.556	6.724	5.113	53.707
891	12	255	694.833	423.167	13.899	5.164	2.959	142.310
892	73	255	479.034	419.541	30.385	11.402	8.152	147.207
893	61	255	1171.418	420.172	28.728	9.742	7.973	165.117
894	60	255	1140.067	418.500	28.142	9.700	7.875	61.702
895	19	255	693.079	419.184	15.314	5.534	4.371	139.764
896	55	255	729.464	418.136	26.971	8.990	7.789	156.858
897	68	255	851.721	417.059	29.799	10.577	8.185	114.556
898	49	255	140.663	415.847	24.728	8.649	7.214	72.648
899	40	255	332.000	416.000	22.142	8.346	6.102	107.039
900	69	255	1064.674	414.196	31.213	10.739	8.181	160.956
901	42	255	773.167	414.405	22.971	8.338	6.413	29.353
902	39	255	1096.808	414.141	22.728	8.139	6.101	92.119
903	47	255	1199.330	410.691	32.870	8.715	6.867	138.276
904	59	255	347.551	407.602	27.799	9.556	7.862	51.941
905	49	255	645.582	405.765	31.213	9.890	6.308	90.307
906	39	255	711.321	407.910	23.556	7.569	6.561	160.912
907	46	255	470.848	405.000	24.142	8.409	6.965	90.000
908	67	255	329.978	402.918	29.556	9.982	8.546	91.700
909	55	255	755.591	403.864	38.870	9.314	7.518	173.252
910	79	255	789.133	403.057	32.385	11.466	8.772	44.489
911	6	255	423.000	405.500	7.657	3.385	2.257	90.000
912	60	255	776.950	401.950	28.971	10.584	7.218	112.526
913	63	255	856.389	401.913	29.799	10.349	7.751	83.345
914	66	255	157.833	401.182	29.456	9.487	8.858	19.018
915	65	255	305.608	401.392	28.385	10.124	8.175	134.999
916	69	255	1077.123	400.717	30.142	10.417	8.433	88.023
917	50	255	1202.420	398.420	24.971	9.179	6.935	175.848
918	96	255	1214.896	398.125	36.971	14.488	8.437	1.583
919	56	255	769.571	396.482	27.799	8.981	7.939	112.047
920	121	255	1188.764	390.318	50.184	16.949	9.090	59.735
921	59	255	343.602	392.347	29.213	11.452	6.559	130.451
922	8	255	371.000	395.000	9.657	4.514	2.257	90.000
923	63	255	937.786	392.230	31.799	9.178	8.740	90.244
924	96	255	448.510	390.521	36.042	12.479	9.795	20.915
925	70	255	909.457	390.443	29.556	9.589	9.294	53.130
926	52	255	300.462	389.923	26.142	8.488	7.800	75.818
927	3	255	1173.833	393.167	5.657	2.365	1.615	45.000
928	146	255	799.753	386.486	68.669	17.842	10.419	7.071
929	69	255	1200.457	387.601	32.042	11.714	7.500	150.492
930	64	255	289.328	384.047	31.213	12.413	6.565	67.091
931	49	255	33.031	384.378	26.142	9.562	6.524	83.953
932	54	255	319.019	384.130	27.556	10.249	6.708	124.736
933	49	255	326.990	384.622	28.971	10.742	5.808	61.926
934	53	255	786.179	384.425	34.042	9.461	7.133	123.617
935	58	255	885.000	383.621	34.627	9.131	8.088	73.842
936	75	255	129.900	379.140	31.213	11.093	8.609	52.123
937	47	255	837.117	380.755	28.971	9.417	6.355	26.235
938	72	255	849.625	378.278	30.971	10.591	8.656	120.128
939	54	255	959.389	378.926	26.385	8.978	7.658	142.719
940	58	255	1204.931	378.310	27.799	9.337	7.910	56.862
941	66	255	748.561	377.697	28.385	10.003	8.401	134.842
942	73	255	976.473	376.199	31.556	12.168	7.638	92.955
943	71	255	594.739	376.359	30.385	10.149	8.908	139.944
944	38	255	1182.553	377.947	22.728	7.831	6.179	15.959
945	106	255	332.472	373.226	40.870	14.401	9.372	124.497
946	90	255	922.689	375.278	34.385	11.424	10.031	169.980
947	3	255	878.833	377.833	5.657	2.365	1.615	135.000
948	5	255	1194.500	377.700	12.728	3.846	1.655	19.903
949	31	255	306.661	374.661	22.385	6.919	5.705	3.903
950	33	255	790.227	374.591	22.385	6.566	6.399	121.717
951	28	255	878.393	373.393	24.971	7.463	4.777	129.395
952	55	255	208.900	372.045	27.799	10.587	6.615	166.163
953	34	255	292.824	372.647	20.142	6.951	6.228	67.557
954	61	255	530.877	371.680	27.556	9.255	8.392	103.261
955	57	255	734.605	371.746	33.213	9.110	7.966	61.172
956	65	255	119.408	370.546	28.971	9.340	8.861	110.269
957	80	255	321.587	370.350	36.042	13.714	7.428	159.300
958	41	255	758.354	370.622	22.971	8.316	6.278	120.095
959	73	255	344.158	370.130	32.971	11.683	7.956	5.136
960	37	255	456.959	371.041	22.142	7.721	6.101	45.001
961	28	255	281.964	369.857	18.728	6.389	5.580	149.590
962	70	255	894.871	364.129	31.213	10.267	8.681	77.418
963	40	255	1130.400	365.300	26.142	8.944	5.694	51.645
964	64	255	291.047	361.438	29.213	10.574	7.706	107.332
965	50	255	310.300	363.320	25.556	8.698	7.319	7.505
966	65	255	545.592	361.931	29.213	9.833	8.416	129.487
967	86	255	719.535	361.895	33.213	11.533	9.495	144.785
968	40	255	760.500	362.250	22.971	7.465	6.823	90.000
969	51	255	815.167	361.559	26.385	9.229	7.036	120.533
970	48	255	865.479	361.708	26.971	10.599	5.766	36.923
971	49	255	876.010	361.663	26.728	9.956	6.266	107.080
972	60	255	234.450	361.117	28.142	10.007	7.634	28.224
973	47	255	323.351	361.309	34.627	8.826	6.780	9.618
974	49	255	452.704	360.439	27.213	9.732	6.411	84.880
975	49	255	222.643	358.214	33.213	8.028	7.771	73.155
976	52	255	300.654	358.558	26.385	8.735	7.580	11.701
977	58	255	563.379	357.983	29.213	8.789	8.402	171.496
978	43	255	625.221	358.430	24.627	7.623	7.182	25.189
979	32	255	796.875	358.906	20.971	6.722	6.062	121.222
980	56	255	1155.911	357.179	29.799	9.592	7.433	67.769
981	47	255	269.755	357.245	24.385	8.248	7.255	45.002
982	59	255	851.669	356.246	28.142	10.355	7.255	77.760
983	46	255	886.609	356.870	23.556	8.219	7.126	107.262
984	59	255	482.025	356.008	28.627	9.683	7.758	33.391
985	60	255	339.817	355.050	28.385	9.956	7.673	135.024
986	40	255	1030.275	355.225	27.213	7.759	6.564	8.878
987	71	255	414.923	353.500	37.456	10.591	8.535	32.076
988	76	255	652.421	352.855	41.456	10.202	9.485	67.906
989	89	255	7.747	351.927	34.627	11.406	9.935	16.308
990	50	255	669.100	351.640	34.042	9.043	7.040	10.813
991	65	255	1190.515	350.162	29.213	10.746	7.702	48.163
992	51	255	311.716	350.049	25.799	8.949	7.256	146.841
993	81	255	332.981	348.488	32.627	10.863	9.494	87.008
994	59	255	814.669	350.076	27.799	10.284	7.304	151.305
995	41	255	868.061	351.305	24.971	9.066	5.758	8.898
996	68	255	322.882	346.632	32.627	11.941	7.251	101.364
997	54	255	149.870	346.204	26.142	8.427	8.159	97.896
998	84	255	469.060	344.810	33.456	12.002	8.911	150.831
999	60	255	660.267	345.117	29.213	9.435	8.097	71.139
1000	48	255	803.375	346.438	24.971	8.550	7.148	4.805
1001	60	255	1200.283	345.817	26.971	9.218	8.287	4.746
1002	55	255	300.318	345.100	26.971	8.485	8.253	18.036
1003	89	255	836.994	343.590	45.355	13.552	8.362	30.320
1004	33	255	946.803	346.561	20.728	8.319	5.051	2.085
1005	60	255	1124.833	345.150	28.385	9.831	7.771	5.347
1006	5	255	1000.100	345.900	9.657	4.076	1.562	69.006
1007	51	255	1112.696	343.931	26.971	8.716	7.450	9.815
1008	83	255	487.500	339.392	39.456	12.517	8.443	87.847
1009	58	255	1027.138	341.690	27.556	10.323	7.154	5.085
1010	63	255	395.738	339.595	27.799	9.530	8.417	127.013
1011	53	255	533.877	339.557	28.142	9.527	7.084	106.955
1012	49	255	652.092	340.214	25.556	8.355	7.467	15.409
1013	162	255	817.012	334.611	49.941	18.161	11.357	64.982
1014	54	255	56.463	337.852	28.042	10.671	6.443	119.358
1015	34	255	315.765	339.324	23.556	8.196	5.282	72.209
1016	53	255	907.500	336.915	32.385	10.921	6.179	112.302
1017	62	255	509.516	335.774	29.213	11.031	7.157	40.662
1018	93	255	800.425	335.790	35.799	13.775	8.596	165.437
1019	1	255	1114.500	339.500	2.828	1.128	1.128	0.000
1020	58	255	353.466	334.672	27.799	10.016	7.373	140.026
1021	58	255	620.466	334.707	33.456	9.183	8.041	179.582
1022	41	255	1071.768	333.866	23.556	8.450	6.178	164.483
1023	69	255	555.833	332.210	32.042	10.949	8.024	165.356
1024	59	255	1056.415	332.331	33.456	9.955	7.546	151.275
1025	67	255	1154.948	332.455	29.213	9.647	8.843	9.556
1026	6	255	516.667	334.333	8.485	3.140	2.433	135.000
1027	1	255	519.500	335.500	2.828	1.128	1.128	0.000
1028	53	255	747.689	331.594	30.042	9.420	7.164	147.857
1029	89	255	885.174	330.365	33.799	11.130	10.181	72.257
1030	65	255	1196.192	331.515	28.971	9.891	8.367	123.407
1031	1	255	531.500	334.500	2.828	1.128	1.128	0.000
1032	56	255	593.268	329.929	27.799	9.339	7.635	83.059
1033	90	255	117.122	329.089	34.627	11.450	10.008	18.892
1034	73	255	1101.678	329.322	31.213	10.003	9.292	134.995
1035	65	255	98.823	327.977	29.213	10.000	8.276	114.370
1036	74	255	483.027	328.122	31.213	10.578	8.907	142.365
1037	68	255	308.500	325.250	31.213	10.727	8.071	105.476
1038	34	255	503.588	327.676	22.385	7.286	5.942	103.881
1039	58	255	462.793	325.483	26.971	9.174	8.050	103.977
1040	31	255	492.048	326.919	19.314	6.461	6.109	30.964
1041	1	255	519.500	329.500	2.828	1.128	1.128	0.000
1042	45	255	804.411	324.656	25.556	8.827	6.491	60.286
1043	63	255	1088.389	324.437	28.971	9.449	8.489	101.471
1044	41	255	224.841	323.915	24.627	8.404	6.212	123.215
1045	34	255	330.529	324.147	21.556	7.795	5.553	43.624
1046	34	255	449.324	324.735	20.728	7.690	5.629	120.624
1047	64	255	81.281	322.219	29.799	9.606	8.483	32.966
1048	87	255	535.672	321.511	34.042	10.578	10.472	169.590
1049	1	255	746.500	326.500	2.828	1.128	1.128	0.000
1050	4	255	1056.500	326.250	7.071	2.734	1.863	0.000
1051	92	255	139.489	320.989	34.385	11.521	10.168	9.055
1052	33	255	903.561	322.227	22.142	9.022	4.657	40.675
1053	32	255	949.656	323.094	20.728	7.364	5.533	23.134
1054	45	255	1135.322	321.744	31.213	8.744	6.553	150.713
1055	58	255	436.310	317.914	31.213	11.148	6.624	63.163
1056	39	255	516.218	319.423	22.728	7.649	6.492	127.341
1057	31	255	573.468	320.210	21.556	7.536	5.238	22.122
1058	53	255	676.274	319.425	26.385	9.720	6.942	166.388
1059	44	255	821.455	318.386	35.456	8.085	6.929	112.479
1060	36	255	116.833	317.889	22.142	7.321	6.261	115.235
1061	69	255	809.833	314.920	30.971	11.484	7.650	72.982
1062	53	255	1000.387	316.575	26.142	9.544	7.070	20.044
1063	45	255	1114.189	315.789	30.385	9.416	6.085	41.913
1064	38	255	34.184	315.974	22.142	7.879	6.141	159.594
1065	45	255	94.678	315.478	24.142	8.744	6.553	143.950
1066	41	255	300.110	315.037	25.213	7.685	6.793	75.286
1067	46	255	1041.674	312.957	36.284	9.761	6.000	153.674
1068	44	255	391.636	312.273	24.971	8.930	6.273	23.078
1069	62	255	499.952	311.403	29.213	10.304	7.661	47.450
1070	73	255	775.788	311.514	30.385	10.512	8.842	20.802
1071	50	255	195.720	310.880	26.385	8.651	7.359	80.549
1072	42	255	510.381	310.905	30.971	7.902	6.767	93.414
1073	38	255	547.737	312.079	22.971	8.735	5.539	165.235
1074	35	255	108.729	309.329	22.385	7.557	5.897	79.495
1075	28	255	644.500	309.429	20.142	7.188	4.960	163.200
1076	3	255	1093.833	310.500	7.657	3.213	1.189	61.845
1077	8	255	1098.875	309.250	12.485	4.287	2.376	105.274
1078	48	255	766.708	306.271	24.971	8.317	7.348	148.683
1079	83	255	826.596	303.886	33.213	11.403	9.268	138.905
1080	53	255	445.632	302.349	34.627	9.881	6.829	80.347
1081	39	255	1068.141	302.397	21.556	7.271	6.830	126.379
1082	38	255	505.158	301.263	21.799	7.177	6.741	11.559
1083	126	255	96.603	296.500	45.698	15.153	10.587	56.962
1084	74	255	957.514	297.081	30.971	10.433	9.031	80.677
1085	53	255	117.896	296.500	26.385	9.052	7.455	59.524
1086	75	255	347.033	296.447	30.971	10.282	9.288	18.835
1087	60	255	524.567	296.217	27.556	9.585	7.970	16.970
1088	52	255	1096.712	295.500	38.627	8.429	7.855	16.553
1089	67	255	80.769	292.590	29.799	10.649	8.011	93.723
1090	31	255	985.113	293.435	20.971	6.668	5.919	122.056
1091	72	255	824.236	291.250	31.213	10.900	8.411	14.478
1092	73	255	1168.856	290.705	32.284	13.006	7.146	141.976
1093	67	255	383.187	288.933	29.799	9.614	8.874	86.961
1094	43	255	634.709	289.919	30.971	8.334	6.569	110.620
1095	8	255	1085.000	291.500	14.485	5.802	1.756	107.496
1096	34	255	215.824	289.853	21.314	7.088	6.108	39.316
1097	48	255	754.688	288.979	32.042	9.933	6.153	141.652
1098	42	255	848.976	287.857	32.042	9.403	5.687	142.459
1099	56	255	327.732	287.036	26.385	9.284	7.680	19.152
1100	44	255	100.523	285.045	23.556	8.102	6.914	92.911
1101	58	255	1000.879	283.672	27.556	9.451	7.813	73.003
1102	1	255	631.500	286.500	2.828	1.128	1.128	0.000
1103	55	255	783.155	282.355	31.213	8.918	7.852	94.924
1104	93	255	1073.242	278.833	42.284	15.214	7.783	141.044
1105	54	255	545.000	277.870	30.042	9.768	7.039	57.841
1106	57	255	236.798	277.500	26.971	10.410	6.972	15.305
1107	54	255	499.204	276.519	27.799	8.493	8.096	8.242
1108	62	255	828.290	275.968	38.870	9.392	8.405	99.257
1109	55	255	739.700	275.373	26.385	9.624	7.276	120.118
1110	49	255	984.357	275.092	34.971	8.872	7.032	65.509
1111	10	255	777.100	276.500	13.314	4.918	2.589	163.586
1112	88	255	1035.739	270.261	34.042	10.989	10.196	8.063
1113	67	255	853.799	266.978	32.627	10.691	7.979	22.645
1114	56	255	219.518	265.071	26.971	9.806	7.271	143.550
1115	50	255	290.600	265.480	25.799	9.883	6.441	153.840
1116	59	255	343.788	264.347	27.556	9.351	8.034	105.681
1117	93	255	172.296	261.468	35.213	12.382	9.563	9.170
1118	33	255	326.318	263.318	20.385	6.522	6.443	135.000
1119	117	255	13.047	261.150	43.213	16.256	9.164	11.804
1120	41	255	2.573	260.866	23.899	9.542	5.471	93.931
1121	49	255	759.459	260.418	24.971	8.773	7.111	1.279
1122	42	255	817.595	260.357	23.556	7.678	6.965	152.893
1123	55	255	1019.700	256.173	32.627	8.959	7.817	20.927
1124	37	255	490.527	256.014	23.799	7.817	6.026	5.040
1125	48	255	1188.458	254.521	24.971	8.556	7.143	5.116
1126	63	255	982.738	252.976	29.213	9.756	8.222	172.643
1127	66	255	1204.682	252.121	30.142	10.372	8.102	95.304
1128	65	255	522.408	251.808	38.870	10.052	8.233	139.293
1129	1	255	949.500	255.500	2.828	1.128	1.128	0.000
1130	39	255	1136.474	252.295	24.971	9.273	5.355	178.402
1131	80	255	73.312	247.862	34.284	10.705	9.515	93.014
1132	37	255	933.392	250.473	20.971	7.212	6.533	152.330
1133	42	255	945.357	249.881	26.971	8.563	6.245	2.468
1134	91	255	33.467	246.863	33.799	11.578	10.007	160.218
1135	54	255	837.704	248.667	31.213	10.528	6.531	164.745
1136	49	255	467.418	246.827	38.284	9.244	6.749	128.285
1137	76	255	590.487	246.684	49.113	12.051	8.030	20.821
1138	39	255	799.269	248.038	23.799	8.682	5.719	6.119
1139	29	255	497.121	245.983	20.142	7.781	4.745	46.739
1140	37	255	871.743	245.041	36.870	7.893	5.969	55.759
1141	37	255	339.635	246.041	22.142	7.675	6.138	13.296
1142	44	255	12.432	244.477	26.142	7.949	7.048	45.131
1143	36	255	191.028	243.444	21.556	7.829	5.855	52.859
1144	58	255	480.103	240.672	28.385	10.498	7.035	11.611
1145	34	255	1171.500	240.529	21.556	7.360	5.882	62.373
1146	162	255	1215.562	235.130	59.113	21.481	9.602	27.120
1147	46	255	1199.326	240.000	28.971	10.347	5.660	171.934
1148	65	255	898.454	237.008	29.213	9.653	8.573	98.064
1149	59	255	879.042	234.110	27.799	9.546	7.870	110.216
1150	28	255	207.786	235.393	18.728	7.242	4.923	165.832
1151	48	255	1148.042	234.146	25.556	8.746	6.988	32.993
1152	4	255	1201.750	235.250	7.657	3.192	1.596	161.565
1153	50	255	1042.800	230.600	28.971	9.760	6.523	115.077
1154	45	255	1186.789	231.367	23.556	7.973	7.186	17.383
1155	67	255	784.396	229.590	31.799	10.021	8.513	147.129
1156	30	255	1122.833	231.300	20.971	8.830	4.326	153.607
1157	42	255	723.905	230.000	24.971	8.780	6.091	152.317
1158	85	255	862.253	227.135	43.698	11.106	9.744	61.858
1159	59	255	337.568	226.754	36.042	10.326	7.275	109.917
1160	79	255	1198.171	226.981	39.698	11.279	8.918	27.192
1161	48	255	798.250	225.792	24.971	8.543	7.154	41.140
1162	41	255	598.549	225.793	22.971	8.755	5.963	14.023
1163	67	255	1180.201	224.739	29.799	11.178	7.632	166.580
1164	42	255	263.167	223.881	23.556	7.968	6.711	76.522
1165	68	255	1209.868	222.706	30.385	9.937	8.713	1.654
1166	75	255	350.367	220.860	30.971	10.370	9.209	82.713
1167	53	255	450.726	222.047	32.627	8.609	7.839	130.273
1168	62	255	908.629	221.823	43.698	9.338	8.454	175.791
1169	35	255	1074.786	223.014	22.971	8.334	5.347	23.635
1170	75	255	964.433	217.513	31.213	10.626	8.987	123.826
1171	16	255	1222.062	218.812	15.899	5.906	3.450	78.930
1172	34	255	727.647	217.529	20.971	6.748	6.415	159.604
1173	105	255	363.757	214.710	41.456	14.025	9.532	175.645
1174	54	255	776.870	216.037	26.142	9.091	7.563	52.559
1175	85	255	1187.465	215.759	33.556	11.759	9.204	169.817
1176	54	255	276.611	214.333	26.627	9.079	7.573	49.677
1177	102	255	113.461	212.196	37.113	12.706	10.221	136.874
1178	44	255	434.477	214.136	28.971	8.452	6.629	126.982
1179	52	255	1133.519	214.404	26.142	9.234	7.170	170.224
1180	85	255	1203.006	212.653	37.213	12.251	8.834	174.550
1181	56	255	741.143	212.214	26.971	9.193	7.756	174.996
1182	51	255	1172.167	212.049	25.556	8.446	7.688	138.411
1183	15	255	1221.900	213.300	17.314	5.074	3.764	165.034
1184	97	255	352.129	208.593	54.527	13.683	9.026	107.629
1185	4	255	713.000	214.000	5.657	2.257	2.257	0.000
1186	88	255	341.318	208.443	33.799	11.159	10.040	70.792
1187	50	255	471.800	210.480	25.556	8.294	7.675	18.043
1188	11	255	446.318	211.136	13.899	5.353	2.616	130.748
1189	55	255	591.191	207.918	26.728	8.986	7.793	52.248
1190	40	255	632.975	207.400	22.971	7.993	6.372	16.930
1191	48	255	1146.146	207.042	24.971	9.203	6.640	49.397
1192	48	255	1183.104	207.167	25.799	8.204	7.450	121.124
1193	33	255	125.561	206.197	21.314	8.319	5.051	92.085
1194	1	255	444.500	209.500	2.828	1.128	1.128	0.000
1195	43	255	1118.291	206.407	23.799	8.332	6.571	1.684
1196	94	255	435.553	203.032	51.698	12.564	9.526	95.495
1197	72	255	457.361	203.153	30.385	10.316	8.887	55.080
1198	38	255	280.342	204.105	21.899	7.415	6.525	175.510
1199	40	255	924.250	203.750	24.627	8.071	6.310	167.466
1200	38	255	969.553	203.658	21.556	7.416	6.524	51.849
1201	85	255	447.159	199.782	33.456	11.215	9.650	65.170
1202	66	255	883.485	200.985	29.314	9.770	8.601	13.487
1203	64	255	1202.000	198.281	28.142	9.523	8.557	90.000
1204	44	255	1054.455	198.023	23.556	8.437	6.640	56.953
1205	56	255	420.571	195.571	27.213	8.831	8.074	90.356
1206	51	255	1214.598	195.363	25.556	9.350	6.945	103.255
1207	68	255	97.838	194.412	29.556	10.449	8.286	78.622
1208	86	255	1068.593	192.012	34.385	12.292	8.908	79.928
1209	33	255	156.167	192.833	24.385	7.717	5.445	100.246
1210	75	255	727.407	191.287	31.213	10.723	8.905	118.120
1211	80	255	442.200	190.375	34.042	11.688	8.715	161.421
1212	55	255	756.827	190.245	26.971	8.598	8.145	172.544
1213	150	255	455.047	186.533	61.841	16.595	11.509	17.525
1214	45	255	1202.700	188.322	24.385	7.984	7.176	46.121
1215	51	255	379.676	187.127	26.385	8.189	7.930	163.796
1216	67	255	957.978	184.843	29.556	11.038	7.728	164.205
1217	61	255	1210.221	183.975	29.213	9.200	8.442	59.195
1218	149	255	491.366	178.701	54.184	20.625	9.198	113.897
1219	61	255	438.467	182.139	28.627	10.631	7.306	133.994
1220	11	255	641.409	184.864	11.071	4.384	3.195	105.071
1221	61	255	234.352	180.303	31.799	9.213	8.430	21.229
1222	85	255	476.594	177.841	33.213	11.590	9.338	94.711
1223	32	255	501.906	181.344	20.728	7.509	5.426	141.784
1224	52	255	97.327	178.962	25.556	9.026	7.335	133.290
1225	60	255	216.350	176.550	29.213	11.056	6.910	131.656
1226	48	255	1174.812	178.854	24.971	8.957	6.823	179.272
1227	68	255	59.912	175.706	32.385	11.867	7.296	91.127
1228	14	255	227.857	178.214	15.314	5.880	3.031	106.319
1229	56	255	1123.589	176.393	26.627	8.865	8.043	15.066
1230	47	255	616.926	176.415	24.728	8.185	7.312	169.451
1231	43	255	533.826	171.733	23.556	8.219	6.661	157.898
1232	46	255	1060.413	171.000	24.142	8.252	7.098	90.000
1233	73	255	1115.445	169.418	31.213	11.777	7.892	124.230
1234	53	255	109.726	169.500	32.042	9.637	7.003	51.121
1235	51	255	905.422	169.578	29.213	9.916	6.548	36.204
1236	50	255	980.120	170.400	24.728	8.586	7.415	15.247
1237	45	255	1002.944	170.589	24.728	8.796	6.514	14.439
1238	75	255	780.487	164.873	43.698	10.986	8.692	112.091
1239	40	255	880.400	166.225	23.556	8.485	6.002	48.839
1240	90	255	157.322	163.122	33.799	11.013	10.405	177.648
1241	51	255	350.186	162.167	25.799	8.666	7.493	92.140
1242	78	255	1068.077	161.974	31.799	10.814	9.184	50.821
1243	69	255	282.688	162.036	30.627	11.052	7.949	170.558
1244	65	255	607.146	160.715	30.042	10.613	7.798	139.538
1245	35	255	917.186	160.643	24.385	7.912	5.632	24.472
1246	73	255	1041.048	159.130	31.213	10.813	8.595	43.986
1247	76	255	1109.803	159.118	30.627	10.422	9.285	139.302
1248	66	255	223.530	158.333	28.971	9.788	8.585	50.379
1249	36	255	994.444	160.139	24.971	7.645	5.996	13.173
1250	29	255	1005.810	157.086	33.799	6.644	5.558	44.103
1251	52	255	1144.038	155.365	30.627	9.548	6.935	133.371
1252	60	255	1098.750	154.850	28.385	9.966	7.665	153.468
1253	58	255	410.224	152.828	27.799	9.246	7.987	64.663
1254	81	255	737.907	152.759	33.213	10.577	9.751	106.599
1255	63	255	205.865	151.532	31.799	10.585	7.578	133.337
1256	83	255	380.536	150.078	33.213	11.379	9.287	93.475
1257	42	255	511.190	151.929	28.385	8.449	6.329	93.318
1258	60	255	1122.600	150.983	28.142	10.565	7.231	99.291
1259	56	255	438.839	150.411	26.385	8.872	8.036	108.711
1260	54	255	1074.537	150.685	26.728	9.629	7.141	71.311
1261	56	255	56.268	150.536	27.799	9.666	7.377	159.589
1262	76	255	288.105	148.066	34.042	10.161	9.523	35.996
1263	41	255	929.598	149.451	27.556	8.206	6.361	132.557
1264	40	255	1179.450	149.575	31.213	7.802	6.528	33.609
1265	65	255	761.115	147.638	29.213	10.096	8.198	137.721
1266	19	255	839.026	149.132	16.142	5.822	4.155	15.914
1267	1	255	1142.500	150.500	2.828	1.128	1.128	0.000
1268	71	255	1002.359	144.148	33.213	13.177	6.860	113.177
1269	30	255	754.433	144.200	20.971	8.038	4.752	130.079
1270	2	255	205.500	146.000	4.828	2.257	1.128	90.000
1271	45	255	882.056	140.744	26.142	9.114	6.286	101.598
1272	50	255	895.080	140.760	26.971	8.783	7.249	168.037
1273	72	255	1091.139	140.556	30.971	10.531	8.705	32.294
1274	54	255	771.537	139.185	26.385	9.615	7.151	35.043
1275	45	255	744.144	138.144	24.971	8.295	6.907	18.110
1276	51	255	1020.833	138.559	30.971	8.628	7.526	10.303
1277	43	255	235.500	137.244	22.728	7.789	7.029	37.700
1278	64	255	1203.359	134.484	29.556	11.271	7.230	95.141
1279	8	255	1223.125	137.500	11.657	4.769	2.136	90.000
1280	40	255	944.175	134.475	24.385	8.587	5.931	86.831
1281	43	255	1170.965	134.407	29.213	8.505	6.438	65.632
1282	91	255	322.390	132.544	34.042	10.923	10.608	134.324
1283	48	255	287.042	133.417	25.556	8.407	7.270	9.667
1284	74	255	995.838	132.014	32.385	10.510	8.965	105.571
1285	58	255	207.776	131.052	28.627	9.033	8.176	162.510
1286	46	255	252.739	131.196	28.385	8.613	6.800	139.211
1287	83	255	267.789	129.018	34.627	11.524	9.170	105.774
1288	78	255	552.192	130.808	32.385	11.235	8.840	10.897
1289	67	255	151.022	127.037	29.213	10.064	8.476	171.739
1290	37	255	536.338	129.122	22.142	7.951	5.925	160.444
1291	53	255	742.500	128.538	35.456	9.489	7.111	13.770
1292	57	255	76.360	126.518	27.213	8.971	8.090	62.972
1293	17	255	1017.676	127.735	14.728	5.620	3.851	39.800
1294	53	255	879.575	125.651	28.971	9.425	7.160	1.921
1295	3	255	0.500	125.500	6.828	3.385	1.128	90.000
1296	111	255	726.266	120.140	38.042	12.939	10.923	101.000
1297	34	255	31.088	122.294	24.385	8.049	5.378	50.406
1298	32	255	242.375	122.500	20.728	7.735	5.268	0.000
1299	49	255	326.643	120.867	31.213	9.520	6.553	44.253
1300	88	255	894.830	119.011	34.971	12.777	8.769	76.129
1301	50	255	1212.280	119.960	27.213	10.493	6.067	45.466
1302	59	255	748.280	120.144	28.971	8.976	8.369	171.875
1303	53	255	809.575	118.481	32.385	11.660	5.788	106.487
1304	57	255	1164.149	120.061	27.556	9.097	7.978	108.030
1305	5	255	979.900	121.300	7.657	3.144	2.025	108.435
1306	73	255	309.377	116.075	30.385	10.349	8.981	75.165
1307	40	255	619.375	116.200	26.385	8.202	6.209	66.733
1308	50	255	737.080	115.260	34.042	8.379	7.598	27.244
1309	35	255	1045.671	116.100	23.556	8.382	5.316	92.113
1310	52	255	225.981	115.096	25.556	8.442	7.843	59.431
1311	52	255	454.000	115.500	25.314	8.682	7.626	0.000
1312	47	255	217.564	113.947	24.142	8.468	7.067	110.584
1313	49	255	886.561	113.663	25.556	8.956	6.966	94.921
1314	80	255	395.475	111.900	32.042	12.060	8.446	147.501
1315	53	255	27.142	111.953	25.556	8.638	7.812	140.715
1316	41	255	375.061	111.890	22.728	8.179	6.383	95.009
1317	62	255	534.387	111.339	28.385	9.374	8.421	71.869
1318	38	255	563.974	110.816	23.556	7.927	6.104	83.436
1319	62	255	1027.000	110.145	27.556	9.165	8.613	90.000
1320	29	255	548.776	110.914	18.728	6.304	5.857	119.350
1321	68	255	605.265	108.647	30.627	12.317	7.030	56.429
1322	42	255	767.690	109.690	24.142	7.934	6.741	144.777
1323	99	255	741.702	106.035	37.799	14.152	8.907	60.390
1324	62	255	866.935	107.210	28.627	9.350	8.443	112.746
1325	80	255	902.763	106.700	40.284	10.671	9.545	171.608
1326	62	255	1109.065	107.790	28.627	9.723	8.119	140.656
1327	70	255	43.471	105.586	30.385	10.542	8.454	39.028
1328	55	255	826.900	104.336	26.971	9.128	7.672	88.939
1329	94	255	893.798	100.223	38.385	14.424	8.298	85.948
1330	69	255	840.920	102.138	30.385	10.215	8.600	98.524
1331	4	255	0.500	104.000	8.828	4.514	1.128	90.000
1332	81	255	880.660	99.759	32.627	12.346	8.354	117.508
1333	61	255	491.795	101.336	28.385	10.200	7.614	10.807
1334	36	255	25.750	100.722	24.385	7.509	6.104	60.202
1335	53	255	219.387	100.802	27.314	10.046	6.717	17.535
1336	62	255	399.000	98.500	29.213	10.394	7.595	153.780
1337	29	255	551.293	100.052	20.142	7.008	5.269	42.477
1338	42	255	765.214	96.500	23.799	7.712	6.934	131.942
1339	56	255	539.964	94.661	26.971	9.076	7.856	91.693
1340	61	255	300.844	92.730	28.385	9.858	7.879	93.304
1341	82	255	1119.890	91.976	32.870	11.174	9.344	119.785
1342	89	255	130.961	91.129	34.627	11.669	9.711	132.737
1343	52	255	202.250	91.981	26.971	10.703	6.186	18.338
1344	72	255	1048.083	91.833	30.728	10.725	8.548	6.603
1345	65	255	419.946	90.300	29.556	10.563	7.835	12.146
1346	36	255	369.806	89.972	24.971	7.472	6.135	121.079
1347	63	255	185.817	86.357	28.971	9.480	8.462	77.178
1348	50	255	336.800	87.380	25.799	9.465	6.726	10.211
1349	44	255	804.045	87.727	23.556	8.314	6.739	22.472
1350	52	255	632.769	86.096	26.385	9.449	7.007	46.350
1351	37	255	388.662	84.068	24.971	7.173	6.568	58.826
1352	93	255	884.823	82.866	34.627	10.997	10.768	12.137
1353	51	255	1208.931	83.971	24.971	8.201	7.917	113.199
1354	37	255	1081.068	83.068	21.556	7.663	6.148	7.109
1355	47	255	28.819	80.096	25.799	8.350	7.166	42.509
1356	36	255	192.750	80.139	22.971	8.299	5.523	124.053
1357	54	255	1056.481	79.926	26.385	9.940	6.917	146.406
1358	44	255	56.250	78.136	23.556	8.253	6.788	102.466
1359	66	255	914.652	77.288	30.385	9.890	8.497	89.408
1360	36	255	809.056	75.611	48.527	7.682	5.966	65.432
1361	54	255	826.481	76.944	29.213	9.281	7.408	131.320
1362	9	255	0.944	77.278	11.657	5.229	2.191	94.731
1363	32	255	145.656	75.938	21.556	7.385	5.517	41.497
1364	50	255	328.680	74.860	27.799	9.835	6.473	18.835
1365	3	255	810.167	76.500	7.657	3.213	1.189	118.155
1366	42	255	566.952	73.238	24.971	8.307	6.437	29.932
1367	4	255	1223.500	75.000	8.828	4.514	1.128	90.000
1368	41	255	947.232	69.183	23.314	8.546	6.108	107.793
1369	52	255	8.596	68.038	25.799	8.992	7.363	29.621
1370	65	255	558.054	66.300	30.971	12.379	6.686	90.356
1371	48	255	508.667	67.250	25.556	8.513	7.179	11.773
1372	69	255	1116.645	66.399	32.042	12.447	7.058	38.989
1373	62	255	155.452	65.113	28.142	9.934	7.947	23.879
1374	60	255	51.050	62.117	34.284	10.099	7.565	39.221
1375	61	255	788.270	59.713	32.042	10.639	7.300	54.382
1376	39	255	80.038	60.782	23.314	8.106	6.126	23.163
1377	69	255	470.486	59.486	30.042	10.057	8.736	133.439
1378	55	255	11.300	57.900	26.385	9.538	7.342	37.466
1379	45	255	740.767	58.878	28.385	8.126	7.051	11.733
1380	71	255	310.387	56.894	31.213	11.352	7.963	168.738
1381	56	255	1057.982	56.268	28.385	9.928	7.182	111.479
1382	51	255	23.363	53.637	24.971	8.859	7.330	101.718
1383	67	255	449.694	53.172	33.213	10.360	8.234	5.939
1384	66	255	64.561	49.939	29.799	9.711	8.654	105.246
1385	44	255	204.341	50.909	24.385	8.723	6.422	108.715
1386	6	255	858.667	53.333	8.485	3.140	2.433	135.000
1387	59	255	980.297	49.534	27.799	9.310	8.069	19.306
1388	54	255	482.037	49.148	26.728	8.959	7.674	28.312
1389	10	255	1222.900	49.800	15.314	5.960	2.136	76.960
1390	48	255	961.708	46.812	25.213	8.911	6.858	43.392
1391	55	255	1037.882	45.064	26.385	9.054	7.734	59.070
1392	33	255	1211.288	47.106	24.142	6.580	6.386	25.482
1393	66	255	276.197	43.924	32.627	10.135	8.292	125.443
1394	70	255	28.486	42.700	29.799	9.702	9.186	71.173
1395	61	255	40.221	43.090	28.971	10.394	7.473	100.080
1396	41	255	412.549	44.110	24.385	8.124	6.426	64.534
1397	35	255	454.414	43.957	22.142	7.568	5.889	163.206
1398	53	255	313.085	40.934	26.142	8.645	7.806	28.264
1399	72	255	465.944	39.792	30.971	10.365	8.844	6.315
1400	48	255	763.396	40.104	27.556	8.749	6.985	65.399
1401	46	255	492.891	39.630	24.728	9.008	6.502	25.227
1402	39	255	577.603	39.372	24.971	8.687	5.716	128.219
1403	82	255	989.634	38.110	33.213	11.401	9.158	40.200
1404	46	255	607.957	38.587	27.213	8.907	6.576	3.658
1405	44	255	862.614	38.386	28.971	8.110	6.908	97.432
1406	48	255	1016.750	38.083	25.799	8.596	7.110	148.756
1407	56	255	1006.786	37.000	26.142	8.465	8.423	90.000
1408	38	255	1073.921	36.737	22.971	8.385	5.770	84.919
1409	57	255	483.693	34.114	28.385	9.667	7.508	78.743
1410	58	255	332.603	33.017	26.971	10.154	7.273	84.410
1411	57	255	883.921	33.289	27.799	9.115	7.962	98.734
1412	34	255	173.735	34.118	20.728	7.294	5.935	168.123
1413	32	255	372.562	32.719	19.556	6.963	5.852	167.004
1414	42	255	460.833	31.571	23.556	8.245	6.486	141.838
1415	94	255	355.096	28.074	40.870	11.272	10.618	165.449
1416	74	255	498.135	29.311	31.213	10.410	9.050	23.150
1417	66	255	755.561	28.591	41.941	11.476	7.322	131.859
1418	43	255	183.477	29.244	25.556	7.797	7.022	42.618
1419	43	255	720.500	29.105	23.799	8.238	6.646	132.283
1420	49	255	781.337	29.235	27.556	10.666	5.849	29.813
1421	63	255	1093.944	28.563	29.213	10.797	7.429	136.144
1422	90	255	102.333	26.244	34.385	11.994	9.554	178.133
1423	50	255	172.660	26.400	25.799	8.251	7.716	117.418
1424	45	255	859.767	27.767	31.213	8.237	6.956	10.736
1425	61	255	894.303	26.107	34.385	9.335	8.320	170.628
1426	113	255	196.270	20.996	49.355	15.607	9.219	107.512
1427	67	255	485.724	23.276	28.971	9.503	8.977	134.995
1428	58	255	1065.379	23.931	26.971	10.104	7.308	151.131
1429	52	255	527.442	23.442	25.556	9.589	6.905	15.154
1430	63	255	207.373	20.611	28.971	10.018	8.007	84.128
1431	36	255	870.694	22.389	34.627	7.578	6.048	116.362
1432	1	255	855.500	24.500	2.828	1.128	1.128	0.000
1433	83	255	926.223	19.620	32.627	10.900	9.696	90.101
1434	63	255	51.738	19.563	27.799	9.404	8.530	126.499
1435	57	255	432.570	19.921	27.556	8.936	8.122	37.066
1436	62	255	327.258	18.661	28.385	9.262	8.523	130.003
1437	47	255	1034.138	19.053	24.385	8.940	6.694	41.941
1438	40	255	1202.550	19.875	25.556	9.619	5.295	149.391
1439	92	255	737.815	16.565	34.627	11.701	10.011	52.304
1440	71	255	996.331	17.514	30.627	11.109	8.138	154.784
1441	58	255	423.793	16.362	27.799	9.054	8.156	138.541
1442	70	255	66.871	15.257	30.042	10.427	8.548	124.973
1443	46	255	507.196	16.043	29.799	9.452	6.197	129.156
1444	39	255	858.141	16.269	22.385	7.534	6.591	26.970
1445	71	255	770.655	14.359	35.799	9.991	9.048	155.063
1446	48	255	1161.333	13.729	44.527	9.423	6.486	175.933
1447	79	255	85.348	11.753	32.385	11.498	8.748	12.312
1448	60	255	135.967	10.983	29.799	9.478	8.060	104.624
1449	69	255	110.978	9.659	29.799	10.346	8.492	156.369
1450	57	255	389.588	8.307	27.213	9.609	7.553	35.986
1451	49	255	1085.398	8.214	24.971	8.698	7.173	89.566
1452	50	255	212.120	8.400	24.728	8.586	7.415	15.247
1453	64	255	450.484	5.953	36.042	11.321	7.198	83.133
1454	56	255	124.554	6.554	27.314	9.686	7.361	86.402
1455	124	255	1133.895	5.065	45.698	18.155	8.696	148.905
1456	45	255	100.478	5.833	24.971	8.631	6.638	160.632
1457	44	255	423.818	3.523	27.213	9.947	5.632	110.820
1458	45	255	433.411	4.211	24.728	7.942	7.214	68.708
1459	34	255	584.265	4.882	20.142	7.294	5.935	168.123
1460	69	255	1180.746	1.732	45.698	15.600	5.632	6.912
1461	32	255	400.531	1.219	21.314	7.832	5.202	12.341
1462	30	255	755.433	1.233	19.899	7.197	5.308	174.425
1463	43	255	967.058	1.314	26.142	10.333	5.298	178.841
1464	44	255	992.000	1.273	25.314	10.911	5.134	180.000
1465	30	255	1154.267	1.100	24.142	7.632	5.005	5.494
1466	29	255	513.362	0.776	21.314	8.580	4.304	0.587
1467	16	255	137.000	0.125	17.899	7.276	2.800	0.000
1468	15	255	736.567	0.500	17.556	6.863	2.783	173.444
1469	17	255	1116.912	0.206	17.899	7.235	2.992	177.889
1470	12	255	611.500	-0.083	15.071	6.944	2.200	0.000
1471	13	255	657.808	-0.115	17.071	7.741	2.138	178.228
1472	5	255	439.500	-0.500	10.243	5.642	1.128	0.000
1473	6	255	1030.000	-0.500	12.243	6.770	1.128	0.000
