 	Area	Mean	XM	YM	Perim.	Major	Minor	Angle
1	3	255	449.500	902.500	6.243	3.385	1.128	0.000
2	19	255	1222.605	897.500	16.485	7.375	3.280	90.000
3	20	255	1169.500	887.950	17.556	5.634	4.520	31.636
4	36	255	524.639	880.083	32.042	8.188	5.598	91.012
5	55	255	809.282	877.355	26.971	8.822	7.938	102.182
6	51	255	268.324	872.147	34.042	11.072	5.865	50.889
7	41	255	932.524	870.159	28.627	9.114	5.728	83.617
8	46	255	163.935	867.891	26.385	10.657	5.496	10.035
9	59	255	1140.822	863.263	30.870	11.032	6.810	105.677
10	72	255	281.764	862.333	30.385	9.972	9.193	164.202
11	51	255	761.441	857.108	25.556	9.135	7.108	104.645
12	40	255	706.725	857.175	22.728	8.269	6.159	14.515
13	30	255	1000.600	852.200	22.971	7.370	5.183	86.007
14	36	255	1194.861	849.278	24.728	9.633	4.758	8.466
15	62	255	822.452	845.194	27.799	9.346	8.447	152.269
16	1	255	377.500	845.500	2.828	1.128	1.128	0.000
17	56	255	377.696	840.875	30.971	9.443	7.551	171.889
18	33	255	651.106	833.106	24.971	6.682	6.288	170.265
19	48	255	86.417	826.062	24.971	8.976	6.809	113.151
20	19	255	623.395	826.868	18.971	6.212	3.894	130.948
21	12	255	0.917	813.500	15.657	6.944	2.200	90.000
22	20	255	76.650	803.400	20.142	6.031	4.223	59.154
23	27	255	46.352	803.574	18.142	6.722	5.114	0.506
24	41	255	619.695	792.988	24.971	9.270	5.632	162.880
25	32	255	1094.156	793.125	22.142	6.426	6.340	22.758
26	56	255	367.964	784.946	28.971	11.093	6.427	89.339
27	41	255	59.427	782.939	25.556	9.542	5.471	158.395
28	34	255	536.676	781.706	20.971	7.593	5.701	144.164
29	46	255	513.109	778.587	26.385	9.757	6.003	68.825
30	34	255	972.500	764.000	23.556	8.054	5.375	3.904
31	39	255	115.526	759.218	24.385	9.972	4.979	151.369
32	35	255	841.500	749.100	25.556	8.300	5.369	137.797
33	1	255	842.500	753.500	2.828	1.128	1.128	0.000
34	34	255	217.941	744.676	21.799	7.323	5.912	144.442
35	66	255	690.348	743.030	29.799	10.572	7.949	117.024
36	30	255	229.267	742.467	22.385	9.154	4.173	15.212
37	41	255	746.622	739.939	22.728	8.197	6.368	6.438
38	47	255	96.053	737.904	25.556	10.433	5.736	166.955
39	74	255	118.595	734.797	29.799	10.158	9.275	73.426
40	39	255	617.679	733.705	26.385	9.223	5.384	100.389
41	26	255	748.885	723.346	21.556	6.270	5.280	43.955
42	1	255	1017.500	726.500	2.828	1.128	1.128	0.000
43	35	255	1017.614	721.700	24.971	8.032	5.548	139.163
44	56	255	759.571	719.643	27.556	9.355	7.622	80.315
45	41	255	177.622	718.817	25.799	8.819	5.920	137.759
46	46	255	904.152	715.957	31.799	9.204	6.364	132.099
47	29	255	1143.466	714.500	23.556	7.766	4.755	90.000
48	45	255	821.500	712.500	23.314	7.569	7.569	0.000
49	35	255	306.929	711.557	22.385	8.995	4.954	29.273
50	29	255	1002.672	703.810	19.556	6.646	5.556	89.015
51	71	255	101.458	692.951	30.385	11.433	7.907	4.561
52	36	255	224.889	691.389	22.728	8.366	5.479	12.354
53	32	255	573.938	688.406	22.728	7.880	5.171	119.388
54	1	255	576.500	692.500	2.828	1.128	1.128	0.000
55	27	255	844.870	686.981	19.314	6.223	5.524	85.340
56	35	255	353.443	685.014	22.971	6.807	6.546	40.963
57	46	255	544.435	682.696	29.556	8.885	6.592	133.003
58	1	255	547.500	685.500	2.828	1.128	1.128	0.000
59	40	255	614.750	681.925	25.799	8.712	5.846	150.002
60	43	255	417.174	676.663	23.556	7.748	7.066	176.443
61	48	255	183.750	674.500	24.142	8.281	7.380	0.000
62	34	255	791.588	672.559	26.385	8.656	5.001	105.495
63	51	255	776.441	671.265	27.799	9.231	7.034	112.004
64	33	255	63.924	670.288	22.142	7.694	5.461	52.869
65	42	255	359.000	667.714	24.385	8.649	6.183	133.101
66	25	255	1012.620	667.180	22.385	7.166	4.442	77.343
67	1	255	795.500	670.500	2.828	1.128	1.128	0.000
68	33	255	1207.258	667.167	22.385	7.456	5.635	124.711
69	32	255	233.344	665.531	22.971	7.706	5.287	179.302
70	20	255	976.750	664.650	15.899	6.101	4.174	129.670
71	62	255	4.387	660.371	28.385	10.238	7.710	138.088
72	37	255	643.635	654.797	21.556	7.309	6.445	24.257
73	25	255	1031.140	653.620	17.899	6.404	4.970	24.831
74	38	255	1060.763	650.947	25.799	7.156	6.762	23.969
75	51	255	500.500	648.559	25.556	9.379	6.924	159.868
76	50	255	570.260	648.240	34.284	9.534	6.677	5.432
77	30	255	622.467	645.767	19.556	7.146	5.345	150.828
78	75	255	1079.967	644.180	31.799	10.812	8.832	143.801
79	43	255	1030.012	639.430	23.556	8.919	6.138	158.720
80	28	255	508.429	638.786	18.728	6.786	5.253	81.993
81	38	255	1085.447	631.526	23.556	7.385	6.551	121.601
82	34	255	223.500	630.265	22.971	9.181	4.715	140.165
83	43	255	428.453	630.244	24.971	9.400	5.824	31.341
84	33	255	151.773	625.470	21.556	8.462	4.965	132.008
85	42	255	376.714	625.905	24.142	9.273	5.767	13.505
86	44	255	713.659	603.795	28.385	7.956	7.042	140.851
87	33	255	780.894	588.803	20.971	7.349	5.717	10.296
88	22	255	552.409	586.182	18.971	5.713	4.903	34.188
89	52	255	31.596	584.731	26.142	9.392	7.049	18.117
90	50	255	13.540	579.420	25.556	9.425	6.755	13.876
91	41	255	724.988	576.427	23.799	9.093	5.741	44.689
92	63	255	735.563	575.389	28.385	9.623	8.336	40.154
93	65	255	41.131	568.377	30.627	10.841	7.634	99.139
94	19	255	556.605	570.447	15.314	6.158	3.929	141.916
95	28	255	16.107	567.893	25.799	6.873	5.187	159.472
96	53	255	1054.519	566.311	28.627	8.383	8.050	92.424
97	68	255	702.279	560.132	30.971	11.295	7.666	82.571
98	25	255	1177.700	559.620	20.728	8.240	3.863	116.630
99	30	255	407.033	557.400	21.556	8.546	4.470	116.849
100	40	255	632.325	554.450	22.142	7.315	6.962	59.230
101	57	255	1208.114	553.096	26.971	8.892	8.162	112.296
102	37	255	1093.932	549.905	22.971	8.482	5.554	155.714
103	33	255	415.288	545.045	22.385	8.378	5.015	156.498
104	41	255	949.256	543.720	28.385	8.906	5.862	143.658
105	43	255	1056.081	541.733	30.042	9.368	5.844	44.508
106	43	255	189.384	536.244	23.556	8.187	6.688	119.425
107	41	255	203.305	535.622	25.556	7.912	6.598	114.043
108	41	255	285.695	533.817	30.042	8.625	6.052	40.502
109	22	255	831.909	529.773	18.971	6.384	4.388	115.986
110	52	255	731.000	525.500	25.314	8.682	7.626	0.000
111	23	255	540.587	514.674	20.142	8.087	3.621	158.854
112	60	255	1019.667	511.617	28.627	11.260	6.785	39.398
113	2	255	930.500	513.000	4.828	2.257	1.128	90.000
114	23	255	1157.674	511.500	16.485	5.433	5.390	90.000
115	17	255	928.912	508.618	13.899	5.229	4.140	105.172
116	32	255	876.156	507.125	22.142	6.569	6.203	173.483
117	40	255	480.225	498.000	24.385	8.083	6.300	90.421
118	29	255	885.190	496.707	19.556	7.926	4.659	148.384
119	26	255	779.308	485.269	18.971	6.607	5.011	130.968
120	36	255	840.361	476.361	28.728	8.856	5.176	101.321
121	46	255	300.565	467.500	25.799	9.468	6.186	0.000
122	29	255	47.879	464.776	20.971	8.750	4.220	125.558
123	62	255	745.758	460.952	28.385	9.128	8.648	47.964
124	54	255	232.167	448.037	27.799	10.833	6.347	63.429
125	43	255	875.128	447.616	26.385	9.466	5.784	109.989
126	13	255	1.346	443.808	16.728	5.877	2.817	92.720
127	40	255	491.200	435.000	28.042	8.698	5.856	29.684
128	31	255	738.758	435.855	19.556	6.640	5.944	154.198
129	44	255	797.523	434.841	23.556	8.475	6.610	120.234
130	55	255	237.482	431.682	26.971	9.238	7.581	35.225
131	30	255	1159.333	432.200	21.556	8.442	4.525	140.459
132	52	255	50.327	429.346	24.971	9.220	7.181	5.018
133	48	255	578.417	423.771	30.971	8.339	7.329	101.265
134	41	255	1221.061	420.768	24.728	7.325	7.127	91.230
135	62	255	977.887	418.290	28.142	9.501	8.308	88.608
136	57	255	207.553	414.500	26.971	10.092	7.192	6.986
137	26	255	547.077	413.923	19.556	6.675	4.960	138.289
138	34	255	1064.941	406.147	24.971	7.031	6.157	133.557
139	40	255	228.800	399.750	23.799	7.737	6.582	135.586
140	39	255	1019.936	397.218	26.971	9.545	5.203	87.529
141	27	255	573.870	398.722	19.314	6.134	5.604	14.991
142	49	255	1211.990	396.724	25.213	8.492	7.346	96.394
143	36	255	441.583	395.389	21.556	7.827	5.856	141.070
144	28	255	522.857	390.286	21.556	8.439	4.225	60.509
145	42	255	683.143	385.548	25.556	9.989	5.354	3.949
146	26	255	667.038	384.962	18.728	7.633	4.337	137.562
147	27	255	604.241	384.574	22.971	7.951	4.324	165.152
148	28	255	326.250	383.286	22.971	6.919	5.153	172.409
149	50	255	180.620	378.540	26.971	9.290	6.853	76.281
150	33	255	70.652	377.076	21.556	8.049	5.220	39.989
151	49	255	109.745	376.173	25.799	9.643	6.470	143.696
152	48	255	734.667	374.312	26.385	9.556	6.395	30.594
153	46	255	1143.500	373.000	24.142	8.798	6.657	115.971
154	26	255	194.577	370.154	18.728	6.246	5.300	100.070
155	59	255	789.178	368.805	27.799	10.120	7.423	13.629
156	54	255	966.630	364.722	28.385	10.459	6.574	107.907
157	23	255	188.326	364.761	20.142	6.684	4.381	92.717
158	47	255	691.011	360.989	32.627	8.177	7.319	121.032
159	48	255	993.979	360.958	27.799	8.838	6.915	171.035
160	4	255	710.000	359.000	5.657	2.257	2.257	0.000
161	36	255	711.750	354.472	24.385	8.788	5.216	169.273
162	22	255	1062.273	352.636	22.142	7.446	3.762	179.744
163	57	255	221.868	348.991	27.799	10.830	6.701	57.727
164	33	255	1080.985	343.015	24.385	8.901	4.721	136.277
165	60	255	53.617	338.800	29.213	10.738	7.114	59.358
166	65	255	816.869	338.638	28.971	10.658	7.765	4.875
167	38	255	970.684	337.395	25.556	9.937	4.869	117.025
168	44	255	204.636	326.591	24.971	9.457	5.924	30.702
169	58	255	717.897	324.086	30.042	9.904	7.456	114.594
170	24	255	970.042	320.750	22.728	9.473	3.226	113.680
171	40	255	949.975	309.425	24.971	9.208	5.531	106.617
172	25	255	1180.260	308.300	22.142	7.928	4.015	81.660
173	38	255	649.684	307.974	25.556	8.963	5.398	76.626
174	38	255	712.421	307.342	29.799	8.055	6.007	133.483
175	1	255	652.500	305.500	2.828	1.128	1.128	0.000
176	44	255	7.364	301.636	24.385	9.585	5.845	35.317
177	17	255	179.676	291.971	15.899	6.005	3.605	32.041
178	31	255	971.855	291.500	21.556	6.707	5.885	56.998
179	25	255	173.220	291.060	18.142	6.468	4.922	129.848
180	48	255	205.438	286.896	25.213	8.817	6.932	134.166
181	39	255	414.244	281.167	22.385	7.722	6.430	34.422
182	49	255	1158.500	278.582	27.799	9.181	6.795	167.771
183	35	255	999.500	276.671	22.142	8.036	5.546	86.299
184	55	255	1173.864	274.609	29.799	10.422	6.720	96.212
185	33	255	355.500	269.833	24.971	8.360	5.026	78.923
186	43	255	133.826	267.477	22.971	7.920	6.913	155.086
187	1	255	357.500	265.500	2.828	1.128	1.128	0.000
188	46	255	699.304	260.348	29.213	8.867	6.605	163.468
189	28	255	330.107	256.786	22.142	7.241	4.924	49.560
190	17	255	835.206	256.441	16.728	5.694	3.801	138.268
191	48	255	845.188	254.750	29.213	9.830	6.217	138.640
192	57	255	260.640	251.430	28.971	10.977	6.612	164.156
193	34	255	599.676	249.618	24.385	7.733	5.598	137.365
194	55	255	96.464	248.482	26.728	9.409	7.443	75.089
195	49	255	38.112	242.806	25.799	9.059	6.887	144.815
196	55	255	280.373	243.482	26.142	9.558	7.326	7.433
197	45	255	259.100	235.367	24.971	8.503	6.739	29.745
198	55	255	84.191	232.991	27.556	9.614	7.284	139.144
199	32	255	473.688	228.375	20.728	7.683	5.303	67.222
200	26	255	699.385	220.385	23.556	5.769	5.739	135.000
201	52	255	553.019	217.058	26.385	9.800	6.756	138.459
202	30	255	271.700	213.167	19.314	6.311	6.053	99.412
203	16	255	572.562	212.188	13.899	5.325	3.826	18.435
204	29	255	1138.948	204.914	27.799	6.231	5.926	170.637
205	64	255	971.859	198.391	36.870	9.783	8.329	30.442
206	50	255	141.140	195.500	31.213	10.413	6.114	135.599
207	36	255	1062.417	195.361	25.556	7.745	5.918	120.838
208	30	255	363.500	190.800	21.556	7.703	4.959	112.414
209	50	255	925.000	187.140	24.971	8.189	7.774	0.000
210	56	255	45.607	185.500	26.971	9.312	7.657	90.000
211	49	255	264.827	186.235	24.971	8.537	7.308	53.002
212	24	255	524.917	184.458	18.142	6.402	4.773	174.928
213	27	255	669.981	182.204	22.142	7.249	4.742	40.355
214	30	255	966.100	178.533	21.556	7.754	4.926	71.732
215	77	255	652.370	173.240	32.385	11.468	8.549	105.442
216	42	255	992.214	173.619	26.142	8.787	6.086	120.179
217	1	255	994.500	178.500	2.828	1.128	1.128	0.000
218	51	255	1195.931	168.539	25.314	8.555	7.590	8.186
219	51	255	1105.578	166.520	26.385	9.201	7.057	175.921
220	44	255	1002.773	163.705	29.456	8.937	6.269	61.289
221	31	255	1172.371	163.371	24.971	8.701	4.536	102.058
222	80	255	37.513	161.625	34.385	12.110	8.411	46.291
223	44	255	565.023	159.045	28.971	9.111	6.149	94.891
224	72	255	837.264	148.917	30.385	10.944	8.377	174.403
225	47	255	477.947	143.543	25.314	9.665	6.192	82.959
226	65	255	401.869	141.023	39.113	9.869	8.386	61.683
227	40	255	989.050	140.825	27.799	8.674	5.871	92.031
228	1	255	992.500	144.500	2.828	1.128	1.128	0.000
229	44	255	689.659	139.432	26.385	7.860	7.128	74.805
230	46	255	1088.500	138.543	24.971	9.411	6.224	119.998
231	23	255	69.500	135.326	18.728	7.504	3.903	17.170
232	41	255	168.915	133.500	22.971	7.412	7.043	45.100
233	45	255	977.189	133.789	24.142	9.370	6.114	169.582
234	26	255	353.808	132.462	17.899	6.311	5.245	22.538
235	13	255	667.038	132.346	12.485	4.359	3.797	166.224
236	39	255	680.628	122.654	25.314	9.142	5.432	152.309
237	25	255	741.460	114.060	19.314	6.101	5.218	69.944
238	26	255	490.808	107.731	18.142	5.999	5.518	82.868
239	27	255	104.611	96.611	19.556	7.265	4.732	167.807
240	68	255	84.426	92.471	29.799	10.595	8.172	133.642
241	38	255	924.553	94.684	22.728	7.458	6.487	90.624
242	46	255	599.196	91.522	26.385	9.098	6.437	89.394
243	37	255	470.689	89.338	21.556	7.301	6.452	8.621
244	24	255	62.500	87.625	17.314	6.080	5.026	59.164
245	31	255	27.113	83.048	20.142	6.964	5.667	70.602
246	39	255	1105.500	80.679	26.385	8.976	5.532	10.649
247	32	255	585.594	77.844	20.142	7.182	5.673	163.316
248	37	255	753.905	69.230	24.385	9.114	5.169	123.642
249	25	255	1120.380	66.540	20.142	7.021	4.534	94.383
250	59	255	919.737	57.703	28.971	10.289	7.301	114.418
251	53	255	997.858	58.783	27.799	8.860	7.617	87.874
252	58	255	78.966	57.207	28.385	10.290	7.177	67.275
253	44	255	504.977	54.136	24.385	9.074	6.174	32.505
254	37	255	430.797	50.311	28.385	8.467	5.564	79.551
255	34	255	73.647	46.735	21.556	7.738	5.595	107.517
256	27	255	1184.204	46.130	22.385	6.865	5.008	103.632
257	28	255	425.607	43.571	25.556	7.926	4.498	120.108
258	60	255	3.683	42.783	28.971	10.265	7.442	107.105
259	31	255	817.113	44.145	22.971	7.172	5.503	23.034
260	62	255	1055.242	29.790	28.385	9.995	7.898	114.656
261	64	255	109.453	28.984	29.456	10.559	7.717	153.279
262	41	255	412.378	29.622	22.142	7.359	7.093	3.476
263	29	255	693.776	24.052	20.142	7.224	5.111	93.936
264	26	255	75.385	22.385	18.728	6.843	4.837	28.277
265	68	255	1059.191	17.779	29.799	10.650	8.130	66.453
266	39	255	845.628	18.372	21.556	7.379	6.729	134.998
267	57	255	938.044	14.518	38.527	9.670	7.506	53.871
268	9	255	162.611	16.722	11.899	4.387	2.612	139.486
269	34	255	111.235	9.500	20.142	7.074	6.120	90.000
270	36	255	158.556	8.722	24.385	7.249	6.323	132.840
271	25	255	513.660	0.700	19.314	7.843	4.058	176.370
