 	Area	Mean	XM	YM	Perim.	Major	Minor	Angle
1	29	255	72.638	900.879	19.899	7.476	4.939	173.732
2	13	255	88.962	901.731	18.728	6.161	2.687	171.431
3	39	255	468.859	900.295	28.385	8.086	6.141	177.725
4	15	255	625.900	901.700	14.485	6.213	3.074	3.514
5	19	255	788.132	901.342	15.899	6.131	3.946	175.708
6	6	255	982.333	901.833	9.071	2.930	2.607	63.435
7	4	255	985.500	901.750	8.485	3.676	1.385	50.310
8	35	255	79.643	897.843	22.385	7.534	5.915	122.285
9	31	255	857.887	895.823	22.971	8.102	4.872	48.046
10	62	255	493.258	893.500	28.142	10.483	7.530	0.000
11	23	255	1199.370	893.022	17.899	7.490	3.910	16.538
12	63	255	277.516	888.151	28.385	9.573	8.379	150.678
13	31	255	709.952	888.790	19.314	6.870	5.745	136.313
14	12	255	1025.250	890.083	11.899	4.424	3.453	57.933
15	58	255	517.914	887.862	28.971	11.831	6.242	170.892
16	48	255	139.188	881.917	27.799	9.822	6.223	72.182
17	41	255	693.427	881.622	23.556	8.142	6.411	62.947
18	50	255	1038.420	881.960	26.627	9.039	7.043	151.478
19	37	255	1084.743	882.257	21.556	6.982	6.748	134.995
20	56	255	661.018	880.446	27.213	8.640	8.253	141.331
21	36	255	153.056	879.694	21.556	7.249	6.323	120.111
22	78	255	816.615	878.449	33.213	12.507	7.941	162.011
23	51	255	576.912	875.696	25.799	8.671	7.489	124.788
24	47	255	171.415	874.415	26.042	10.135	5.905	135.000
25	77	255	1149.123	874.045	32.627	10.388	9.438	140.933
26	59	255	316.025	872.551	27.556	10.790	6.962	166.292
27	70	255	726.014	869.386	29.213	10.369	8.595	156.223
28	101	255	57.817	865.856	36.870	12.752	10.084	141.875
29	40	255	768.050	868.275	22.971	7.705	6.610	138.501
30	59	255	960.958	868.992	29.556	11.739	6.399	3.580
31	115	255	1206.865	866.465	38.385	12.688	11.541	163.958
32	13	255	459.115	867.885	11.899	4.380	3.779	135.000
33	45	255	262.944	865.389	24.971	8.006	7.157	24.534
34	61	255	386.254	864.516	28.385	9.423	8.243	62.242
35	45	255	1016.344	865.078	24.142	7.811	7.336	78.506
36	8	255	0.875	864.500	11.657	4.769	2.136	90.000
37	39	255	359.269	863.321	23.314	8.301	5.982	3.689
38	25	255	809.700	862.260	17.314	6.122	5.200	96.132
39	32	255	625.531	860.312	20.728	8.018	5.081	89.866
40	29	255	1050.500	859.638	19.314	7.245	5.096	90.000
41	26	255	579.923	858.577	23.556	6.814	4.859	80.897
42	47	255	94.862	855.691	24.728	9.526	6.282	82.551
43	36	255	634.972	855.417	21.556	7.379	6.212	54.341
44	42	255	1028.810	854.833	23.556	8.647	6.184	177.464
45	100	255	857.310	850.880	37.213	13.245	9.613	62.839
46	80	255	157.150	850.688	32.627	10.476	9.724	75.885
47	16	255	1182.312	852.125	13.899	5.652	3.604	31.961
48	52	255	138.308	848.212	30.627	9.858	6.716	72.293
49	37	255	519.527	846.797	22.142	7.794	6.045	22.556
50	53	255	207.689	844.066	26.142	8.437	7.998	109.510
51	46	255	1155.739	843.870	37.213	8.819	6.641	179.102
52	64	255	113.562	842.750	28.385	9.192	8.865	155.593
53	44	255	725.295	840.136	28.385	10.462	5.355	82.732
54	57	255	527.044	839.570	33.456	9.821	7.390	41.749
55	35	255	796.271	841.071	20.728	7.095	6.281	13.644
56	32	255	360.750	839.594	20.142	7.074	5.759	92.878
57	62	255	476.742	838.968	28.971	9.806	8.050	24.807
58	40	255	670.775	839.425	22.142	7.264	7.011	27.897
59	70	255	124.814	834.929	32.385	12.528	7.114	76.980
60	3	255	705.500	840.500	6.243	3.385	1.128	0.000
61	31	255	821.919	837.919	20.728	6.630	5.953	113.539
62	82	255	1200.280	835.427	33.456	10.773	9.691	147.432
63	56	255	691.536	830.411	27.213	9.218	7.735	54.763
64	29	255	267.397	830.983	19.314	6.699	5.512	61.219
65	58	255	569.828	827.655	32.870	8.980	8.224	9.067
66	55	255	680.936	827.955	26.142	8.831	7.930	48.339
67	50	255	833.540	824.760	27.556	10.689	5.956	108.952
68	42	255	933.429	826.310	22.728	7.502	7.129	147.822
69	42	255	994.595	823.881	29.556	9.150	5.844	52.398
70	93	255	1108.371	821.780	35.213	12.217	9.692	94.000
71	51	255	28.029	819.892	26.385	10.085	6.439	54.104
72	63	255	428.198	818.437	28.385	9.204	8.715	117.110
73	66	255	1057.591	818.076	29.213	10.006	8.399	25.081
74	41	255	736.598	818.232	22.142	7.569	6.897	26.159
75	34	255	150.706	817.588	22.142	7.524	5.754	77.120
76	69	255	134.486	814.109	30.971	10.121	8.681	81.974
77	58	255	802.552	812.741	41.355	10.599	6.967	49.466
78	103	255	951.277	810.956	37.213	12.489	10.501	90.867
79	1	255	331.500	815.500	2.828	1.128	1.128	0.000
80	102	255	59.549	809.294	35.799	11.500	11.293	123.447
81	40	255	915.425	811.725	22.971	7.243	7.032	108.435
82	53	255	210.613	810.764	26.142	9.269	7.280	174.001
83	36	255	241.333	811.000	21.314	7.098	6.457	9.160E-14
84	70	255	449.871	806.429	31.213	11.792	7.558	40.160
85	35	255	844.071	807.529	22.971	7.772	5.734	62.999
86	66	255	510.561	801.212	31.213	11.105	7.567	71.239
87	57	255	424.518	802.325	26.971	9.350	7.762	25.295
88	40	255	327.200	799.775	22.728	8.460	6.020	172.589
89	61	255	93.664	796.107	30.627	11.622	6.683	113.178
90	44	255	806.364	799.068	24.142	9.230	6.070	15.298
91	63	255	374.833	795.151	29.556	11.388	7.044	84.779
92	49	255	471.459	796.173	26.627	10.582	5.896	122.423
93	5	255	1223.500	797.500	10.828	5.642	1.128	90.000
94	48	255	843.625	795.438	24.385	8.550	7.148	175.195
95	76	255	1080.434	792.289	33.799	12.677	7.633	67.340
96	56	255	671.071	792.375	26.385	8.585	8.305	83.151
97	29	255	46.397	792.259	20.728	8.068	4.577	21.846
98	47	255	580.330	789.840	25.556	8.735	6.851	142.002
99	41	255	644.159	788.280	27.799	9.912	5.267	51.122
100	47	255	41.543	783.947	25.799	9.360	6.393	30.978
101	24	255	881.583	785.792	19.556	7.292	4.191	16.123
102	70	255	365.243	780.200	30.385	10.779	8.269	90.913
103	40	255	509.750	781.825	24.385	10.099	5.043	46.055
104	44	255	627.773	780.750	24.728	9.288	6.031	55.661
105	35	255	755.071	781.957	28.385	8.375	5.321	2.438
106	103	255	246.549	775.917	37.456	13.120	9.996	58.086
107	40	255	633.175	775.825	30.385	10.732	4.745	63.043
108	95	255	446.005	774.763	34.627	12.338	9.803	68.340
109	31	255	828.952	773.887	26.627	7.784	5.071	138.013
110	1	255	23.500	774.500	2.828	1.128	1.128	0.000
111	39	255	94.654	771.218	22.142	7.297	6.805	73.829
112	44	255	849.068	771.182	31.213	8.741	6.409	132.355
113	36	255	548.472	769.917	22.971	7.922	5.786	17.522
114	43	255	276.802	767.895	24.971	9.212	5.943	9.242
115	25	255	792.580	767.100	26.385	6.163	5.165	6.610
116	53	255	232.292	764.028	26.385	9.662	6.984	88.171
117	25	255	958.980	762.780	18.971	6.264	5.082	101.372
118	80	255	391.000	760.875	32.971	12.632	8.063	11.162
119	28	255	695.750	762.786	20.728	8.072	4.417	8.201
120	34	255	254.471	759.412	25.799	9.242	4.684	164.761
121	50	255	822.940	758.380	25.556	8.615	7.389	154.353
122	54	255	54.407	752.667	26.971	9.239	7.442	11.837
123	43	255	267.756	752.779	23.556	8.842	6.192	58.640
124	30	255	512.200	747.833	21.556	7.643	4.997	141.474
125	73	255	146.610	745.267	30.385	10.048	9.250	114.884
126	43	255	26.733	743.360	23.799	7.956	6.881	8.373
127	61	255	87.664	741.467	27.799	9.435	8.232	130.263
128	38	255	1032.553	740.158	21.556	7.373	6.562	168.620
129	50	255	335.140	736.400	26.971	8.413	7.567	0.255
130	34	255	1000.412	736.882	20.971	7.342	5.896	138.219
131	48	255	794.000	735.292	24.142	8.337	7.331	1.016E-13
132	34	255	616.353	734.235	21.799	6.687	6.473	92.908
133	62	255	455.323	732.855	28.385	9.322	8.469	28.295
134	43	255	327.453	728.919	30.385	8.813	6.213	131.017
135	35	255	810.100	728.414	20.728	7.254	6.143	97.280
136	57	255	428.325	727.202	26.971	9.172	7.912	31.948
137	55	255	536.482	724.791	31.799	9.799	7.146	72.146
138	35	255	1021.043	725.757	26.385	8.094	5.506	55.873
139	50	255	8.000	723.640	26.142	10.636	5.986	174.827
140	39	255	498.167	722.167	22.728	8.324	5.965	161.655
141	66	255	310.242	718.106	30.042	10.909	7.703	134.643
142	34	255	128.971	718.353	20.728	7.284	5.943	75.517
143	78	255	74.949	715.410	32.042	12.026	8.258	123.059
144	41	255	605.939	717.939	22.728	8.290	6.297	166.783
145	58	255	460.879	714.621	27.556	9.023	8.185	68.190
146	10	255	1222.500	717.000	13.314	4.102	3.104	47.382
147	53	255	256.236	712.198	26.385	9.365	7.206	142.484
148	84	255	572.107	707.810	33.799	12.492	8.561	98.287
149	48	255	762.354	709.229	38.284	9.002	6.789	100.759
150	55	255	944.936	708.536	26.385	8.543	8.197	67.645
151	66	255	332.273	706.939	30.385	10.779	7.796	67.108
152	44	255	373.886	708.159	27.556	9.071	6.176	171.430
153	54	255	878.296	703.574	26.142	9.239	7.442	87.328
154	27	255	1008.685	704.130	20.385	8.175	4.205	45.726
155	22	255	748.955	704.182	17.556	5.737	4.883	112.981
156	20	255	1068.000	703.500	15.657	5.642	4.514	90.000
157	83	255	782.657	697.235	32.971	11.470	9.214	168.624
158	33	255	1131.348	698.348	20.385	6.626	6.341	88.266
159	72	255	178.417	693.472	32.385	12.583	7.286	95.903
160	49	255	298.643	696.398	24.971	9.312	6.700	161.052
161	89	255	1034.747	692.669	33.799	11.554	9.807	122.058
162	39	255	547.808	693.500	22.142	7.222	6.876	0.000
163	37	255	932.473	692.392	29.213	7.793	6.045	29.078
164	85	255	278.229	690.382	33.799	11.285	9.590	148.718
165	29	255	1099.328	691.672	19.314	7.172	5.149	71.943
166	23	255	824.457	689.804	20.142	5.499	5.325	25.670
167	63	255	190.341	685.437	29.556	11.503	6.973	73.734
168	5	255	0.500	687.500	10.828	5.642	1.128	90.000
169	43	255	1139.942	686.523	27.213	9.065	6.039	158.761
170	32	255	343.469	684.875	20.142	6.803	5.989	178.334
171	94	255	744.181	682.989	34.627	12.275	9.750	155.797
172	2	255	1098.000	686.500	4.243	2.257	1.128	0.000
173	36	255	877.389	679.611	23.556	7.852	5.837	86.165
174	35	255	831.414	679.186	24.971	7.622	5.846	9.084
175	38	255	419.605	676.947	22.385	7.283	6.643	86.834
176	53	255	1083.632	676.764	26.971	9.317	7.243	99.903
177	30	255	849.367	676.133	22.728	7.766	4.918	34.775
178	75	255	652.180	673.540	30.971	10.397	9.185	17.894
179	51	255	48.127	671.735	25.799	9.972	6.512	132.061
180	27	255	37.907	671.352	20.971	7.363	4.669	134.581
181	32	255	558.438	670.125	20.971	8.481	4.804	39.819
182	35	255	883.671	671.043	21.556	7.316	6.091	168.528
183	53	255	519.651	668.726	26.971	8.766	7.698	99.578
184	39	255	820.167	668.962	28.627	8.904	5.577	170.473
185	1	255	849.500	671.500	2.828	1.128	1.128	0.000
186	49	255	374.112	665.827	26.971	8.278	7.537	72.132
187	38	255	506.763	665.368	26.142	10.299	4.698	102.459
188	44	255	1210.023	665.705	23.556	8.211	6.823	24.849
189	61	255	309.582	662.828	28.385	9.895	7.849	38.186
190	82	255	785.622	660.512	33.556	11.654	8.959	97.037
191	2	255	823.000	664.500	4.243	2.257	1.128	0.000
192	51	255	1153.559	659.951	25.314	8.668	7.491	82.827
193	61	255	342.598	656.189	28.728	10.607	7.322	101.086
194	37	255	885.095	657.257	21.556	7.680	6.134	75.314
195	7	255	1222.214	658.929	9.657	4.154	2.146	8.350
196	69	255	438.703	653.891	30.385	11.294	7.779	56.597
197	30	255	253.333	652.800	21.556	7.781	4.909	118.751
198	7	255	1220.071	655.214	9.657	4.154	2.146	98.350
199	3	255	1222.833	656.167	5.657	2.365	1.615	45.000
200	90	255	14.544	649.989	34.385	12.356	9.274	93.624
201	42	255	1086.595	650.476	23.213	8.556	6.250	156.366
202	52	255	386.365	645.769	26.385	9.380	7.058	101.691
203	28	255	928.929	645.357	22.385	8.197	4.349	10.462
204	32	255	1119.469	642.250	26.385	7.293	5.587	152.418
205	29	255	125.810	640.741	20.728	7.957	4.640	102.891
206	12	255	1063.833	643.417	13.899	5.215	2.930	8.252
207	38	255	985.053	641.053	26.385	8.957	5.402	176.148
208	53	255	196.915	636.481	32.042	11.256	5.995	100.454
209	72	255	410.778	636.028	30.971	10.615	8.636	59.321
210	57	255	930.518	635.500	27.213	9.486	7.651	20.903
211	34	255	1098.676	636.147	20.728	7.033	6.155	177.995
212	55	255	455.173	632.955	29.799	10.336	6.775	95.820
213	32	255	1140.688	633.875	40.527	6.831	5.965	116.716
214	61	255	102.057	632.549	28.142	9.805	7.921	68.308
215	30	255	182.700	633.500	23.556	7.622	5.012	104.197
216	36	255	706.417	632.611	21.556	7.174	6.390	15.432
217	76	255	746.842	632.553	32.971	13.248	7.304	170.861
218	34	255	1126.500	630.206	22.142	6.956	6.224	7.994
219	59	255	221.551	627.720	27.799	9.517	7.894	143.431
220	32	255	791.781	629.031	21.314	6.562	6.209	136.497
221	58	255	944.017	624.121	28.627	10.245	7.208	162.830
222	30	255	1078.267	624.667	23.556	6.671	5.726	163.596
223	65	255	866.192	622.546	30.042	11.796	7.016	145.058
224	50	255	1189.940	622.080	25.556	8.730	7.292	36.280
225	45	255	1019.389	617.500	23.899	7.924	7.230	40.787
226	49	255	709.990	614.214	34.870	9.879	6.315	128.483
227	69	255	1104.500	614.761	31.213	10.276	8.550	174.765
228	32	255	423.469	614.406	22.728	8.329	4.892	76.990
229	21	255	104.500	613.500	15.314	5.171	5.171	0.000
230	42	255	509.024	610.881	23.556	8.052	6.641	85.269
231	55	255	917.827	611.064	26.142	8.514	8.225	142.854
232	59	255	277.110	608.737	28.627	10.726	7.004	120.068
233	36	255	1219.278	609.583	21.556	6.926	6.618	121.208
234	41	255	241.183	604.037	25.799	10.359	5.039	49.052
235	57	255	927.412	601.851	44.042	10.782	6.731	98.656
236	52	255	440.788	601.942	34.042	8.225	8.050	165.923
237	64	255	701.688	600.719	29.799	9.921	8.213	89.381
238	13	255	574.038	601.423	15.314	6.321	2.618	55.953
239	80	255	814.413	598.100	31.556	10.675	9.542	103.767
240	33	255	1128.924	598.955	22.728	7.350	5.716	66.161
241	33	255	719.470	596.924	20.971	6.865	6.121	32.351
242	68	255	589.044	593.926	30.042	9.569	9.048	76.986
243	37	255	1188.446	594.392	22.142	7.463	6.313	18.927
244	46	255	606.826	593.413	25.314	10.761	5.443	0.294
245	58	255	451.190	590.948	28.385	8.920	8.278	21.550
246	36	255	937.917	590.222	26.385	8.379	5.471	64.032
247	49	255	8.255	588.663	24.971	8.243	7.569	147.765
248	60	255	54.517	587.050	28.971	10.739	7.114	74.342
249	63	255	680.643	581.294	28.971	9.966	8.048	123.852
250	62	255	839.226	581.823	27.799	9.339	8.453	128.894
251	36	255	910.833	582.139	29.799	8.079	5.674	96.175
252	30	255	944.467	582.400	18.728	7.122	5.363	94.225
253	29	255	618.190	576.328	22.385	8.067	4.577	25.430
254	44	255	273.000	571.500	24.142	9.490	5.903	75.635
255	23	255	220.239	572.109	22.728	6.379	4.591	66.161
256	67	255	374.067	570.142	30.627	11.992	7.114	44.208
257	54	255	870.741	570.926	26.385	8.645	7.953	40.141
258	41	255	973.500	570.500	26.385	7.848	6.652	57.222
259	63	255	45.484	568.008	29.213	10.435	7.687	124.103
260	25	255	713.260	567.820	23.899	7.094	4.487	151.207
261	80	255	891.013	561.900	54.184	11.620	8.766	70.933
262	29	255	474.017	563.776	20.728	7.072	5.221	82.298
263	31	255	465.597	561.919	20.728	6.512	6.062	42.113
264	67	255	912.037	560.052	28.971	10.304	8.279	176.795
265	56	255	1092.125	558.696	26.971	8.929	7.985	102.334
266	62	255	756.823	556.371	28.385	9.172	8.607	48.939
267	31	255	434.468	556.016	25.799	7.659	5.154	157.572
268	45	255	33.611	553.344	24.385	9.316	6.150	115.239
269	90	255	1139.044	551.900	36.042	12.434	9.216	109.452
270	11	255	679.318	555.591	13.314	4.978	2.814	18.971
271	39	255	503.269	552.833	24.385	9.248	5.370	7.853
272	69	255	576.891	550.920	30.627	10.028	8.760	158.065
273	64	255	605.203	551.906	29.799	11.127	7.324	160.434
274	10	255	491.200	552.100	11.899	5.015	2.539	125.437
275	42	255	250.119	548.929	25.799	9.782	5.467	132.182
276	96	255	455.906	547.073	35.213	12.261	9.969	159.933
277	1	255	488.500	551.500	2.828	1.128	1.128	0.000
278	29	255	788.672	548.431	19.556	6.835	5.402	70.595
279	61	255	1066.287	547.631	28.385	9.435	8.232	73.272
280	58	255	951.879	545.448	27.556	10.394	7.105	55.130
281	1	255	491.500	548.500	2.828	1.128	1.128	0.000
282	28	255	562.429	542.000	20.385	6.852	5.203	2.939
283	21	255	436.881	540.214	16.142	5.413	4.940	173.953
284	91	255	353.632	535.247	36.042	11.924	9.717	71.234
285	49	255	424.153	536.520	32.627	9.383	6.649	72.932
286	36	255	877.528	537.583	20.971	6.937	6.608	161.565
287	96	255	604.740	532.635	39.213	13.229	9.240	96.907
288	74	255	790.000	534.000	30.627	11.242	8.381	134.999
289	36	255	184.972	534.556	21.556	8.152	5.623	161.264
290	48	255	584.812	533.708	24.971	8.721	7.008	84.538
291	42	255	328.905	533.000	24.385	8.456	6.324	54.655
292	37	255	463.149	532.905	24.971	8.195	5.749	22.272
293	34	255	192.294	528.441	22.971	7.782	5.563	81.146
294	40	255	776.100	528.200	22.728	8.750	5.821	160.377
295	43	255	518.314	523.523	25.556	10.157	5.390	109.167
296	34	255	139.912	522.029	20.728	6.850	6.320	71.565
297	30	255	409.067	520.733	20.385	7.220	5.291	155.843
298	58	255	371.948	518.879	28.627	11.097	6.655	145.577
299	35	255	798.957	517.929	25.799	8.699	5.123	151.011
300	38	255	1131.789	516.026	27.799	8.513	5.683	87.764
301	55	255	297.264	516.118	26.971	9.494	7.376	146.023
302	52	255	89.365	512.827	26.971	9.819	6.743	103.842
303	39	255	149.679	515.141	26.971	8.025	6.188	162.801
304	35	255	989.671	514.243	22.385	6.825	6.530	50.342
305	89	255	508.039	509.185	38.284	13.211	8.578	57.628
306	34	255	270.912	510.824	20.728	6.913	6.262	63.435
307	73	255	1167.541	509.240	30.385	10.092	9.210	98.309
308	32	255	451.781	508.844	22.971	7.224	5.640	46.796
309	73	255	520.171	507.692	30.385	10.177	9.133	162.746
310	73	255	909.733	505.514	33.799	11.491	8.088	75.773
311	87	255	1077.316	505.615	34.042	10.974	10.094	1.031
312	67	255	513.545	498.888	29.213	9.917	8.602	130.272
313	78	255	362.231	497.423	31.799	11.789	8.425	116.683
314	40	255	526.300	498.100	30.971	8.676	5.870	87.174
315	37	255	34.581	498.635	22.971	8.208	5.740	172.266
316	57	255	795.816	498.816	28.728	11.619	6.246	6.474
317	59	255	194.568	496.280	27.213	8.899	8.441	152.987
318	35	255	826.300	496.986	24.385	8.163	5.459	96.411
319	27	255	919.574	496.315	28.385	7.652	4.493	156.447
320	61	255	712.844	493.533	28.142	9.761	7.957	66.442
321	27	255	888.463	495.204	18.971	7.254	4.739	144.456
322	49	255	1038.786	493.112	35.456	9.296	6.711	114.565
323	65	255	739.546	490.762	29.556	11.183	7.401	84.995
324	1	255	919.500	494.500	2.828	1.128	1.128	0.000
325	43	255	158.407	487.337	23.556	8.363	6.547	50.539
326	47	255	937.713	486.096	25.556	9.264	6.460	126.023
327	45	255	1095.078	485.833	33.799	8.446	6.783	83.604
328	12	255	1222.417	486.667	18.728	4.527	3.375	103.898
329	35	255	878.500	485.129	24.385	7.935	5.616	3.661
330	32	255	19.812	482.375	21.556	7.903	5.155	103.676
331	64	255	915.141	480.969	29.213	10.297	7.914	128.596
332	30	255	966.467	482.700	25.799	7.695	4.964	130.189
333	84	255	677.643	478.750	34.627	12.548	8.523	70.964
334	59	255	1044.551	481.110	27.556	8.956	8.388	16.714
335	74	255	1071.838	479.459	31.556	11.665	8.077	78.659
336	61	255	467.320	479.123	27.556	9.255	8.392	166.739
337	54	255	1020.130	476.833	30.385	8.598	7.997	120.210
338	57	255	146.640	474.974	28.385	9.896	7.333	68.611
339	58	255	83.776	473.362	27.556	9.589	7.701	75.492
340	30	255	478.400	472.267	23.556	8.113	4.708	104.443
341	54	255	1051.889	470.741	26.627	9.403	7.312	36.155
342	49	255	116.459	468.888	25.556	9.496	6.570	113.151
343	43	255	652.198	466.547	26.385	8.973	6.102	2.442
344	97	255	215.851	464.026	35.799	12.464	9.909	21.709
345	11	255	1100.682	467.500	12.485	4.675	2.996	35.008
346	67	255	665.470	463.261	28.971	9.542	8.940	20.481
347	18	255	929.111	466.056	16.728	6.011	3.813	145.278
348	45	255	294.233	461.211	26.385	8.462	6.771	66.292
349	34	255	244.824	459.353	21.556	6.885	6.288	97.907
350	64	255	1165.125	456.500	28.971	9.968	8.175	119.778
351	40	255	689.625	455.850	32.385	8.134	6.261	30.173
352	20	255	548.850	455.150	17.899	6.743	3.776	67.077
353	28	255	451.607	452.893	21.314	7.091	5.027	86.648
354	42	255	999.429	451.571	23.799	8.332	6.418	66.331
355	59	255	27.975	446.314	28.971	9.986	7.522	20.348
356	58	255	333.276	445.086	34.870	9.851	7.497	128.353
357	44	255	489.818	443.886	27.799	9.098	6.158	78.081
358	75	255	978.073	443.313	31.213	10.704	8.921	139.669
359	23	255	1050.152	444.109	23.799	6.322	4.632	133.216
360	63	255	731.452	437.341	36.042	9.158	8.759	24.213
361	68	255	358.029	436.897	29.556	10.847	7.982	165.258
362	59	255	208.534	435.059	26.971	9.232	8.137	174.203
363	54	255	687.333	436.074	26.971	11.148	6.168	173.773
364	46	255	238.717	434.217	24.385	7.942	7.375	60.972
365	47	255	95.202	433.202	24.971	8.490	7.049	9.349
366	65	255	402.608	433.285	29.556	11.206	7.386	6.566
367	35	255	713.214	433.243	28.385	6.969	6.395	18.999
368	33	255	272.561	430.197	20.142	7.402	5.676	164.394
369	43	255	957.965	428.337	23.556	8.625	6.348	155.199
370	31	255	516.694	426.306	20.385	7.682	5.138	140.177
371	73	255	586.719	424.651	31.456	10.661	8.719	126.211
372	41	255	254.500	424.256	22.142	7.258	7.193	0.000
373	63	255	558.944	423.214	30.385	10.073	7.963	178.889
374	28	255	779.571	423.393	18.728	7.372	4.836	112.774
375	33	255	940.985	420.348	24.971	8.747	4.803	92.145
376	28	255	478.000	421.036	20.728	7.781	4.582	135.014
377	49	255	528.969	417.071	24.971	8.243	7.569	53.582
378	48	255	847.042	416.021	30.627	8.250	7.408	74.474
379	73	255	352.651	414.103	30.971	10.236	9.080	58.225
380	29	255	375.638	411.672	19.799	7.103	5.199	48.000
381	28	255	552.821	411.929	20.728	6.574	5.423	144.892
382	50	255	454.920	409.100	34.870	8.667	7.346	110.280
383	77	255	215.370	407.955	30.971	10.484	9.352	108.879
384	70	255	632.400	408.171	30.971	10.360	8.603	96.329
385	78	255	1141.679	408.449	47.941	10.763	9.227	157.844
386	21	255	795.786	409.262	19.556	6.209	4.307	24.072
387	52	255	1160.654	407.135	26.142	8.226	8.049	96.528
388	60	255	1052.050	404.000	28.385	10.302	7.415	65.955
389	41	255	1068.427	405.207	22.971	7.500	6.960	74.975
390	64	255	424.109	403.359	28.971	10.138	8.038	75.110
391	3	255	552.500	407.500	6.243	3.385	1.128	0.000
392	74	255	869.919	400.365	40.527	10.162	9.272	132.973
393	41	255	984.622	402.451	32.385	7.913	6.597	46.559
394	44	255	57.568	401.227	23.556	8.500	6.591	120.212
395	50	255	1018.860	400.020	24.971	8.496	7.493	143.578
396	63	255	706.659	398.976	28.385	9.928	8.079	140.318
397	36	255	194.361	399.222	28.042	8.629	5.312	0.304
398	25	255	446.340	394.420	19.899	6.212	5.124	53.438
399	40	255	224.575	389.450	22.142	7.650	6.658	130.915
400	35	255	877.500	388.100	22.385	8.432	5.285	57.613
401	33	255	370.530	387.015	20.728	6.979	6.020	25.711
402	79	255	1162.032	384.551	32.142	10.791	9.321	164.929
403	13	255	707.269	384.115	12.485	4.253	3.892	149.036
404	32	255	206.531	381.750	21.556	7.826	5.206	16.050
405	46	255	305.109	380.261	26.385	10.186	5.750	137.273
406	72	255	799.778	379.264	31.213	11.439	8.014	26.236
407	67	255	1005.172	377.873	34.042	11.762	7.253	138.724
408	54	255	1205.815	377.333	26.971	9.689	7.096	17.834
409	30	255	1106.333	377.167	20.142	7.174	5.325	147.628
410	79	255	217.892	372.741	39.456	13.037	7.716	133.694
411	42	255	463.119	374.167	26.042	8.905	6.005	157.165
412	26	255	26.885	374.423	18.142	5.981	5.535	30.128
413	70	255	90.686	372.171	30.385	9.972	8.937	89.821
414	43	255	205.570	367.988	24.971	9.215	5.941	112.353
415	67	255	914.246	362.470	31.213	11.575	7.370	29.738
416	65	255	448.208	361.408	30.385	9.808	8.438	95.414
417	67	255	639.410	360.590	28.971	9.450	9.027	45.007
418	60	255	543.217	359.500	27.799	10.026	7.620	172.133
419	38	255	180.316	359.474	22.142	7.261	6.664	99.147
420	39	255	756.346	359.731	22.142	7.223	6.875	97.628
421	64	255	53.906	356.656	28.971	9.387	8.681	149.229
422	71	255	595.725	355.937	29.213	9.896	9.135	97.105
423	33	255	1002.015	356.591	22.385	7.173	5.858	128.557
424	23	255	425.500	356.326	16.485	5.433	5.390	0.000
425	31	255	582.339	351.306	26.385	7.818	5.049	113.256
426	47	255	1117.989	350.840	30.627	9.053	6.610	107.296
427	38	255	820.737	348.500	24.971	8.596	5.628	78.033
428	53	255	227.028	346.915	26.728	10.570	6.384	84.107
429	94	255	497.851	344.468	36.042	13.242	9.038	112.587
430	54	255	334.315	343.870	27.213	9.859	6.974	53.678
431	49	255	418.316	342.459	26.971	10.644	5.861	98.257
432	56	255	903.714	342.893	26.971	8.741	8.157	97.765
433	63	255	175.976	341.135	34.627	9.892	8.109	112.677
434	53	255	551.047	340.934	25.556	8.381	8.052	125.538
435	83	255	717.946	339.512	32.627	11.936	8.854	54.604
436	62	255	473.629	338.774	36.042	10.333	7.640	176.496
437	49	255	106.500	338.663	26.971	10.261	6.080	19.017
438	30	255	346.000	335.000	23.556	8.985	4.251	80.062
439	40	255	4.875	333.925	24.142	9.180	5.548	104.303
440	33	255	79.621	334.409	22.971	8.447	4.974	132.451
441	46	255	131.870	330.370	26.728	10.442	5.609	100.782
442	49	255	246.622	329.684	25.799	8.993	6.937	133.878
443	36	255	173.111	328.722	23.799	9.248	4.956	118.404
444	38	255	968.053	329.632	22.385	7.900	6.124	38.011
445	67	255	56.754	325.948	29.556	10.664	7.999	79.397
446	2	255	79.500	330.000	4.828	2.257	1.128	90.000
447	46	255	232.326	325.957	30.627	8.395	6.977	28.703
448	60	255	163.733	323.867	29.556	10.661	7.166	81.676
449	64	255	1130.203	324.750	41.113	10.223	7.971	158.413
450	43	255	806.942	324.174	25.213	8.204	6.674	140.844
451	70	255	1110.057	323.157	30.627	9.662	9.224	118.371
452	52	255	450.096	322.327	26.728	10.372	6.383	85.238
453	42	255	1025.833	322.571	29.213	8.290	6.451	108.688
454	64	255	665.266	320.844	29.556	11.455	7.113	6.309
455	59	255	778.669	317.619	29.799	10.833	6.934	27.398
456	43	255	181.105	317.267	30.385	9.550	5.733	137.049
457	42	255	441.548	316.571	22.728	7.796	6.860	131.169
458	51	255	754.324	313.676	25.556	9.066	7.163	100.164
459	32	255	1005.250	313.562	23.799	7.956	5.121	148.473
460	55	255	1031.664	312.627	26.627	9.021	7.763	32.554
461	28	255	726.286	312.929	18.728	6.250	5.704	55.197
462	59	255	467.364	310.381	36.284	11.731	6.404	140.070
463	43	255	1188.895	310.314	24.385	8.560	6.396	156.622
464	21	255	172.310	309.452	15.899	5.621	4.756	53.864
465	52	255	1181.000	306.423	32.042	8.931	7.413	90.618
466	76	255	113.000	305.500	32.142	11.565	8.367	99.306
467	40	255	667.500	306.550	28.385	10.029	5.078	126.275
468	42	255	973.952	307.810	25.799	8.381	6.381	28.553
469	61	255	125.418	305.041	31.213	11.853	6.553	122.820
470	2	255	1006.000	308.500	4.243	2.257	1.128	0.000
471	37	255	66.041	299.311	25.556	8.056	5.848	83.365
472	32	255	405.219	298.781	21.556	8.186	4.977	110.882
473	48	255	957.417	297.292	28.627	10.303	5.932	161.862
474	4	255	13.000	298.250	9.071	3.969	1.283	162.391
475	46	255	608.652	294.870	30.042	8.016	7.306	135.938
476	31	255	627.242	295.435	22.142	7.315	5.396	33.434
477	29	255	1173.086	296.224	18.728	6.304	5.857	150.650
478	68	255	440.088	292.750	28.971	10.172	8.512	99.605
479	31	255	1002.919	294.403	25.556	7.678	5.140	10.002
480	44	255	305.000	289.841	24.385	8.992	6.230	54.495
481	42	255	818.976	291.048	28.627	10.233	5.226	161.289
482	40	255	895.000	290.000	23.314	7.816	6.516	0.000
483	2	255	960.000	292.500	4.243	2.257	1.128	0.000
484	50	255	215.640	286.020	30.627	9.307	6.841	53.870
485	74	255	831.311	285.122	30.971	10.462	9.006	77.222
486	52	255	377.442	283.538	26.142	9.729	6.805	20.382
487	45	255	508.300	283.678	27.213	8.906	6.434	5.151
488	2	255	821.000	286.500	4.243	2.257	1.128	0.000
489	41	255	57.037	282.329	23.556	8.079	6.461	22.214
490	70	255	872.943	280.786	32.042	10.708	8.323	36.287
491	61	255	84.434	280.844	28.385	9.033	8.598	52.804
492	39	255	903.833	281.269	22.728	7.844	6.330	82.501
493	68	255	309.471	274.706	30.627	11.012	7.862	150.799
494	44	255	612.068	275.432	26.627	10.216	5.484	156.172
495	55	255	223.555	268.445	27.213	10.464	6.692	134.999
496	46	255	437.587	269.804	25.556	8.563	6.840	12.510
497	28	255	8.143	269.143	18.728	6.160	5.787	175.935
498	51	255	1187.461	266.422	30.042	9.570	6.785	179.586
499	31	255	78.113	265.210	21.314	8.637	4.570	77.298
500	55	255	163.955	264.209	26.971	9.066	7.724	62.652
501	55	255	93.445	259.336	27.556	9.850	7.109	63.834
502	55	255	65.355	257.300	28.042	11.126	6.294	126.188
503	35	255	497.100	257.843	21.314	6.890	6.468	174.572
504	63	255	192.659	254.976	28.728	10.083	7.955	31.307
505	30	255	300.767	253.667	19.314	7.200	5.305	177.085
506	89	255	451.219	251.983	34.385	13.606	8.329	171.704
507	67	255	622.067	251.336	29.213	10.371	8.226	20.261
508	1	255	866.500	255.500	2.828	1.128	1.128	0.000
509	35	255	522.157	251.957	26.971	7.565	5.891	11.677
510	41	255	11.988	250.159	24.142	9.011	5.793	120.363
511	26	255	867.000	251.500	17.314	6.259	5.289	0.000
512	32	255	891.094	250.344	20.971	6.654	6.123	37.952
513	62	255	68.048	246.516	29.213	11.506	6.861	142.559
514	93	255	204.145	245.952	34.627	12.675	9.342	154.501
515	46	255	786.413	247.478	24.142	7.840	7.470	14.036
516	62	255	823.000	245.710	28.142	9.548	8.267	101.460
517	49	255	376.929	245.398	24.971	8.773	7.111	10.024
518	39	255	635.705	244.090	28.042	8.698	5.709	148.119
519	61	255	744.762	243.713	29.799	11.065	7.019	28.311
520	68	255	1039.868	241.691	29.213	9.985	8.671	160.136
521	47	255	105.947	239.947	24.385	9.715	6.160	177.827
522	37	255	261.905	231.851	22.971	7.092	6.642	70.297
523	27	255	1006.130	232.426	20.142	7.106	4.838	76.848
524	40	255	1110.000	232.175	22.385	7.633	6.672	22.372
525	42	255	1172.524	231.976	28.385	8.619	6.204	28.198
526	7	255	1016.071	234.071	10.485	4.350	2.049	177.957
527	93	255	1187.059	228.683	35.456	12.864	9.205	34.868
528	59	255	697.500	229.500	28.485	10.087	7.447	14.305
529	46	255	375.913	226.457	24.971	8.275	7.078	134.599
530	53	255	624.500	225.858	25.799	8.935	7.553	153.230
531	6	255	1017.000	226.667	9.899	3.931	1.943	30.964
532	41	255	1175.500	223.305	27.799	8.303	6.287	64.340
533	88	255	188.239	219.625	33.799	11.971	9.360	123.331
534	47	255	1055.309	220.436	29.799	8.073	7.413	5.958
535	41	255	132.524	217.720	30.971	9.602	5.436	120.153
536	81	255	689.302	216.574	32.971	11.656	8.848	89.771
537	100	255	228.330	210.890	36.042	11.601	10.975	102.109
538	39	255	622.372	213.628	21.556	7.379	6.729	134.998
539	36	255	154.139	212.194	20.728	7.153	6.408	92.382
540	57	255	636.237	212.044	28.385	9.831	7.383	148.130
541	30	255	782.500	213.100	22.971	7.662	4.985	143.274
542	26	255	1152.500	213.077	21.556	8.175	4.050	36.246
543	56	255	1022.571	208.161	28.142	9.921	7.187	74.078
544	54	255	146.889	207.463	26.971	10.295	6.678	121.612
545	47	255	122.479	205.011	24.971	8.678	6.896	70.347
546	81	255	533.944	203.068	47.698	11.250	9.168	92.783
547	67	255	569.187	202.246	32.042	12.276	6.949	61.631
548	54	255	975.963	201.574	32.042	9.866	6.969	46.613
549	25	255	345.100	202.140	18.142	6.336	5.023	144.777
550	34	255	230.441	201.206	22.971	7.335	5.902	4.527
551	65	255	392.162	199.792	29.213	9.639	8.586	20.904
552	55	255	893.936	199.755	26.142	8.489	8.250	120.256
553	38	255	719.579	196.184	24.142	7.914	6.114	21.058
554	49	255	221.724	189.316	25.556	8.988	6.941	3.950
555	40	255	397.425	187.450	22.142	7.650	6.658	49.085
556	32	255	194.844	185.031	21.899	6.767	6.021	145.108
557	58	255	420.293	183.190	26.971	9.037	8.172	13.283
558	54	255	334.111	181.574	25.799	9.166	7.501	115.915
559	63	255	168.532	179.706	29.314	10.784	7.438	82.804
560	60	255	1219.800	180.517	28.385	9.628	7.935	25.651
561	35	255	58.414	181.043	20.728	7.440	5.990	21.193
562	42	255	636.024	178.762	23.556	8.052	6.642	98.070
563	18	255	23.000	178.889	15.314	6.191	3.702	20.265
564	52	255	121.288	175.808	28.042	8.543	7.750	176.728
565	70	255	656.571	174.914	29.799	10.420	8.553	58.350
566	59	255	1192.822	176.042	27.799	9.733	7.718	24.526
567	52	255	263.904	174.288	26.728	10.359	6.391	85.714
568	42	255	371.619	173.833	22.971	7.626	7.012	126.731
569	39	255	644.731	174.346	23.556	8.084	6.142	46.680
570	59	255	878.856	173.483	27.556	9.113	8.243	80.354
571	62	255	613.419	173.000	28.385	9.777	8.074	171.543
572	71	255	229.232	169.725	32.627	11.368	7.952	71.247
573	74	255	779.595	169.919	30.385	10.300	9.148	65.862
574	80	255	992.263	170.538	31.799	11.219	9.079	8.668
575	47	255	408.309	169.479	27.556	7.948	7.530	5.052
576	37	255	761.365	167.527	25.799	9.328	5.050	75.592
577	78	255	29.577	164.923	31.799	10.235	9.703	55.866
578	67	255	971.604	165.590	29.556	9.613	8.874	69.053
579	76	255	1086.908	165.421	30.385	10.364	9.336	168.120
580	73	255	944.144	164.486	30.385	10.334	8.994	14.872
581	24	255	1160.292	165.542	26.627	6.562	4.657	15.782
582	59	255	521.381	162.619	28.385	10.298	7.295	124.437
583	38	255	141.474	162.237	22.385	7.609	6.359	112.562
584	29	255	243.672	162.052	20.142	7.617	4.848	0.207
585	95	255	99.553	157.732	34.627	11.980	10.096	140.764
586	82	255	253.695	156.976	32.627	10.442	9.999	62.707
587	34	255	758.000	151.500	20.142	7.429	5.827	118.068
588	63	255	662.976	149.071	29.799	9.353	8.577	114.135
589	98	255	835.694	147.755	37.456	12.382	10.077	82.299
590	35	255	907.786	150.871	24.385	7.022	6.346	158.863
591	1	255	256.500	151.500	2.828	1.128	1.128	0.000
592	39	255	1083.372	149.038	22.142	7.927	6.264	175.823
593	31	255	1106.565	147.661	22.728	7.061	5.590	59.274
594	40	255	510.375	145.350	30.627	7.794	6.534	108.417
595	54	255	23.926	144.759	27.799	9.562	7.190	131.453
596	4	255	904.500	147.000	7.071	3.216	1.583	148.283
597	65	255	817.223	142.054	29.213	9.830	8.419	22.687
598	62	255	847.565	141.839	28.385	9.648	8.182	175.342
599	68	255	878.603	142.103	30.385	10.189	8.498	170.960
600	35	255	225.071	141.443	20.728	7.316	6.091	64.748
601	71	255	199.190	138.148	31.799	12.157	7.436	104.263
602	66	255	672.955	138.955	31.799	10.692	7.859	110.451
603	36	255	166.333	140.000	21.314	7.098	6.457	9.160E-14
604	57	255	34.237	135.763	29.213	10.367	7.001	73.756
605	76	255	792.474	133.447	32.385	12.342	7.840	120.323
606	4	255	829.000	138.000	5.657	2.257	2.257	0.000
607	86	255	862.070	133.419	33.213	11.056	9.904	68.330
608	69	255	209.964	133.601	30.385	10.274	8.551	137.181
609	37	255	1190.554	134.527	21.556	7.085	6.649	167.348
610	36	255	585.639	133.111	20.728	7.372	6.218	162.971
611	75	255	554.873	130.527	30.385	10.323	9.251	5.368
612	38	255	725.605	129.289	20.971	7.411	6.529	144.057
613	28	255	774.500	130.071	20.728	6.979	5.108	127.753
614	41	255	335.890	128.695	24.142	9.060	5.762	30.450
615	43	255	1143.616	129.291	25.556	9.620	5.691	11.661
616	86	255	839.802	125.081	33.456	11.368	9.632	73.566
617	58	255	394.345	124.741	26.971	10.068	7.335	88.309
618	15	255	688.833	124.833	18.142	7.386	2.586	123.276
619	3	255	772.833	125.833	5.657	2.365	1.615	135.000
620	65	255	1122.623	121.623	28.971	9.110	9.084	135.000
621	40	255	353.575	119.875	23.556	8.566	5.945	111.616
622	54	255	525.444	119.296	26.142	9.360	7.346	85.811
623	30	255	677.100	121.467	19.899	6.621	5.769	160.872
624	1	255	686.500	123.500	2.828	1.128	1.128	0.000
625	97	255	14.046	117.067	35.799	12.163	10.154	171.307
626	78	255	930.103	114.551	31.799	10.683	9.296	175.613
627	42	255	576.762	114.310	23.556	7.806	6.851	71.917
628	75	255	725.820	111.673	31.799	11.056	8.637	24.823
629	103	255	111.170	109.005	37.213	12.013	10.917	87.139
630	88	255	881.557	108.511	35.799	13.127	8.535	70.137
631	110	255	140.409	107.145	38.042	13.168	10.636	11.138
632	57	255	977.623	109.588	26.728	9.649	7.521	172.282
633	101	255	1094.411	106.926	36.042	12.612	10.197	53.490
634	30	255	1169.400	108.533	20.971	6.665	5.731	122.391
635	55	255	32.136	105.009	27.213	9.502	7.370	159.955
636	36	255	467.139	106.083	24.142	8.490	5.399	150.449
637	57	255	526.693	105.605	38.627	10.260	7.073	172.708
638	39	255	403.859	104.192	22.728	8.318	5.970	102.293
639	92	255	846.772	101.478	35.213	11.675	10.034	123.410
640	1	255	463.500	104.500	2.828	1.128	1.128	0.000
641	9	255	764.500	101.500	9.657	3.385	3.385	0.000
642	38	255	137.053	94.368	24.971	9.716	4.980	108.405
643	56	255	1044.643	92.964	26.971	9.778	7.292	140.924
644	43	255	209.337	92.570	26.385	8.177	6.695	179.550
645	41	255	768.915	92.671	22.971	7.757	6.730	6.062
646	40	255	441.350	90.450	22.728	7.385	6.896	8.715
647	60	255	539.300	90.000	27.556	9.516	8.028	22.378
648	40	255	185.000	86.000	22.142	8.346	6.102	72.961
649	44	255	527.841	85.159	24.142	8.023	6.982	88.551
650	42	255	342.976	81.048	30.627	8.256	6.477	72.520
651	88	255	689.114	79.466	38.042	11.270	9.942	111.777
652	49	255	511.112	80.276	24.971	8.609	7.247	52.236
653	44	255	1060.023	77.727	24.385	9.118	6.144	110.559
654	37	255	721.716	74.203	22.142	7.826	6.019	85.811
655	31	255	538.403	73.726	19.799	6.478	6.093	9.928
656	4	255	79.000	74.000	5.657	2.257	2.257	0.000
657	31	255	1086.855	71.306	23.799	8.575	4.603	52.894
658	55	255	732.064	69.045	26.142	8.831	7.930	48.339
659	2	255	81.000	71.000	5.657	2.596	0.981	135.000
660	81	255	482.278	66.500	33.213	11.359	9.080	49.065
661	69	255	1204.486	66.935	29.213	9.965	8.816	127.631
662	45	255	58.367	67.167	23.556	8.726	6.566	57.142
663	49	255	426.194	66.112	25.556	8.463	7.372	77.782
664	65	255	614.546	65.285	28.385	10.060	8.227	138.725
665	60	255	1144.600	64.617	28.971	10.046	7.605	128.244
666	64	255	337.641	61.828	29.213	10.274	7.931	117.822
667	57	255	826.465	62.254	27.799	9.888	7.340	129.129
668	37	255	413.041	62.149	22.971	7.956	5.922	53.914
669	85	255	808.935	60.876	32.971	10.520	10.288	136.042
670	37	255	444.365	61.554	26.385	9.155	5.146	132.474
671	57	255	964.377	56.693	26.385	9.485	7.652	150.673
672	66	255	1125.212	56.303	30.385	10.446	8.045	120.344
673	87	255	267.914	53.362	33.213	11.800	9.387	122.429
674	86	255	984.826	53.349	34.385	11.917	9.189	81.840
675	43	255	180.244	54.570	23.799	8.887	6.161	8.521
676	65	255	644.854	52.438	30.142	10.522	7.865	0.399
677	34	255	1174.353	51.765	24.385	8.138	5.320	137.502
678	64	255	1154.156	49.047	41.698	9.397	8.671	50.055
679	43	255	298.081	49.686	22.971	8.162	6.708	6.179
680	69	255	407.181	48.891	29.556	10.326	8.508	174.069
681	79	255	1089.981	45.449	32.728	11.718	8.584	92.529
682	2	255	312.500	49.000	4.828	2.257	1.128	90.000
683	57	255	372.219	46.447	28.627	10.975	6.613	159.878
684	28	255	1057.536	46.286	19.556	7.068	5.044	83.296
685	94	255	183.277	40.926	36.042	12.489	9.583	52.324
686	50	255	628.780	43.380	25.799	10.642	5.982	153.884
687	41	255	1068.646	43.646	22.728	7.248	7.202	134.970
688	72	255	36.389	40.472	32.627	11.923	7.689	104.759
689	90	255	347.633	39.778	35.456	12.355	9.275	14.573
690	39	255	495.628	40.782	22.728	7.853	6.323	142.656
691	47	255	81.436	39.798	25.556	9.339	6.408	5.734
692	85	255	483.206	33.382	34.971	13.658	7.924	89.227
693	93	255	514.016	34.371	37.456	12.086	9.797	28.590
694	41	255	1212.280	36.451	28.627	9.724	5.368	139.447
695	65	255	796.008	32.685	29.799	9.830	8.419	32.065
696	47	255	13.394	32.138	25.213	9.436	6.342	136.090
697	59	255	1015.093	31.568	28.385	10.693	7.025	176.387
698	40	255	1149.600	31.425	22.142	7.323	6.954	34.523
699	50	255	268.280	30.560	25.556	9.490	6.709	26.122
700	94	255	772.798	27.128	34.627	11.849	10.101	110.085
701	73	255	70.158	26.514	31.556	11.618	8.000	91.490
702	42	255	1023.071	26.643	24.385	8.041	6.650	165.671
703	46	255	1211.022	24.870	24.971	8.306	7.051	97.952
704	44	255	813.727	23.250	32.870	8.512	6.582	115.019
705	41	255	47.720	23.402	22.971	8.276	6.307	21.016
706	53	255	691.123	23.670	26.142	9.260	7.287	15.438
707	47	255	637.309	21.160	24.385	8.257	7.248	117.210
708	46	255	199.478	19.957	24.728	8.468	6.917	80.485
709	69	255	1196.674	19.630	33.213	10.293	8.535	144.520
710	52	255	498.288	19.288	27.213	9.961	6.646	156.131
711	80	255	526.913	17.600	32.627	11.641	8.750	122.961
712	54	255	1031.815	17.889	25.556	8.341	8.243	29.748
713	2	255	1191.500	18.000	4.828	2.257	1.128	90.000
714	45	255	1110.256	13.033	32.042	10.456	5.480	97.126
715	111	255	149.140	8.914	38.627	13.020	10.855	92.282
716	42	255	1190.024	9.786	23.556	8.291	6.450	147.803
717	77	255	513.357	4.916	32.385	10.664	9.194	81.658
718	47	255	662.160	3.074	26.142	9.214	6.495	73.567
719	39	255	193.679	2.628	22.728	8.310	5.976	174.637
720	42	255	441.024	2.000	24.142	7.984	6.698	151.225
721	41	255	853.085	2.427	25.799	8.885	5.875	146.806
722	48	255	90.250	1.854	25.556	10.260	5.957	14.063
723	44	255	1093.614	1.841	24.142	9.495	5.900	19.639
724	8	255	248.000	-0.250	13.071	5.468	1.863	0.000
725	6	255	158.000	-0.500	12.243	6.770	1.128	0.000
