 	Area	Mean	XM	YM	Perim.	Major	Minor	Angle
1	2	255	100.000	902.500	4.243	2.257	1.128	0.000
2	15	255	1192.033	899.900	16.142	6.110	3.126	18.435
3	21	255	452.548	898.690	22.142	7.847	3.407	169.803
4	9	255	986.500	889.833	10.485	4.204	2.726	54.217
5	8	255	911.625	888.625	9.071	3.538	2.879	135.000
6	13	255	105.038	886.115	12.485	4.899	3.378	140.735
7	25	255	562.860	884.140	22.385	7.406	4.298	2.804
8	20	255	1180.950	882.250	18.728	6.762	3.766	19.498
9	1	255	104.500	881.500	2.828	1.128	1.128	0.000
10	29	255	72.500	875.707	25.799	8.084	4.567	103.909
11	21	255	818.452	877.452	20.971	7.059	3.788	171.982
12	36	255	620.611	872.139	32.627	7.857	5.834	56.162
13	12	255	1045.750	872.917	11.899	4.424	3.453	57.933
14	22	255	45.500	869.636	16.728	5.585	5.016	90.000
15	25	255	59.220	866.740	20.385	5.915	5.381	141.560
16	15	255	808.300	862.167	20.971	5.917	3.228	35.512
17	16	255	380.688	862.812	13.899	5.130	3.971	175.163
18	8	255	395.375	858.625	9.071	3.538	2.879	45.000
19	5	255	399.100	857.100	9.657	4.076	1.562	110.994
20	4	255	380.500	856.250	8.485	3.676	1.385	129.690
21	33	255	427.924	850.167	38.870	7.089	5.927	27.670
22	21	255	588.929	849.310	20.142	6.177	4.329	8.750
23	12	255	786.417	840.083	15.314	5.254	2.908	36.309
24	15	255	398.433	839.633	14.728	5.543	3.446	139.606
25	16	255	1162.875	837.500	13.314	5.070	4.018	116.001
26	24	255	573.792	831.583	19.314	6.397	4.777	89.227
27	19	255	14.605	831.447	17.314	6.608	3.661	62.047
28	13	255	187.269	830.577	16.142	5.443	3.041	131.538
29	13	255	1100.885	830.962	12.485	4.899	3.378	129.265
30	7	255	371.786	825.929	11.657	5.155	1.729	80.385
31	1	255	570.500	827.500	2.828	1.128	1.128	0.000
32	14	255	648.000	826.214	12.485	4.264	4.181	2.771E-13
33	15	255	1193.233	824.700	16.142	4.813	3.968	57.260
34	1	255	1100.500	824.500	2.828	1.128	1.128	0.000
35	1	255	644.500	823.500	2.828	1.128	1.128	0.000
36	28	255	931.250	818.964	25.799	6.865	5.193	95.630
37	10	255	324.500	819.000	10.485	4.444	2.865	63.435
38	1	255	1018.500	820.500	2.828	1.128	1.128	0.000
39	2	255	326.000	814.500	4.243	2.257	1.128	0.000
40	36	255	38.111	804.861	25.213	8.337	5.498	10.801
41	34	255	997.353	791.794	30.627	6.812	6.355	5.474
42	21	255	1047.786	793.167	18.728	6.931	3.858	2.304
43	10	255	303.300	792.100	13.899	4.719	2.698	113.745
44	19	255	510.289	783.447	15.314	5.294	4.569	104.789
45	8	255	157.250	782.500	10.485	3.978	2.560	24.407
46	6	255	164.500	781.667	8.485	3.718	2.055	143.130
47	13	255	915.115	780.731	16.142	5.784	2.861	166.455
48	19	255	876.658	775.974	20.971	6.001	4.032	48.618
49	24	255	388.583	773.125	20.142	7.146	4.276	11.191
50	23	255	436.283	772.674	24.385	7.064	4.146	84.067
51	1	255	880.500	774.500	2.828	1.128	1.128	0.000
52	19	255	688.079	768.342	20.728	6.267	3.860	160.415
53	5	255	1142.100	768.900	9.071	4.076	1.562	20.994
54	17	255	979.676	764.676	14.728	4.948	4.375	95.004
55	39	255	637.423	756.705	22.385	7.153	6.942	35.783
56	16	255	799.688	758.188	13.899	5.130	3.971	4.837
57	4	255	800.000	753.250	9.899	4.428	1.150	143.909
58	16	255	1023.500	751.000	13.314	4.963	4.105	0.000
59	19	255	885.026	745.605	20.971	6.702	3.610	32.733
60	24	255	421.417	744.833	22.385	7.185	4.253	23.424
61	19	255	268.711	739.816	16.728	6.300	3.840	60.834
62	13	255	440.885	740.038	12.485	4.899	3.378	50.735
63	8	255	863.625	734.625	9.071	3.538	2.879	135.000
64	13	255	962.500	731.962	16.728	5.078	3.259	6.708
65	14	255	1020.071	729.786	16.728	5.117	3.484	80.308
66	18	255	31.611	727.167	16.728	5.697	4.023	140.180
67	24	255	966.500	726.708	23.556	6.480	4.716	139.093
68	33	255	191.439	725.318	32.627	7.957	5.281	56.872
69	11	255	1174.864	726.136	11.314	4.506	3.108	149.714
70	31	255	139.855	713.694	26.971	8.707	4.533	86.433
71	12	255	946.333	708.833	15.314	4.890	3.125	20.157
72	32	255	507.156	704.656	24.971	8.138	5.006	29.483
73	1	255	501.500	705.500	2.828	1.128	1.128	0.000
74	11	255	1075.955	701.227	15.314	4.695	2.983	62.398
75	17	255	557.441	692.441	15.314	5.563	3.891	28.902
76	14	255	1133.786	692.643	14.728	5.463	3.263	139.662
77	31	255	839.306	690.823	20.728	7.305	5.404	18.354
78	18	255	161.500	690.000	14.485	5.587	4.102	23.109
79	2	255	1130.500	690.000	4.828	2.257	1.128	90.000
80	7	255	604.786	685.643	9.071	3.507	2.542	120.473
81	14	255	1010.429	676.643	14.142	4.514	3.949	116.565
82	16	255	56.000	673.250	14.485	5.186	3.928	52.018
83	2	255	1007.000	672.500	4.243	2.257	1.128	0.000
84	1	255	52.500	670.500	2.828	1.128	1.128	0.000
85	29	255	362.190	667.190	18.728	6.563	5.626	134.999
86	18	255	1144.778	667.111	14.728	5.698	4.022	12.236
87	9	255	817.611	666.389	11.071	3.923	2.921	101.981
88	3	255	965.167	663.833	5.657	2.365	1.615	45.000
89	8	255	536.375	660.375	9.071	3.538	2.879	135.000
90	14	255	214.714	648.929	19.314	6.081	2.931	132.724
91	12	255	1100.750	635.333	13.314	4.553	3.356	161.392
92	12	255	769.833	631.583	13.314	5.113	2.988	33.336
93	19	255	150.605	628.553	24.971	5.600	4.320	68.689
94	16	255	816.000	628.938	17.314	6.284	3.242	113.075
95	26	255	331.077	626.115	20.971	6.761	4.896	81.918
96	29	255	24.155	623.362	20.971	7.388	4.998	60.544
97	8	255	537.625	624.625	9.071	3.538	2.879	135.000
98	8	255	432.500	623.000	10.485	3.489	2.919	90.000
99	17	255	409.618	620.559	18.142	5.112	4.234	126.379
100	16	255	1215.750	616.375	24.385	5.599	3.639	3.630
101	24	255	306.625	614.708	20.971	6.431	4.752	27.145
102	1	255	408.500	614.500	2.828	1.128	1.128	0.000
103	10	255	1067.900	610.800	11.899	4.166	3.056	33.836
104	11	255	174.500	605.773	12.485	4.900	2.859	74.745
105	14	255	522.429	600.786	17.314	5.623	3.170	109.239
106	19	255	170.974	593.605	21.314	6.522	3.709	134.370
107	28	255	437.893	591.500	28.385	7.250	4.917	71.245
108	22	255	127.091	589.455	20.142	7.234	3.872	44.835
109	30	255	367.567	587.633	27.799	8.167	4.677	167.100
110	21	255	454.643	588.167	16.728	5.714	4.680	0.000
111	2	255	459.500	590.000	4.828	2.257	1.128	90.000
112	24	255	948.167	585.458	23.556	7.348	4.159	54.408
113	11	255	79.318	584.773	13.899	4.433	3.159	139.636
114	10	255	834.300	585.500	11.071	3.966	3.210	0.000
115	35	255	1134.786	581.757	41.113	7.577	5.882	23.057
116	17	255	484.971	579.971	17.314	5.852	3.699	80.280
117	14	255	689.357	580.071	14.485	5.293	3.368	125.008
118	11	255	1030.045	572.136	11.314	3.994	3.507	161.565
119	10	255	519.500	568.300	11.071	3.966	3.210	90.000
120	27	255	171.130	565.611	23.213	7.280	4.722	102.003
121	24	255	681.708	566.375	20.728	7.237	4.222	147.415
122	3	255	175.500	565.500	6.828	3.385	1.128	90.000
123	36	255	873.556	562.528	33.213	8.391	5.463	144.389
124	33	255	67.864	554.712	21.556	8.145	5.159	125.514
125	18	255	205.333	554.667	15.314	4.967	4.614	7.018
126	8	255	891.375	555.625	9.071	3.538	2.879	45.000
127	10	255	1014.000	552.300	11.899	4.871	2.614	137.145
128	10	255	1183.600	552.100	14.485	6.076	2.096	163.611
129	15	255	826.900	551.100	13.071	4.659	4.099	45.001
130	28	255	338.036	548.357	19.556	7.276	4.900	124.812
131	16	255	960.625	547.688	19.899	5.840	3.488	168.059
132	42	255	593.214	541.929	36.284	7.841	6.820	83.782
133	15	255	942.633	542.700	13.314	5.243	3.643	170.101
134	15	255	571.567	540.900	13.314	4.973	3.841	9.462
135	14	255	1094.357	540.571	14.142	5.046	3.533	146.111
136	20	255	652.200	537.400	26.385	5.879	4.331	34.315
137	43	255	61.988	534.012	30.042	8.103	6.757	153.017
138	12	255	299.417	534.833	14.485	4.557	3.353	65.389
139	13	255	932.731	534.115	12.485	4.253	3.892	30.964
140	12	255	293.417	532.833	14.728	5.558	2.749	29.671
141	9	255	802.500	531.500	9.657	3.385	3.385	0.000
142	12	255	355.417	526.500	13.314	5.334	2.865	103.970
143	11	255	1163.500	526.409	11.899	4.513	3.103	14.714
144	15	255	293.500	523.233	15.899	5.761	3.315	7.290
145	30	255	214.367	518.367	31.213	7.401	5.161	105.311
146	9	255	938.278	518.278	12.485	4.899	2.339	168.917
147	15	255	261.100	514.900	13.071	4.659	4.099	45.001
148	4	255	836.750	515.750	7.657	3.192	1.596	71.565
149	8	255	414.375	511.625	9.071	3.538	2.879	45.000
150	1	255	265.500	511.500	2.828	1.128	1.128	0.000
151	1	255	263.500	509.500	2.828	1.128	1.128	0.000
152	12	255	603.000	508.000	11.314	3.909	3.909	0.000
153	1	255	605.500	503.500	2.828	1.128	1.128	0.000
154	3	255	1055.167	499.167	5.657	2.365	1.615	135.000
155	22	255	831.682	493.818	17.556	6.133	4.568	135.583
156	2	255	1051.000	495.000	5.657	2.596	0.981	135.000
157	17	255	58.324	493.382	16.728	7.162	3.022	2.980
158	18	255	252.667	491.833	17.071	5.650	4.056	26.001
159	1	255	247.500	491.500	2.828	1.128	1.128	0.000
160	16	255	1033.000	488.938	17.314	6.284	3.242	66.925
161	1735	255	883.643	462.393	175.095	53.401	41.367	99.694
162	29	255	78.224	485.431	21.556	7.435	4.966	56.837
163	2548	255	839.498	458.458	197.698	59.845	54.210	57.343
164	10463	255	773.388	420.875	481.362	123.842	107.572	127.852
165	17	255	106.147	473.559	14.142	4.924	4.396	61.512
166	22	255	1091.182	472.045	20.728	7.251	3.863	173.799
167	6	255	974.667	468.333	8.485	3.140	2.433	135.000
168	5	255	1007.700	467.500	8.485	3.086	2.063	145.901
169	9	255	241.500	464.833	10.485	4.204	2.726	125.783
170	9	255	1041.833	464.611	9.899	3.919	2.924	159.699
171	13	255	531.885	463.115	11.899	4.380	3.779	135.000
172	30	255	377.533	460.033	24.385	7.291	5.239	50.225
173	7	255	546.214	459.500	8.485	3.086	2.888	90.000
174	6087	255	687.774	406.481	339.522	102.083	75.921	99.348
175	3217	255	923.937	410.190	263.505	102.710	39.879	135.055
176	8	255	1120.250	450.500	10.485	3.978	2.560	24.407
177	12	255	60.250	441.000	12.485	4.756	3.212	58.912
178	1	255	457.500	438.500	2.828	1.128	1.128	0.000
179	5186	255	621.765	388.559	313.865	91.157	72.435	122.157
180	35	255	111.414	427.586	28.385	9.204	4.842	91.867
181	16	255	303.312	427.875	13.899	5.652	3.604	148.039
182	29	255	284.224	422.086	25.799	7.359	5.018	23.221
183	27	255	293.167	416.352	23.556	7.458	4.610	29.168
184	32	255	442.438	414.281	29.213	8.196	4.971	132.768
185	13	255	1136.500	413.346	13.899	5.468	3.027	151.395
186	1	255	441.500	408.500	2.828	1.128	1.128	0.000
187	16	255	197.312	406.125	13.899	5.652	3.604	31.961
188	22	255	875.455	395.909	18.142	6.402	4.375	66.011
189	18	255	1172.556	388.389	15.314	4.995	4.588	116.565
190	1	255	1169.500	386.500	2.828	1.128	1.128	0.000
191	10	255	911.900	378.000	13.314	4.411	2.887	76.859
192	12	255	1090.000	371.500	11.657	4.514	3.385	0.000
193	16	255	491.500	365.188	15.314	5.350	3.808	168.804
194	11	255	189.409	362.409	16.728	6.001	2.334	135.000
195	2	255	187.000	359.000	5.657	2.596	0.981	135.000
196	1	255	678.500	355.500	2.828	1.128	1.128	0.000
197	29	255	430.914	349.672	26.971	6.742	5.477	148.167
198	11	255	689.591	350.864	11.071	4.384	3.195	74.929
199	9	255	680.833	350.722	10.485	3.685	3.109	7.628
200	1	255	280.500	349.500	2.828	1.128	1.128	0.000
201	17	255	276.500	346.853	15.314	5.695	3.801	8.303
202	17	255	710.618	344.559	16.728	5.004	4.325	105.274
203	19	255	168.132	338.237	18.971	5.349	4.523	99.057
204	13	255	784.423	337.269	15.314	5.083	3.257	10.377
205	41	255	746.183	334.646	22.385	7.764	6.724	157.275
206	15	255	133.500	333.500	14.142	4.957	3.853	153.435
207	25	255	1094.620	327.780	30.627	7.063	4.507	38.966
208	45	255	64.878	324.167	23.799	8.800	6.511	140.228
209	13	255	954.654	323.654	13.314	4.753	3.482	25.453
210	3	255	1096.500	323.833	7.071	3.213	1.189	28.155
211	25	255	1117.500	310.220	18.142	5.996	5.309	146.228
212	9	255	931.500	310.500	9.657	3.385	3.385	0.000
213	11	255	1133.136	307.864	11.899	4.506	3.108	149.714
214	54	255	293.759	301.907	26.142	8.363	8.221	72.719
215	10	255	889.500	300.000	10.485	4.444	2.865	63.435
216	1	255	1070.500	300.500	2.828	1.128	1.128	0.000
217	27	255	43.315	296.204	22.971	7.373	4.663	59.062
218	12	255	1141.833	295.083	14.728	4.261	3.585	70.946
219	20	255	1006.650	293.250	17.556	5.543	4.594	82.575
220	30	255	835.367	292.267	23.556	7.189	5.313	167.312
221	16	255	52.000	287.750	14.485	5.186	3.928	127.982
222	1	255	834.500	287.500	2.828	1.128	1.128	0.000
223	9	255	606.167	285.611	10.485	3.919	2.924	20.301
224	10	255	927.700	284.500	10.485	3.966	3.210	0.000
225	25	255	595.380	281.580	22.385	6.855	4.643	163.000
226	34	255	402.118	276.471	26.385	7.853	5.513	84.538
227	22	255	1133.636	275.227	18.142	6.647	4.214	27.454
228	21	255	668.595	273.976	23.799	5.569	4.801	136.177
229	2	255	1129.000	276.500	4.243	2.257	1.128	0.000
230	33	255	82.045	270.288	24.971	8.127	5.170	111.436
231	10	255	938.500	269.700	11.071	3.966	3.210	90.000
232	17	255	1057.676	269.324	16.971	4.798	4.511	117.892
233	2	255	77.500	270.000	4.828	2.257	1.128	90.000
234	13	255	747.885	268.577	13.899	4.772	3.469	118.155
235	22	255	24.000	266.409	16.728	6.458	4.337	38.251
236	12	255	270.917	263.750	11.899	4.424	3.453	32.067
237	32	255	1194.031	256.250	27.213	7.870	5.177	93.486
238	12	255	662.167	257.250	11.899	4.164	3.669	19.805
239	9	255	1134.833	252.722	10.485	3.685	3.109	7.628
240	22	255	1145.273	250.864	16.728	6.468	4.330	147.972
241	12	255	557.000	249.500	11.657	4.514	3.385	0.000
242	21	255	193.071	247.214	20.142	6.576	4.066	98.471
243	29	255	510.431	244.017	23.799	7.063	5.228	24.835
244	15	255	540.967	243.767	15.314	4.879	3.914	95.335
245	22	255	25.182	240.773	20.728	7.065	3.965	88.103
246	2	255	904.000	242.500	4.243	2.257	1.128	0.000
247	11	255	904.591	238.591	17.314	5.011	2.795	8.110
248	1	255	539.500	239.500	2.828	1.128	1.128	0.000
249	1	255	1201.500	237.500	2.828	1.128	1.128	0.000
250	13	255	1200.885	233.654	21.556	5.468	3.027	160.652
251	2	255	0.500	233.000	4.828	2.257	1.128	90.000
252	15	255	796.167	226.767	13.314	4.759	4.014	174.116
253	19	255	353.658	224.921	17.314	6.844	3.534	72.398
254	9	255	1141.611	220.944	11.899	4.899	2.339	132.047
255	45	255	58.122	204.078	40.527	8.324	6.883	146.202
256	13	255	1051.038	204.808	15.314	5.438	3.044	79.255
257	2	255	1048.500	206.000	4.828	2.257	1.128	90.000
258	13	255	298.192	197.269	13.314	4.949	3.344	39.275
259	2	255	303.000	196.500	4.243	2.257	1.128	0.000
260	12	255	1026.000	195.000	11.314	3.909	3.909	0.000
261	16	255	630.125	190.500	13.899	5.070	4.018	63.999
262	32	255	179.344	187.969	31.456	6.630	6.146	91.901
263	8	255	710.000	182.625	10.485	3.651	2.790	34.722
264	18	255	233.611	180.333	15.899	6.166	3.717	75.620
265	25	255	38.660	178.700	18.728	6.797	4.683	85.525
266	6	255	987.667	179.833	9.071	2.930	2.607	116.565
267	20	255	1082.600	176.150	24.971	6.491	3.923	173.344
268	10	255	214.500	176.000	10.485	4.444	2.865	63.435
269	17	255	803.029	170.618	18.728	5.627	3.847	82.982
270	22	255	22.409	168.136	18.728	6.525	4.293	80.211
271	14	255	957.500	164.000	13.314	5.862	3.041	143.230
272	23	255	1222.370	158.674	19.314	7.276	4.025	85.621
273	12	255	369.833	158.750	11.899	4.164	3.669	19.805
274	19	255	972.447	157.974	17.556	5.953	4.064	141.961
275	9	255	305.500	143.500	9.657	3.385	3.385	0.000
276	2	255	399.500	140.000	4.828	2.257	1.128	90.000
277	14	255	505.857	139.214	13.071	4.699	3.794	35.515
278	11	255	1174.773	138.773	11.899	4.337	3.229	45.000
279	6	255	885.667	137.333	8.485	3.140	2.433	135.000
280	7	255	1138.500	135.214	9.071	3.086	2.888	0.000
281	19	255	1148.711	124.711	15.899	6.022	4.017	102.979
282	17	255	527.206	121.206	14.485	5.482	3.948	26.278
283	10	255	998.000	120.700	10.485	4.111	3.097	2.596E-14
284	29	255	26.810	112.500	28.385	7.600	4.858	138.779
285	14	255	398.714	111.143	13.314	4.746	3.756	155.642
286	22	255	188.591	108.409	15.899	5.554	5.043	134.999
287	22	255	772.955	100.864	31.456	5.680	4.932	117.359
288	16	255	1108.625	101.000	15.314	4.889	4.167	117.344
289	16	255	407.312	99.688	13.899	5.174	3.938	107.254
290	14	255	722.000	99.214	12.485	4.264	4.181	2.771E-13
291	17	255	561.853	88.441	14.728	4.924	4.396	61.512
292	18	255	64.667	86.000	15.314	6.137	3.734	8.909
293	14	255	750.929	85.643	13.899	5.293	3.368	144.992
294	23	255	180.413	80.804	19.314	6.293	4.654	64.680
295	21	255	691.548	61.357	18.728	5.694	4.696	132.059
296	1	255	495.500	59.500	2.828	1.128	1.128	0.000
297	27	255	498.981	54.907	22.385	6.681	5.146	85.703
298	17	255	891.088	52.206	25.799	5.647	3.833	177.104
299	19	255	1006.132	48.289	16.728	6.011	4.024	57.487
300	16	255	739.875	47.875	20.142	5.657	3.601	179.488
301	14	255	823.071	47.500	14.728	4.957	3.596	68.487
302	39	255	610.449	43.782	22.142	7.306	6.797	144.788
303	20	255	692.200	44.050	16.142	5.761	4.420	58.897
304	1	255	1008.500	44.500	2.828	1.128	1.128	0.000
305	10	255	1137.700	39.200	11.071	4.456	2.857	108.222
306	18	255	523.000	34.278	14.485	5.282	4.339	90.000
307	14	255	786.571	35.071	13.314	4.701	3.792	20.724
308	1	255	1141.500	36.500	2.828	1.128	1.128	0.000
309	10	255	1081.800	31.300	10.485	4.456	2.857	161.778
310	14	255	1156.000	28.429	20.142	5.150	3.461	81.682
311	4	255	1151.750	29.000	9.657	3.969	1.283	72.391
312	26	255	914.462	26.500	22.971	6.909	4.792	15.591
313	27	255	68.759	24.833	18.728	5.980	5.748	142.125
314	44	255	434.318	16.500	36.870	7.996	7.007	127.015
315	13	255	78.115	18.269	12.485	4.253	3.892	120.964
316	1	255	68.500	18.500	2.828	1.128	1.128	0.000
317	18	255	1036.167	10.778	26.627	5.711	4.013	137.937
318	1	255	1037.500	13.500	2.828	1.128	1.128	0.000
319	1	255	433.500	11.500	2.828	1.128	1.128	0.000
320	6	255	1219.667	-0.167	9.071	4.134	1.848	167.067
