 	Area	Mean	XM	YM	Perim.	Major	Minor	Angle
1	47	255	34.160	900.287	25.314	9.507	6.294	11.125
2	42	255	335.190	900.214	25.314	8.252	6.481	14.795
3	18	255	626.000	901.722	17.899	7.241	3.165	0.000
4	73	255	915.281	899.253	31.556	11.626	7.994	15.270
5	25	255	309.420	898.820	17.899	6.549	4.860	108.088
6	115	255	873.604	895.500	43.113	12.984	11.277	68.106
7	55	255	1009.355	896.355	28.385	9.956	7.033	97.935
8	42	255	557.738	896.738	23.556	8.515	6.280	28.732
9	32	255	775.438	895.875	23.556	7.358	5.537	15.334
10	201	255	921.973	889.331	67.255	17.719	14.444	35.378
11	30	255	1049.467	894.267	29.456	7.065	5.406	122.131
12	55	255	503.027	892.300	38.284	8.470	8.268	78.420
13	47	255	221.032	893.436	24.142	8.713	6.869	25.895
14	41	255	617.085	893.963	22.728	8.436	6.188	12.348
15	53	255	903.670	891.764	34.627	9.503	7.101	134.170
16	2	255	908.500	895.000	4.828	2.257	1.128	90.000
17	65	255	162.562	890.315	29.213	9.220	8.976	35.571
18	71	255	416.585	889.711	31.213	10.808	8.364	135.484
19	50	255	1150.180	889.800	29.456	11.139	5.715	110.272
20	28	255	855.964	889.607	23.556	6.940	5.137	136.398
21	51	255	889.696	887.382	29.213	8.269	7.853	5.417
22	40	255	1043.600	887.725	24.971	7.324	6.954	47.765
23	41	255	809.524	887.549	27.556	7.870	6.633	123.243
24	65	255	1116.592	885.531	29.213	9.537	8.678	86.626
25	11	255	1223.136	887.318	15.657	6.680	2.097	87.660
26	102	255	8.873	884.539	38.870	12.823	10.128	11.048
27	77	255	1080.955	884.942	31.213	11.890	8.245	44.350
28	40	255	846.400	884.300	23.556	7.779	6.547	138.253
29	51	255	864.951	883.833	24.971	8.446	7.688	131.589
30	84	255	518.405	881.036	42.870	10.966	9.753	55.088
31	56	255	828.018	882.357	26.385	8.578	8.312	129.816
32	67	255	349.410	880.948	29.213	10.025	8.509	123.909
33	51	255	674.225	882.324	28.627	9.025	7.195	175.863
34	31	255	853.726	881.694	20.971	7.352	5.369	108.277
35	34	255	958.294	879.471	21.556	7.050	6.141	148.639
36	39	255	303.731	878.090	23.799	8.230	6.034	140.437
37	29	255	361.741	877.086	23.799	7.629	4.840	116.060
38	44	255	1127.205	875.114	28.385	7.868	7.120	155.554
39	37	255	286.473	875.203	24.142	7.739	6.087	26.895
40	64	255	561.875	875.062	29.556	11.096	7.344	20.909
41	79	255	874.639	871.728	44.870	10.676	9.421	178.986
42	29	255	1086.224	871.293	31.213	7.526	4.906	111.671
43	2	255	794.500	874.000	4.828	2.257	1.128	90.000
44	53	255	792.670	869.500	27.799	9.799	6.887	161.840
45	79	255	930.386	868.551	45.113	11.135	9.033	8.172
46	79	255	365.930	867.525	43.698	10.738	9.368	58.679
47	67	255	839.410	866.306	29.556	9.862	8.650	145.030
48	54	255	956.722	866.056	26.971	8.845	7.773	85.119
49	63	255	660.976	864.071	28.385	9.829	8.161	101.877
50	62	255	1094.597	864.242	30.627	9.219	8.563	144.550
51	75	255	432.433	863.113	35.213	10.511	9.085	87.508
52	63	255	1082.817	862.294	30.971	10.342	7.756	127.879
53	39	255	298.013	863.808	22.971	7.929	6.263	133.783
54	76	255	532.750	861.868	32.385	11.004	8.794	57.242
55	53	255	166.953	862.292	25.556	8.530	7.911	166.099
56	73	255	677.842	861.733	30.971	10.520	8.835	175.503
57	43	255	756.384	861.453	23.556	7.489	7.310	120.825
58	74	255	261.811	857.554	30.971	10.443	9.022	5.124
59	44	255	997.773	855.295	25.799	8.772	6.387	4.019
60	39	255	433.372	853.526	24.142	8.492	5.847	138.322
61	51	255	1089.127	851.990	28.385	8.665	7.494	106.904
62	74	255	1104.216	851.270	32.627	10.968	8.591	105.439
63	60	255	27.033	847.367	30.627	11.370	6.719	112.348
64	23	255	43.587	850.543	17.899	5.957	4.916	25.913
65	43	255	36.128	847.151	29.213	8.892	6.157	59.679
66	54	255	57.000	847.352	26.142	8.529	8.061	0.000
67	65	255	305.100	846.377	29.213	10.205	8.109	148.183
68	71	255	428.655	845.951	29.799	9.823	9.203	77.710
69	68	255	456.971	846.338	36.627	10.407	8.319	24.768
70	44	255	317.432	846.386	23.556	8.177	6.852	64.721
71	51	255	978.520	845.912	26.385	9.278	6.999	55.923
72	64	255	1075.312	845.484	28.385	9.276	8.785	156.599
73	1	255	40.500	845.500	2.828	1.128	1.128	0.000
74	44	255	1166.341	841.955	28.627	8.615	6.503	171.503
75	79	255	327.829	839.234	33.456	10.732	9.373	109.618
76	61	255	1089.025	838.746	30.385	9.955	7.802	127.247
77	64	255	581.109	838.031	31.213	9.633	8.459	105.867
78	49	255	691.663	838.357	28.385	8.700	7.171	151.713
79	42	255	42.548	837.333	29.213	8.017	6.670	57.688
80	32	255	636.438	838.688	20.728	7.419	5.492	162.888
81	2	255	493.000	840.500	4.243	2.257	1.128	0.000
82	38	255	1022.342	837.395	23.556	8.142	5.942	35.589
83	47	255	493.181	836.372	27.799	8.963	6.677	169.322
84	54	255	814.296	835.426	49.698	8.462	8.125	169.488
85	52	255	515.596	834.462	28.627	8.933	7.412	93.873
86	80	255	624.775	833.975	31.213	10.274	9.914	135.000
87	44	255	458.182	832.864	29.213	8.146	6.877	145.826
88	67	255	875.619	833.306	28.971	9.372	9.102	173.306
89	46	255	1004.391	834.370	25.213	8.376	6.992	3.915
90	68	255	1099.750	832.500	32.870	10.284	8.419	134.411
91	64	255	34.594	831.969	29.213	9.883	8.245	93.694
92	31	255	971.919	834.145	19.899	6.794	5.810	56.174
93	37	255	1161.743	834.203	25.556	8.140	5.788	173.021
94	54	255	844.352	831.259	26.627	9.757	7.047	147.961
95	40	255	789.075	828.525	23.556	8.437	6.037	123.770
96	20	255	371.650	829.650	17.556	5.647	4.510	135.000
97	76	255	1013.224	826.039	34.284	12.311	7.860	55.405
98	101	255	1033.738	822.589	47.113	14.874	8.646	81.529
99	29	255	5.500	827.810	19.556	6.853	5.388	17.869
100	34	255	307.912	826.971	21.556	7.892	5.485	132.629
101	64	255	497.328	825.031	28.385	9.336	8.728	7.574
102	38	255	734.000	826.395	29.213	8.174	5.919	150.783
103	49	255	863.745	825.663	24.971	8.243	7.569	32.235
104	57	255	1024.553	825.447	27.556	9.813	7.396	114.580
105	36	255	424.278	823.222	24.728	7.446	6.156	22.754
106	48	255	818.812	822.583	27.799	9.009	6.784	93.092
107	13	255	589.731	823.885	11.899	4.253	3.892	149.036
108	80	255	800.913	820.163	36.627	10.325	9.865	81.800
109	86	255	1110.267	818.186	34.042	11.273	9.714	125.834
110	30	255	646.100	819.100	21.556	6.997	5.459	104.981
111	2	255	823.500	822.000	4.828	2.257	1.128	90.000
112	78	255	1003.872	818.269	42.284	11.894	8.350	171.749
113	36	255	1086.611	819.222	22.385	7.540	6.079	164.740
114	81	255	531.870	816.537	33.213	11.193	9.214	146.298
115	1	255	1072.500	821.500	2.828	1.128	1.128	0.000
116	88	255	932.511	813.716	43.698	11.511	9.734	114.105
117	57	255	1069.219	815.763	29.799	10.704	6.780	136.747
118	43	255	694.849	815.988	24.142	8.443	6.485	166.982
119	9	255	1076.056	818.389	11.899	4.030	2.843	120.695
120	63	255	1024.881	808.881	28.627	9.491	8.452	168.999
121	38	255	657.500	807.737	22.142	7.806	6.198	30.262
122	62	255	795.081	806.742	28.385	9.115	8.660	153.906
123	53	255	945.877	806.557	33.456	8.861	7.615	125.223
124	77	255	153.461	804.214	33.799	11.112	8.823	113.998
125	67	255	201.410	804.321	35.456	9.629	8.859	35.370
126	54	255	1071.315	804.926	26.385	9.477	7.255	157.416
127	63	255	483.373	803.865	35.456	9.383	8.549	140.461
128	31	255	500.661	805.661	23.556	8.799	4.486	174.523
129	46	255	1057.283	803.304	28.870	8.053	7.273	149.363
130	42	255	911.476	801.405	24.971	8.086	6.614	134.704
131	55	255	531.245	800.245	27.799	9.966	7.027	53.557
132	71	255	211.570	797.782	40.284	12.732	7.100	24.630
133	34	255	160.824	797.912	20.728	6.913	6.262	26.565
134	46	255	378.196	797.217	28.042	8.365	7.001	166.829
135	38	255	542.632	798.132	21.899	7.562	6.398	2.664
136	55	255	722.682	795.227	34.042	9.414	7.438	154.757
137	60	255	90.917	794.933	31.799	9.442	8.091	164.582
138	44	255	169.977	794.477	24.142	8.801	6.366	31.835
139	111	255	17.797	789.059	41.456	14.245	9.921	107.136
140	84	255	739.024	792.226	42.042	16.230	6.590	168.774
141	70	255	535.286	791.043	34.042	11.161	7.985	8.365
142	49	255	136.949	789.745	35.799	8.736	7.141	172.979
143	51	255	575.284	789.069	25.799	8.958	7.249	17.658
144	55	255	1082.336	788.664	26.971	9.041	7.746	56.461
145	33	255	333.470	789.318	20.142	7.138	5.887	4.698
146	33	255	413.833	788.379	20.728	6.674	6.295	62.750
147	84	255	179.119	785.393	35.213	10.703	9.993	90.306
148	52	255	1185.231	785.962	36.870	9.891	6.694	57.841
149	36	255	875.000	785.556	24.142	7.384	6.208	134.363
150	55	255	39.791	784.845	26.971	8.690	8.059	90.814
151	54	255	100.593	784.907	26.385	9.170	7.498	7.749
152	57	255	913.044	782.851	26.971	8.946	8.113	174.602
153	46	255	987.978	783.478	24.142	8.228	7.118	162.177
154	85	255	473.394	779.735	34.627	12.846	8.425	65.861
155	46	255	714.130	782.609	23.556	8.219	7.126	17.262
156	47	255	89.755	778.734	28.385	8.374	7.146	172.764
157	63	255	693.008	778.040	30.627	10.953	7.324	8.140
158	58	255	758.397	777.190	36.284	10.300	7.170	150.228
159	4	255	164.000	780.000	5.657	2.257	2.257	0.000
160	65	255	954.685	775.808	31.213	10.281	8.050	143.430
161	40	255	159.925	776.325	22.971	7.989	6.375	158.149
162	56	255	335.696	776.125	26.728	8.537	8.352	150.187
163	74	255	28.581	774.095	30.971	10.321	9.129	89.771
164	57	255	46.254	774.833	27.556	9.335	7.774	23.635
165	64	255	932.859	774.109	28.971	10.123	8.050	97.182
166	50	255	587.220	773.020	25.799	9.044	7.039	170.022
167	50	255	191.160	770.600	25.556	9.346	6.811	43.102
168	62	255	269.887	770.339	28.385	9.497	8.312	66.022
169	77	255	745.942	770.955	32.385	12.841	7.635	15.612
170	20	255	821.050	770.300	22.142	8.806	2.892	113.886
171	61	255	1104.680	769.516	39.698	9.731	7.982	128.585
172	86	255	219.209	765.942	35.213	12.280	8.917	143.933
173	35	255	1052.929	767.100	26.627	7.528	5.920	158.989
174	30	255	177.967	767.200	20.728	6.846	5.579	58.789
175	41	255	839.061	766.232	29.799	7.588	6.880	67.248
176	40	255	668.575	765.950	23.556	8.089	6.296	12.851
177	9	255	227.167	766.167	11.314	4.333	2.645	135.000
178	17	255	615.029	764.500	15.314	5.388	4.018	56.190
179	80	255	79.838	760.475	32.042	10.661	9.554	59.718
180	89	255	32.601	758.455	34.042	11.347	9.986	48.108
181	91	255	303.698	758.632	34.627	11.164	10.378	61.798
182	43	255	1042.314	759.058	26.142	8.747	6.260	108.960
183	1	255	844.500	761.500	2.828	1.128	1.128	0.000
184	54	255	1034.907	757.574	27.799	8.613	7.983	86.316
185	63	255	201.579	755.071	28.385	9.573	8.379	46.600
186	54	255	218.815	755.222	26.385	8.759	7.850	102.774
187	28	255	844.821	757.571	22.142	7.137	4.995	179.295
188	68	255	421.662	752.779	30.627	10.531	8.222	126.298
189	36	255	109.667	753.917	22.728	8.015	5.719	166.425
190	46	255	189.717	752.848	30.042	8.958	6.538	28.407
191	44	255	710.182	752.250	23.556	7.944	7.052	74.923
192	38	255	733.895	751.579	25.213	7.389	6.548	22.054
193	51	255	748.637	751.578	25.799	8.571	7.576	148.671
194	59	255	930.008	752.025	29.213	10.385	7.233	5.505
195	28	255	1101.607	749.893	20.728	7.978	4.469	132.354
196	30	255	771.433	748.533	20.385	6.987	5.467	137.190
197	64	255	699.312	746.625	28.627	10.318	7.898	143.572
198	44	255	740.205	746.205	27.213	8.595	6.518	169.888
199	58	255	1124.172	745.621	28.385	9.750	7.574	126.504
200	73	255	539.801	744.418	35.213	10.803	8.604	178.021
201	42	255	196.143	741.500	26.385	8.147	6.564	27.353
202	46	255	552.978	742.065	27.799	8.428	6.949	123.391
203	81	255	19.216	738.969	32.385	10.503	9.819	60.052
204	55	255	1167.827	739.627	27.799	9.177	7.631	43.747
205	45	255	865.233	738.078	34.284	7.939	7.217	130.625
206	42	255	856.286	736.238	24.971	8.609	6.212	133.593
207	76	255	924.737	736.500	36.042	11.130	8.694	159.341
208	30	255	791.267	737.233	20.971	7.290	5.239	174.438
209	55	255	457.445	731.791	26.385	9.616	7.283	93.395
210	51	255	890.284	730.657	32.627	9.287	6.992	153.514
211	47	255	336.287	730.032	24.142	9.396	6.369	2.540
212	79	255	200.804	726.778	32.042	10.395	9.677	65.402
213	45	255	235.722	727.811	24.385	7.687	7.454	153.360
214	72	255	528.736	726.917	30.042	10.395	8.819	145.021
215	37	255	877.176	726.824	24.971	8.629	5.459	117.776
216	34	255	707.882	726.588	24.142	8.112	5.336	150.025
217	34	255	5.294	725.618	20.971	7.117	6.083	155.931
218	70	255	730.457	720.200	31.799	12.010	7.421	61.427
219	21	255	830.167	722.071	19.314	6.201	4.312	125.375
220	42	255	172.881	717.667	36.870	10.021	5.336	142.505
221	62	255	261.677	718.323	28.971	9.461	8.344	132.076
222	54	255	458.222	718.185	26.385	8.633	7.964	20.038
223	64	255	491.828	715.750	28.385	9.882	8.246	110.253
224	44	255	695.750	717.091	25.799	8.268	6.776	1.309
225	45	255	821.367	713.900	29.799	9.086	6.306	122.447
226	31	255	892.145	716.919	19.899	6.794	5.810	33.826
227	55	255	357.755	713.973	31.556	8.547	8.193	108.732
228	46	255	479.283	713.978	24.142	8.375	6.993	78.884
229	30	255	1103.300	714.700	24.385	8.019	4.763	138.115
230	32	255	241.531	714.562	20.728	7.633	5.338	1.757
231	79	255	966.665	711.880	32.385	10.890	9.236	51.887
232	39	255	833.295	710.756	28.385	8.313	5.973	135.282
233	56	255	761.857	709.964	29.213	10.478	6.805	128.408
234	91	255	448.940	708.742	34.385	11.141	10.399	57.985
235	100	255	845.050	706.910	43.355	15.352	8.294	46.128
236	43	255	1215.919	709.709	28.627	8.171	6.700	150.783
237	48	255	48.292	708.000	24.142	8.337	7.331	90.000
238	63	255	880.103	707.659	29.456	10.040	7.990	10.984
239	55	255	1004.682	706.336	29.556	9.928	7.054	128.110
240	40	255	372.125	706.750	22.728	8.173	6.231	45.049
241	75	255	669.900	703.860	31.213	10.735	8.896	136.787
242	42	255	194.905	703.643	24.971	9.169	5.832	98.537
243	74	255	984.581	700.270	32.142	10.209	9.229	41.726
244	52	255	301.981	699.596	26.971	9.543	6.938	164.160
245	38	255	800.289	698.605	22.142	7.289	6.638	30.695
246	46	255	856.891	695.609	27.556	8.360	7.006	123.807
247	64	255	786.766	694.406	32.627	9.911	8.222	35.222
248	46	255	36.000	694.500	23.556	8.798	6.657	154.029
249	50	255	445.780	694.120	28.385	8.272	7.696	164.857
250	38	255	656.105	695.026	22.971	8.908	5.432	166.634
251	59	255	824.941	693.619	28.971	10.302	7.292	48.088
252	86	255	299.349	687.721	34.627	12.150	9.012	134.075
253	76	255	876.197	686.632	33.213	10.218	9.470	29.476
254	46	255	561.739	683.674	29.213	8.598	6.812	150.228
255	141	255	697.394	682.479	59.012	16.694	10.754	5.779
256	61	255	397.484	681.811	28.385	9.256	8.391	17.930
257	68	255	1034.426	680.735	29.213	9.563	9.053	107.567
258	67	255	990.157	679.425	31.213	10.149	8.405	116.733
259	51	255	1019.029	678.873	27.213	9.402	6.907	125.554
260	107	255	332.285	676.556	37.213	12.209	11.158	23.254
261	54	255	550.111	677.037	29.213	8.835	7.782	160.562
262	18	255	712.556	679.611	15.314	5.238	4.376	11.199
263	81	255	858.278	676.821	32.627	10.550	9.776	148.322
264	75	255	439.313	675.580	31.213	10.549	9.052	136.202
265	46	255	496.043	674.717	27.799	7.840	7.471	52.223
266	34	255	962.029	675.235	21.314	7.596	5.699	111.889
267	42	255	575.905	671.381	28.142	8.760	6.104	137.699
268	2	255	579.500	675.000	4.828	2.257	1.128	90.000
269	66	255	612.121	670.348	28.627	10.438	8.050	30.634
270	50	255	901.680	670.600	28.385	9.366	6.797	140.918
271	81	255	1010.043	668.685	36.627	10.542	9.783	4.751
272	66	255	1159.091	667.167	30.042	11.143	7.541	143.765
273	44	255	1061.068	665.432	24.385	7.800	7.183	123.935
274	52	255	1125.577	664.250	25.799	8.714	7.598	166.284
275	48	255	286.938	659.729	24.971	8.079	7.565	94.180
276	40	255	564.725	660.875	24.971	9.146	5.568	8.231
277	91	255	890.896	656.390	45.355	12.717	9.111	44.191
278	51	255	389.186	657.931	26.971	8.615	7.538	131.314
279	76	255	775.816	657.197	33.213	10.643	9.092	171.259
280	28	255	828.607	657.036	22.728	6.940	5.137	55.883
281	46	255	1068.674	655.522	28.385	9.210	6.359	153.414
282	59	255	1166.924	655.890	35.213	9.774	7.686	178.170
283	42	255	332.310	654.667	25.556	7.766	6.886	47.616
284	22	255	676.000	655.318	16.728	5.832	4.803	160.361
285	61	255	179.680	651.205	30.627	10.359	7.498	130.257
286	54	255	261.333	651.426	28.042	9.990	6.882	47.223
287	74	255	130.257	648.068	43.113	10.037	9.387	114.591
288	28	255	685.071	650.429	18.971	6.326	5.636	105.343
289	33	255	710.197	649.924	21.556	7.090	5.926	176.952
290	45	255	657.833	648.456	23.556	8.281	6.919	19.504
291	82	255	48.037	643.598	33.456	11.715	8.912	154.441
292	43	255	302.616	643.360	32.627	8.740	6.264	167.574
293	70	255	378.271	643.443	33.799	10.757	8.286	163.354
294	79	255	544.386	642.829	32.627	10.169	9.891	40.391
295	75	255	505.713	643.127	31.556	11.280	8.466	7.668
296	30	255	614.133	643.433	24.385	6.613	5.776	79.781
297	56	255	181.250	640.911	27.799	8.672	8.222	142.344
298	48	255	254.312	640.000	27.799	9.284	6.583	70.599
299	72	255	1199.236	638.847	30.971	10.177	9.008	87.433
300	41	255	625.524	639.671	22.971	7.846	6.653	173.552
301	37	255	760.959	639.311	24.971	7.654	6.155	54.711
302	71	255	880.472	636.880	45.113	10.322	8.758	54.264
303	44	255	1112.773	638.182	28.627	9.028	6.205	126.709
304	35	255	688.786	637.329	23.556	8.745	5.096	178.911
305	53	255	274.009	634.519	29.213	9.297	7.258	124.526
306	64	255	5.516	633.469	38.042	11.998	6.792	167.828
307	5	255	10.100	637.100	9.071	4.076	1.562	159.006
308	3	255	1118.167	636.167	5.657	2.365	1.615	135.000
309	40	255	182.250	631.825	25.213	7.812	6.519	16.853
310	47	255	1079.011	631.372	32.042	8.475	7.061	148.134
311	46	255	199.457	630.891	27.556	9.246	6.334	57.614
312	57	255	60.605	630.061	29.314	11.931	6.083	171.739
313	54	255	159.722	628.315	29.799	9.027	7.617	104.256
314	45	255	425.522	628.433	27.213	9.242	6.199	176.232
315	2	255	741.000	631.500	4.243	2.257	1.128	0.000
316	41	255	1137.988	626.402	29.213	8.897	5.867	116.434
317	59	255	263.280	627.212	33.213	9.546	7.870	7.263
318	93	255	704.478	626.113	34.385	11.370	10.415	20.601
319	34	255	1124.647	626.353	24.385	7.924	5.463	116.678
320	52	255	971.269	624.654	30.385	9.570	6.918	146.090
321	55	255	1008.609	625.155	33.213	9.283	7.544	151.368
322	27	255	739.611	625.611	18.728	7.219	4.762	135.000
323	3	255	744.500	627.500	6.828	3.385	1.128	90.000
324	42	255	606.119	624.548	22.971	7.705	6.940	177.641
325	27	255	855.907	624.315	21.799	6.131	5.607	99.382
326	39	255	200.167	623.115	30.627	9.096	5.459	14.377
327	37	255	91.554	622.176	21.314	7.645	6.162	157.116
328	60	255	590.683	619.733	42.870	10.483	7.287	131.799
329	3	255	659.167	623.833	5.657	2.365	1.615	45.000
330	38	255	407.026	620.658	22.971	7.103	6.811	118.071
331	60	255	716.100	618.867	30.627	9.108	8.388	9.279
332	51	255	46.108	618.853	32.627	11.171	5.813	165.710
333	55	255	212.518	618.973	28.971	9.761	7.174	2.700
334	169	255	443.139	616.240	82.083	20.419	10.538	159.374
335	78	255	29.692	616.551	32.627	11.797	8.418	150.726
336	62	255	269.242	617.435	27.799	9.001	8.770	29.872
337	38	255	659.947	618.158	25.556	8.915	5.427	174.144
338	78	255	256.526	614.436	37.456	11.420	8.696	70.855
339	69	255	285.558	615.312	30.971	10.460	8.399	75.803
340	28	255	423.964	616.536	21.556	7.064	5.047	153.120
341	67	255	370.619	613.664	30.385	10.171	8.387	53.908
342	58	255	322.810	613.586	31.799	10.229	7.220	14.292
343	20	255	1222.350	614.550	17.314	6.253	4.072	86.220
344	41	255	1132.695	611.841	30.042	8.534	6.117	172.410
345	48	255	92.333	611.750	28.142	9.441	6.473	166.001
346	22	255	1005.636	609.455	18.728	6.638	4.220	138.846
347	48	255	431.625	606.229	32.870	8.012	7.628	162.171
348	54	255	1033.148	604.630	25.799	8.691	7.911	110.360
349	52	255	91.538	603.692	25.799	8.677	7.630	121.372
350	42	255	281.333	603.119	29.213	8.526	6.272	149.379
351	69	255	576.732	600.152	36.042	10.771	8.157	141.779
352	43	255	150.453	600.151	24.971	8.434	6.491	44.950
353	61	255	57.090	595.615	33.799	9.337	8.318	70.616
354	42	255	74.405	596.690	24.971	8.126	6.581	52.661
355	49	255	650.704	597.194	24.971	8.319	7.499	140.361
356	61	255	599.533	595.500	28.385	10.082	7.703	32.039
357	81	255	276.315	592.759	33.799	11.237	9.178	93.209
358	39	255	339.551	593.321	22.971	8.222	6.039	39.055
359	93	255	576.608	588.672	45.698	17.205	6.882	129.632
360	57	255	1125.360	592.868	28.385	9.114	7.963	163.035
361	58	255	85.259	590.241	34.042	9.127	8.092	120.693
362	36	255	1066.500	592.694	22.971	7.326	6.256	162.404
363	74	255	1188.973	590.149	39.113	10.009	9.413	164.332
364	45	255	264.478	591.078	23.556	8.058	7.110	57.924
365	54	255	321.685	590.759	36.042	10.973	6.266	149.528
366	55	255	18.245	589.500	26.142	9.379	7.467	0.000
367	38	255	918.711	589.132	24.971	7.619	6.350	42.836
368	79	255	289.880	586.335	32.042	10.640	9.454	113.487
369	44	255	545.705	587.636	26.142	7.809	7.174	64.956
370	46	255	591.717	587.478	24.385	8.798	6.657	70.964
371	47	255	716.351	584.138	27.556	9.344	6.405	178.237
372	58	255	235.190	581.638	28.385	9.748	7.576	114.318
373	2	255	0.500	584.000	4.828	2.257	1.128	90.000
374	52	255	70.923	581.000	25.556	8.404	7.879	41.244
375	45	255	589.367	579.433	24.971	8.511	6.732	141.572
376	36	255	1071.833	580.694	24.971	8.348	5.491	167.643
377	51	255	470.265	578.892	30.042	8.638	7.517	171.259
378	67	255	577.545	576.858	29.213	10.308	8.276	60.455
379	78	255	52.141	576.333	31.799	11.113	8.937	159.546
380	29	255	78.431	577.086	29.799	7.859	4.698	76.288
381	40	255	344.025	575.300	23.213	7.240	7.034	140.854
382	70	255	786.786	571.871	31.799	10.431	8.544	125.492
383	64	255	704.297	568.484	45.698	11.824	6.892	92.475
384	47	255	926.670	570.543	29.213	8.030	7.452	154.770
385	81	255	1104.167	568.290	35.456	11.061	9.324	165.631
386	52	255	591.577	568.423	29.799	9.081	7.291	56.245
387	63	255	1128.849	567.738	31.213	11.270	7.118	42.925
388	26	255	269.808	568.423	20.971	7.105	4.659	179.604
389	54	255	1174.667	564.630	27.799	9.087	7.566	10.395
390	48	255	188.104	563.542	26.971	8.328	7.339	153.790
391	78	255	731.885	561.769	47.698	12.085	8.218	62.839
392	31	255	560.855	559.919	22.142	7.015	5.626	145.519
393	1	255	564.500	562.500	2.828	1.128	1.128	0.000
394	50	255	847.820	558.160	36.284	9.140	6.965	121.393
395	85	255	513.253	556.476	33.799	11.403	9.491	162.668
396	10	255	913.500	560.000	10.485	4.444	2.865	63.435
397	77	255	1074.266	556.110	31.799	10.422	9.407	64.726
398	55	255	274.264	555.882	27.799	8.796	7.961	117.028
399	20	255	570.600	557.750	16.728	5.562	4.579	143.652
400	41	255	918.671	555.890	23.556	8.715	5.990	171.948
401	61	255	1064.877	554.598	28.142	9.461	8.209	113.311
402	63	255	474.929	552.849	29.213	10.425	7.695	60.260
403	36	255	736.750	554.222	26.385	8.387	5.465	16.072
404	61	255	623.533	552.172	28.142	9.310	8.343	173.585
405	27	255	183.093	551.648	19.556	6.990	4.918	106.232
406	40	255	199.225	552.175	23.556	8.448	6.028	164.617
407	94	255	914.426	543.915	34.971	12.590	9.507	93.995
408	70	255	219.686	544.271	29.799	10.134	8.795	122.461
409	30	255	880.800	545.200	23.556	6.936	5.507	139.655
410	1	255	884.500	548.500	2.828	1.128	1.128	0.000
411	71	255	233.261	541.866	32.627	11.807	7.656	67.450
412	56	255	1149.964	543.393	26.971	9.098	7.837	80.151
413	26	255	728.577	542.962	28.627	7.615	4.347	117.858
414	34	255	1065.765	542.765	22.728	7.725	5.604	20.425
415	57	255	269.623	539.605	35.698	9.181	7.905	104.621
416	55	255	719.118	540.191	28.042	8.485	8.253	109.922
417	51	255	1126.461	540.324	31.799	9.953	6.524	165.580
418	36	255	34.722	540.361	22.728	7.438	6.162	152.650
419	33	255	814.803	539.288	22.971	7.555	5.561	103.486
420	47	255	337.989	539.479	25.799	8.542	7.005	42.422
421	70	255	73.786	534.114	30.627	11.639	7.658	138.635
422	51	255	258.833	533.500	30.627	8.783	7.393	16.980
423	66	255	117.000	533.000	28.971	10.322	8.142	6.024
424	54	255	302.204	531.963	31.213	8.403	8.182	111.048
425	17	255	736.559	532.912	21.556	6.208	3.487	168.136
426	43	255	896.221	530.616	27.799	8.031	6.817	92.873
427	71	255	727.049	529.049	30.142	10.694	8.453	79.492
428	22	255	1164.591	529.364	19.556	5.847	4.791	127.354
429	31	255	1217.500	528.500	19.314	7.360	5.363	0.000
430	73	255	245.418	523.884	30.385	10.138	9.168	108.192
431	35	255	776.157	524.300	23.556	7.259	6.139	65.542
432	25	255	795.740	524.900	17.899	6.418	4.960	99.541
433	67	255	132.172	522.455	29.213	10.224	8.344	149.478
434	3	255	799.833	525.833	5.657	2.365	1.615	135.000
435	69	255	259.616	521.514	28.971	9.622	9.131	49.229
436	53	255	563.255	522.160	27.213	9.518	7.090	142.567
437	85	255	159.759	519.888	33.799	11.041	9.802	21.454
438	48	255	43.417	520.354	24.971	9.112	6.707	23.396
439	65	255	83.023	518.269	28.971	10.530	7.860	108.981
440	69	255	352.152	517.355	30.870	11.000	7.986	52.914
441	79	255	822.829	511.867	36.042	12.110	8.306	88.404
442	50	255	58.240	512.760	25.799	9.002	7.072	11.204
443	95	255	1215.668	510.489	34.627	11.218	10.782	57.174
444	64	255	561.203	506.219	28.971	9.378	8.690	29.308
445	48	255	808.000	507.292	24.142	8.337	7.331	1.016E-13
446	72	255	1069.986	504.014	39.456	12.095	7.580	11.049
447	105	255	1136.490	502.576	48.770	13.921	9.603	148.237
448	22	255	934.318	503.455	20.971	5.837	4.799	67.548
449	32	255	532.625	501.312	24.142	7.112	5.729	116.009
450	62	255	36.339	499.903	29.213	9.561	8.257	43.301
451	48	255	988.979	501.083	27.799	11.111	5.501	149.477
452	2	255	460.000	502.000	5.657	2.596	0.981	135.000
453	78	255	446.615	496.615	32.385	11.220	8.851	111.992
454	44	255	458.932	497.477	24.971	9.009	6.219	138.151
455	47	255	568.457	497.926	23.556	8.384	7.138	65.344
456	157	255	941.691	495.787	49.456	16.366	12.215	23.286
457	52	255	895.673	494.538	25.556	9.103	7.274	93.672
458	74	255	18.324	492.054	34.870	10.576	8.909	17.064
459	54	255	695.889	491.981	31.213	9.415	7.303	124.612
460	26	255	1215.846	492.846	17.556	6.120	5.409	45.000
461	32	255	639.844	490.594	21.556	6.657	6.120	158.109
462	64	255	364.562	487.031	28.627	9.544	8.538	78.214
463	50	255	249.920	486.260	25.556	8.410	7.570	171.906
464	77	255	63.968	484.552	30.971	10.474	9.360	5.441
465	61	255	726.221	484.893	29.213	10.812	7.184	33.433
466	27	255	927.648	485.130	21.556	6.459	5.323	142.928
467	38	255	512.816	482.895	33.213	7.512	6.441	121.127
468	69	255	550.935	483.964	30.142	10.709	8.204	15.422
469	46	255	234.348	483.391	24.142	8.232	7.114	13.151
470	58	255	641.759	482.310	28.385	8.658	8.530	135.713
471	25	255	944.020	484.220	18.728	6.840	4.654	156.773
472	47	255	980.670	482.160	27.799	8.376	7.145	114.695
473	61	255	1046.205	482.943	28.385	10.171	7.636	177.387
474	52	255	90.269	481.904	25.799	8.844	7.487	145.679
475	67	255	630.649	481.500	36.870	12.480	6.835	164.990
476	38	255	16.500	480.579	22.142	7.970	6.071	33.594
477	69	255	153.688	478.630	34.870	11.043	7.956	148.104
478	37	255	1165.122	480.149	27.799	7.278	6.473	153.734
479	51	255	76.127	478.186	26.385	8.953	7.253	47.240
480	27	255	112.130	479.833	18.142	6.334	5.428	41.493
481	84	255	966.060	477.833	32.971	11.021	9.705	36.568
482	30	255	167.900	479.000	20.142	6.349	6.016	23.234
483	78	255	590.308	476.538	43.698	11.292	8.795	155.785
484	38	255	650.079	477.711	25.799	7.969	6.072	67.017
485	53	255	748.689	477.028	26.385	9.047	7.459	165.828
486	55	255	952.500	475.573	32.870	8.540	8.200	163.366
487	62	255	50.790	475.177	29.556	9.620	8.206	120.554
488	86	255	543.756	474.756	33.213	10.944	10.005	26.044
489	48	255	201.771	475.333	25.556	7.994	7.646	29.208
490	1	255	471.500	478.500	2.828	1.128	1.128	0.000
491	26	255	471.692	474.500	18.728	6.721	4.925	3.167
492	51	255	604.206	471.912	39.698	10.581	6.137	107.937
493	78	255	25.308	470.731	38.284	14.046	7.070	146.602
494	41	255	1072.085	470.622	29.799	9.047	5.770	147.155
495	54	255	939.926	469.000	25.556	8.881	7.742	38.002
496	98	255	205.520	465.388	35.799	11.495	10.855	52.079
497	90	255	247.489	465.267	34.042	11.656	9.831	130.476
498	59	255	1165.975	465.890	32.870	9.955	7.546	158.322
499	41	255	52.817	467.159	22.728	8.466	6.166	10.966
500	46	255	899.652	466.304	27.799	8.901	6.580	2.675
501	34	255	64.765	465.794	22.971	7.633	5.671	179.398
502	46	255	394.196	463.065	26.971	8.932	6.557	163.179
503	51	255	768.853	463.069	25.556	9.053	7.172	49.905
504	59	255	685.958	460.720	37.113	10.007	7.507	151.584
505	42	255	551.310	461.071	26.385	8.002	6.683	26.430
506	77	255	735.877	460.006	31.799	10.841	9.043	128.563
507	70	255	52.986	457.557	31.213	10.716	8.317	137.459
508	60	255	90.517	456.900	28.042	10.578	7.222	54.574
509	57	255	74.711	455.237	36.284	9.054	8.016	164.837
510	67	255	800.201	454.933	34.042	10.168	8.390	73.315
511	68	255	205.809	454.882	29.799	10.309	8.399	8.948
512	70	255	102.071	452.671	30.142	10.463	8.518	83.982
513	31	255	543.823	455.048	20.728	7.212	5.473	65.708
514	1	255	279.500	456.500	2.828	1.128	1.128	0.000
515	108	255	551.324	449.787	44.042	14.553	9.449	76.437
516	50	255	587.460	453.160	28.385	8.444	7.539	148.817
517	32	255	975.375	453.656	23.556	8.549	4.766	160.413
518	42	255	1121.762	452.857	30.042	9.315	5.741	149.649
519	36	255	621.472	451.139	42.870	7.479	6.128	99.900
520	56	255	826.464	452.000	27.799	9.197	7.753	155.637
521	66	255	1104.545	451.318	33.213	9.370	8.968	98.028
522	53	255	279.236	451.670	29.799	10.272	6.569	179.101
523	42	255	521.262	451.429	25.556	9.282	5.761	140.906
524	87	255	156.615	449.086	36.627	13.532	8.186	32.609
525	47	255	249.606	449.309	27.799	8.844	6.767	25.833
526	57	255	335.939	449.307	26.971	10.003	7.255	127.137
527	39	255	487.577	450.218	28.385	7.831	6.341	73.587
528	40	255	811.525	449.100	22.971	7.811	6.520	12.810
529	67	255	211.560	447.799	30.042	10.776	7.917	14.039
530	45	255	899.389	448.144	34.042	8.841	6.481	170.888
531	67	255	1165.396	447.366	29.556	9.543	8.939	81.384
532	49	255	166.296	446.745	25.556	8.300	7.517	102.988
533	30	255	185.767	447.433	19.899	7.197	5.308	84.425
534	66	255	199.136	445.894	37.456	9.880	8.506	11.407
535	47	255	454.372	446.330	24.385	8.772	6.822	112.199
536	60	255	476.067	443.617	29.456	8.896	8.587	14.244
537	40	255	28.350	443.975	26.971	7.303	6.974	17.344
538	49	255	225.071	444.071	24.971	8.231	7.580	93.563
539	49	255	759.929	443.786	27.556	8.965	6.960	148.038
540	44	255	819.591	443.932	24.385	7.909	7.084	129.292
541	83	255	843.873	442.223	34.042	10.765	9.817	57.940
542	70	255	95.100	442.029	33.213	10.352	8.609	29.584
543	84	255	124.405	442.762	33.799	12.125	8.821	167.734
544	60	255	234.567	442.283	27.799	9.021	8.468	94.878
545	45	255	439.744	442.389	30.627	8.919	6.424	150.187
546	44	255	2.795	440.909	32.627	9.846	5.690	110.649
547	33	255	775.136	442.500	20.728	7.262	5.786	59.747
548	66	255	983.955	440.667	40.042	10.783	7.793	107.671
549	79	255	320.563	436.525	32.042	10.990	9.153	152.516
550	48	255	1083.396	438.208	24.728	8.517	7.176	78.560
551	50	255	458.180	436.580	25.556	8.897	7.156	94.303
552	41	255	560.110	435.280	24.385	8.362	6.243	113.870
553	26	255	1074.192	435.346	26.385	9.193	3.601	114.526
554	71	255	183.021	433.739	30.627	10.520	8.593	32.389
555	43	255	256.105	434.128	24.971	9.737	5.623	127.493
556	61	255	523.697	433.893	27.799	9.802	7.924	163.145
557	61	255	781.516	432.631	41.113	11.104	6.994	45.307
558	35	255	211.757	432.471	23.799	8.320	5.356	134.916
559	62	255	338.419	431.887	31.213	11.554	6.832	167.142
560	42	255	376.262	430.667	22.971	7.694	6.951	66.729
561	57	255	538.956	429.640	29.213	10.656	6.811	45.776
562	60	255	977.117	429.900	37.456	10.294	7.421	55.470
563	1	255	261.500	433.500	2.828	1.128	1.128	0.000
564	41	255	1070.500	429.500	22.142	7.892	6.615	134.999
565	68	255	1084.397	426.897	31.213	9.812	8.824	137.840
566	73	255	442.568	426.295	30.627	9.898	9.391	88.700
567	58	255	727.259	426.086	27.213	9.084	8.129	27.787
568	41	255	1219.256	425.963	24.142	8.486	6.151	110.752
569	1	255	1223.500	428.500	2.828	1.128	1.128	0.000
570	42	255	1128.833	423.714	23.556	7.925	6.748	177.529
571	50	255	52.000	420.440	27.799	9.442	6.742	54.469
572	74	255	1074.581	418.284	32.042	11.164	8.440	63.035
573	38	255	107.763	418.711	23.213	8.320	5.815	132.104
574	59	255	353.144	418.415	32.042	9.735	7.717	173.511
575	45	255	982.100	417.478	29.799	8.964	6.392	140.345
576	88	255	24.864	416.625	34.627	12.316	9.098	48.214
577	38	255	474.316	418.711	22.728	7.368	6.566	49.849
578	39	255	275.167	415.910	21.556	7.938	6.256	94.512
579	64	255	588.000	416.000	28.385	10.047	8.111	167.078
580	5	255	0.500	416.500	10.828	5.642	1.128	90.000
581	55	255	989.773	411.518	27.799	9.739	7.190	17.911
582	71	255	12.641	409.711	30.971	11.519	7.848	9.797
583	64	255	495.891	409.969	28.385	10.136	8.039	5.710
584	2	255	261.500	411.000	4.828	2.257	1.128	90.000
585	66	255	365.742	407.909	28.971	10.514	7.992	165.544
586	40	255	257.950	407.225	28.627	10.291	4.949	1.686
587	78	255	475.013	405.013	32.385	10.403	9.546	46.348
588	81	255	344.796	404.204	31.799	10.470	9.850	32.158
589	64	255	57.172	403.812	28.971	10.054	8.105	170.140
590	49	255	417.418	403.194	25.799	9.232	6.758	45.614
591	78	255	915.782	402.423	38.042	11.179	8.884	133.352
592	49	255	68.847	402.663	24.728	8.649	7.214	17.352
593	52	255	206.096	401.692	25.556	8.661	7.644	39.535
594	48	255	553.438	400.562	28.142	9.098	6.718	133.695
595	81	255	586.327	400.957	32.385	10.408	9.909	74.481
596	42	255	1088.262	397.595	22.971	7.546	7.086	86.980
597	42	255	47.810	395.833	23.213	8.069	6.627	46.177
598	97	255	55.995	392.552	36.870	13.459	9.176	44.169
599	55	255	218.027	395.282	26.142	8.526	8.214	160.813
600	31	255	1111.952	394.823	22.142	6.507	6.066	47.417
601	61	255	953.369	391.926	28.142	10.364	7.494	87.572
602	34	255	3.206	391.441	33.213	7.594	5.701	79.203
603	30	255	140.167	392.300	20.142	7.060	5.410	88.574
604	43	255	797.779	392.105	25.799	7.549	7.252	7.873
605	71	255	125.937	390.852	30.971	10.114	8.938	9.866
606	35	255	392.900	391.729	24.385	7.333	6.077	53.278
607	40	255	406.100	391.350	24.142	8.104	6.284	53.871
608	87	255	475.374	388.397	35.213	13.072	8.474	77.161
609	64	255	1094.094	389.562	30.385	9.764	8.346	99.553
610	41	255	270.305	388.939	23.799	8.165	6.393	141.856
611	63	255	430.532	388.198	34.627	9.397	8.537	5.771
612	39	255	887.346	387.397	34.627	7.708	6.442	44.275
613	52	255	623.808	387.750	26.385	8.533	7.759	81.781
614	77	255	1033.903	385.097	34.627	11.480	8.540	147.912
615	1	255	553.500	388.500	2.828	1.128	1.128	0.000
616	2	255	1037.000	388.500	4.243	2.257	1.128	0.000
617	35	255	150.957	383.586	22.142	7.471	5.965	65.224
618	44	255	163.318	384.432	24.728	8.267	6.777	80.717
619	51	255	552.049	383.324	31.213	9.500	6.835	159.595
620	47	255	859.074	383.053	32.284	8.767	6.826	142.262
621	33	255	1102.227	384.833	21.556	7.098	5.919	36.970
622	3	255	630.833	385.833	5.657	2.365	1.615	135.000
623	33	255	279.470	381.227	24.971	8.188	5.131	131.581
624	35	255	349.043	380.729	22.385	7.742	5.756	76.895
625	28	255	1121.036	381.571	18.728	6.364	5.602	143.778
626	40	255	49.875	381.250	23.556	8.758	5.815	177.319
627	24	255	628.208	381.333	21.556	7.834	3.901	3.148
628	61	255	1182.910	379.352	28.627	10.417	7.456	150.234
629	27	255	818.352	380.389	22.971	8.070	4.260	170.404
630	88	255	338.932	375.250	37.456	11.691	9.584	97.153
631	45	255	805.722	376.278	24.971	8.589	6.671	58.216
632	50	255	246.260	374.420	26.385	8.869	7.178	75.603
633	57	255	1210.202	374.412	35.213	9.359	7.755	95.868
634	58	255	358.759	373.207	35.456	9.266	7.969	4.612
635	65	255	648.823	371.777	28.971	9.914	8.348	72.383
636	62	255	936.758	372.419	29.799	9.897	7.977	17.955
637	59	255	135.585	369.653	28.385	8.959	8.385	29.868
638	55	255	563.009	368.955	32.042	9.224	7.592	136.116
639	67	255	1171.649	369.216	29.799	9.986	8.543	108.435
640	64	255	169.406	368.906	28.142	9.878	8.249	160.013
641	77	255	255.708	366.513	32.385	11.120	8.817	83.658
642	42	255	351.310	368.095	23.556	8.047	6.645	15.703
643	78	255	342.936	362.141	40.627	14.549	6.826	84.773
644	69	255	1130.717	365.471	30.385	9.640	9.114	154.999
645	88	255	776.659	363.989	34.385	11.249	9.960	28.744
646	33	255	880.348	364.348	22.971	6.676	6.294	23.342
647	69	255	840.906	361.442	31.799	10.800	8.134	122.524
648	2	255	845.500	364.000	4.828	2.257	1.128	90.000
649	54	255	64.074	358.407	32.042	9.031	7.613	70.506
650	61	255	431.434	359.959	27.556	9.368	8.291	7.786
651	53	255	728.198	359.877	26.385	8.751	7.711	134.366
652	32	255	273.500	358.719	23.799	7.884	5.168	63.426
653	42	255	165.929	358.714	24.728	9.387	5.697	9.901
654	64	255	638.234	356.125	37.456	11.680	6.977	84.688
655	2	255	279.000	360.500	4.243	2.257	1.128	0.000
656	41	255	1174.159	356.768	24.142	8.513	6.132	82.743
657	54	255	139.500	354.907	26.385	9.369	7.339	143.668
658	61	255	1154.713	353.484	29.556	9.962	7.796	104.498
659	52	255	198.154	351.404	35.456	10.807	6.126	71.162
660	59	255	553.347	352.466	28.627	11.139	6.744	44.642
661	56	255	920.429	352.071	32.385	11.134	6.404	98.216
662	105	255	335.852	349.814	38.284	11.870	11.263	104.350
663	43	255	218.895	350.081	26.142	8.739	6.265	163.319
664	64	255	517.609	349.719	28.385	9.367	8.699	132.262
665	68	255	876.971	349.338	30.042	9.537	9.078	39.005
666	83	255	161.488	348.030	33.213	10.721	9.857	41.838
667	57	255	485.079	347.956	28.385	9.834	7.380	32.568
668	3	255	924.833	349.167	5.657	2.365	1.615	45.000
669	87	255	348.764	342.799	34.870	11.570	9.574	47.356
670	52	255	696.135	342.712	26.728	10.378	6.380	83.246
671	66	255	512.288	341.061	31.213	9.629	8.727	103.531
672	40	255	598.050	342.400	25.799	8.717	5.843	143.997
673	44	255	290.841	340.386	26.142	9.110	6.150	146.780
674	55	255	279.936	340.173	26.142	8.514	8.225	127.146
675	76	255	57.829	337.868	31.213	10.505	9.211	36.691
676	44	255	368.273	338.705	23.556	8.241	6.798	155.733
677	82	255	573.902	336.878	32.385	10.461	9.981	127.258
678	50	255	28.340	337.000	26.385	10.318	6.170	39.983
679	45	255	843.389	337.367	24.971	9.134	6.273	20.522
680	27	255	1222.389	336.611	21.314	8.748	3.930	91.339
681	86	255	95.953	334.465	34.870	10.936	10.013	10.543
682	44	255	613.500	336.727	26.385	8.478	6.608	6.170
683	63	255	906.817	336.183	31.799	10.783	7.439	25.373
684	59	255	1023.941	335.466	26.971	9.232	8.137	95.797
685	51	255	1177.010	335.794	35.456	8.450	7.685	132.677
686	53	255	47.255	334.632	28.385	9.311	7.248	82.897
687	31	255	473.790	335.758	19.556	7.083	5.573	179.519
688	50	255	670.400	333.960	27.213	9.263	6.873	17.558
689	60	255	947.733	333.767	27.799	9.236	8.272	148.389
690	48	255	224.979	333.458	24.728	8.458	7.226	28.643
691	20	255	1.950	332.750	15.899	5.978	4.260	77.726
692	52	255	545.769	332.019	25.556	8.663	7.642	147.352
693	48	255	501.562	330.812	25.799	9.016	6.779	44.373
694	57	255	691.307	330.289	29.213	9.848	7.370	55.505
695	69	255	624.703	328.920	30.385	10.197	8.616	62.728
696	73	255	1216.514	329.103	31.556	10.158	9.150	92.276
697	48	255	349.062	327.750	30.385	8.823	6.927	129.105
698	45	255	1198.478	328.922	26.385	8.723	6.568	69.764
699	74	255	32.662	326.297	31.799	10.269	9.175	18.616
700	42	255	277.976	326.500	24.385	8.984	5.952	35.825
701	51	255	603.324	323.245	30.627	8.895	7.300	150.838
702	27	255	614.130	323.130	25.556	7.290	4.716	129.741
703	37	255	903.527	324.554	24.385	8.135	5.791	156.251
704	1	255	615.500	324.500	2.828	1.128	1.128	0.000
705	53	255	330.934	320.123	26.627	9.646	6.996	149.858
706	71	255	635.894	319.035	30.042	10.880	8.309	137.484
707	117	255	283.859	315.799	40.042	14.321	10.402	34.439
708	37	255	408.041	318.716	23.556	7.482	6.296	55.994
709	48	255	569.667	317.896	27.556	7.940	7.697	111.700
710	61	255	592.057	317.451	27.556	9.275	8.373	99.832
711	96	255	322.896	314.479	36.042	11.461	10.665	158.745
712	59	255	173.432	314.839	33.213	9.822	7.648	173.130
713	79	255	469.019	313.627	32.627	10.611	9.479	3.936
714	48	255	1194.667	315.000	31.213	9.401	6.501	134.749
715	58	255	30.000	313.793	28.971	9.210	8.018	158.411
716	51	255	183.559	310.755	30.042	13.165	4.932	127.388
717	64	255	247.625	311.266	30.385	9.798	8.317	76.600
718	51	255	337.931	311.971	24.971	8.201	7.917	113.199
719	52	255	602.308	311.846	26.385	8.493	7.796	57.098
720	73	255	714.774	310.760	40.284	10.575	8.789	134.426
721	57	255	47.096	309.272	28.042	9.462	7.670	150.436
722	50	255	143.000	309.140	24.971	8.189	7.774	0.000
723	67	255	747.948	308.978	31.213	11.041	7.727	176.215
724	56	255	1160.732	309.107	26.385	8.858	8.050	159.523
725	45	255	962.967	308.011	27.213	8.708	6.579	137.333
726	54	255	329.500	304.093	30.042	12.482	5.508	45.957
727	38	255	266.079	303.026	27.213	8.008	6.042	100.305
728	33	255	550.288	304.985	20.728	7.237	5.806	160.562
729	57	255	477.588	301.711	34.627	9.276	7.824	88.328
730	92	255	705.196	301.826	35.213	11.170	10.486	119.377
731	1	255	633.500	304.500	2.828	1.128	1.128	0.000
732	41	255	281.695	300.159	27.213	7.742	6.743	169.831
733	37	255	341.932	298.932	32.870	9.532	4.942	56.792
734	52	255	633.846	298.827	31.213	11.439	5.788	150.193
735	2	255	636.000	302.500	4.243	2.257	1.128	0.000
736	71	255	1201.824	298.542	29.799	10.105	8.946	6.426
737	56	255	1213.357	298.804	31.456	8.615	8.277	130.986
738	47	255	23.947	297.564	24.142	8.468	7.067	159.416
739	45	255	681.722	295.722	27.799	8.459	6.773	128.694
740	42	255	737.833	297.262	23.556	8.208	6.515	28.177
741	38	255	1055.632	297.105	23.799	7.966	6.074	110.483
742	40	255	647.350	295.875	23.556	8.012	6.357	117.420
743	54	255	781.889	295.537	31.799	9.406	7.309	125.516
744	73	255	277.870	292.130	30.627	9.880	9.408	164.269
745	87	255	1023.569	289.856	35.213	10.887	10.175	175.040
746	87	255	1034.810	290.086	37.213	12.811	8.647	154.182
747	75	255	339.513	287.847	30.385	10.146	9.411	92.811
748	70	255	1063.500	288.000	29.799	10.011	8.903	121.027
749	50	255	6.320	287.780	26.142	8.625	7.381	129.298
750	85	255	81.265	286.500	32.971	11.618	9.316	102.062
751	77	255	624.786	286.812	31.799	10.698	9.164	39.734
752	90	255	61.100	286.200	34.627	11.751	9.752	1.684
753	76	255	713.000	286.500	30.971	10.502	9.214	9.590
754	42	255	288.452	286.071	24.385	8.815	6.066	49.078
755	42	255	1138.238	283.310	30.385	8.215	6.509	124.793
756	43	255	1220.756	284.570	23.314	8.044	6.807	128.958
757	55	255	900.955	282.682	35.213	8.943	7.831	146.851
758	52	255	398.962	281.385	39.456	9.451	7.005	110.280
759	79	255	500.842	280.513	31.799	10.399	9.672	43.912
760	37	255	776.365	281.770	28.971	7.333	6.424	174.116
761	120	255	17.892	279.550	59.941	19.611	7.791	157.922
762	59	255	883.280	280.297	27.799	9.433	7.964	169.357
763	31	255	1091.435	280.984	27.213	7.652	5.158	20.249
764	90	255	1079.256	277.478	34.627	11.412	10.041	27.874
765	53	255	682.915	276.292	25.799	9.099	7.416	48.018
766	38	255	746.868	276.895	22.971	8.314	5.820	124.998
767	46	255	278.826	277.000	26.385	9.893	5.920	177.154
768	3	255	1027.500	279.500	6.243	3.385	1.128	0.000
769	65	255	1101.269	275.054	29.213	10.101	8.194	23.782
770	28	255	10.000	275.071	22.971	8.264	4.314	126.189
771	34	255	69.794	275.559	21.556	7.668	5.646	37.767
772	47	255	100.074	274.500	34.385	8.869	6.747	104.750
773	84	255	186.333	274.190	34.627	12.749	8.389	168.389
774	39	255	326.679	274.859	22.971	7.857	6.320	85.385
775	114	255	576.579	269.728	57.012	16.925	8.576	112.262
776	1	255	27.500	277.500	2.828	1.128	1.128	0.000
777	96	255	54.719	272.906	38.042	13.536	9.030	164.414
778	47	255	646.691	274.798	25.314	9.552	6.265	12.128
779	51	255	813.069	272.814	28.385	8.677	7.484	16.406
780	48	255	633.375	271.917	26.385	9.532	6.412	50.981
781	59	255	1049.941	271.398	27.556	9.366	8.021	104.533
782	53	255	6.406	269.236	28.385	9.632	7.006	111.827
783	1	255	777.500	274.500	2.828	1.128	1.128	0.000
784	38	255	728.053	270.763	24.142	7.965	6.075	60.697
785	41	255	777.720	268.817	29.799	10.256	5.090	137.095
786	47	255	1065.500	270.330	24.385	8.562	6.989	0.000
787	65	255	81.100	268.438	29.213	9.758	8.482	32.131
788	41	255	92.500	268.012	27.213	8.194	6.371	74.046
789	61	255	1015.434	267.926	36.870	9.817	7.912	166.511
790	43	255	384.570	267.988	36.042	7.839	6.984	137.573
791	29	255	484.190	268.776	24.971	6.879	5.367	13.756
792	57	255	64.640	266.219	27.213	9.244	7.851	142.817
793	34	255	293.676	268.000	20.142	7.152	6.053	160.353
794	32	255	1124.812	268.094	20.142	7.088	5.748	151.334
795	33	255	565.621	265.924	20.728	7.916	5.308	85.841
796	1	255	731.500	268.500	2.828	1.128	1.128	0.000
797	86	255	815.733	263.267	33.799	11.392	9.612	98.955
798	53	255	920.217	265.557	29.213	10.381	6.501	164.482
799	79	255	333.411	263.006	32.627	11.839	8.496	23.592
800	32	255	979.750	263.938	21.556	7.291	5.588	22.885
801	51	255	932.186	262.108	32.042	9.940	6.533	42.613
802	84	255	114.810	258.917	33.213	11.107	9.629	13.528
803	36	255	758.972	258.806	31.213	8.366	5.479	174.936
804	53	255	660.160	256.198	41.113	10.803	6.247	110.154
805	23	255	1035.761	258.891	23.799	5.549	5.278	118.525
806	61	255	601.254	257.336	32.627	11.604	6.693	157.830
807	56	255	555.268	255.929	36.385	8.705	8.190	11.920
808	54	255	575.278	255.556	28.385	8.918	7.710	131.172
809	84	255	349.619	253.964	33.213	10.936	9.780	140.844
810	16	255	888.000	255.188	19.899	6.596	3.089	131.957
811	1	255	892.500	255.500	2.828	1.128	1.128	0.000
812	40	255	905.175	250.600	27.799	7.955	6.402	82.818
813	66	255	1204.045	248.879	29.799	9.913	8.477	10.803
814	82	255	297.159	245.659	33.799	11.640	8.969	102.468
815	50	255	616.460	247.180	27.556	9.455	6.733	19.680
816	48	255	366.271	246.458	27.556	8.165	7.485	165.518
817	35	255	19.786	243.386	22.142	7.659	5.818	104.403
818	48	255	117.458	243.771	25.556	9.385	6.512	71.579
819	56	255	1006.196	243.893	26.971	8.854	8.053	17.025
820	49	255	1044.643	243.418	25.556	8.447	7.386	165.892
821	72	255	235.583	239.931	30.627	11.386	8.051	160.422
822	45	255	279.833	241.389	25.799	8.033	7.132	114.614
823	48	255	905.917	240.625	24.728	8.616	7.093	23.215
824	61	255	1106.418	239.844	27.556	9.526	8.154	17.413
825	79	255	94.310	238.171	32.385	10.365	9.704	108.402
826	47	255	372.138	239.521	27.213	10.858	5.511	32.537
827	48	255	862.188	237.271	29.799	9.497	6.435	143.279
828	63	255	671.722	236.389	29.456	9.766	8.213	127.462
829	5	255	866.900	239.300	7.657	3.144	2.025	108.435
830	38	255	363.026	235.289	23.556	8.810	5.492	28.247
831	35	255	635.386	233.814	20.971	7.492	5.948	48.675
832	7	255	0.786	233.643	11.657	4.647	1.918	85.692
833	114	255	273.588	229.307	55.598	15.832	9.168	23.676
834	52	255	516.885	231.096	25.556	8.299	7.978	99.915
835	59	255	1146.008	230.551	28.385	10.772	6.974	167.010
836	40	255	884.750	229.750	24.385	7.919	6.431	44.029
837	61	255	776.189	226.762	28.627	10.200	7.614	125.876
838	58	255	87.310	226.207	27.799	9.357	7.892	50.893
839	91	255	471.027	225.841	34.627	11.823	9.800	7.264
840	73	255	118.432	223.459	32.385	12.570	7.395	29.210
841	48	255	557.562	222.500	29.799	8.786	6.956	102.020
842	55	255	806.627	223.009	26.627	9.173	7.634	161.350
843	53	255	150.670	221.255	26.385	8.737	7.723	24.199
844	177	255	287.404	218.449	56.770	20.338	11.081	2.755
845	44	255	361.182	221.705	23.556	8.047	6.962	18.654
846	65	255	35.823	218.838	39.799	10.491	7.889	97.434
847	29	255	603.121	220.672	20.142	6.784	5.443	93.826
848	76	255	672.171	218.947	37.698	11.681	8.284	25.284
849	90	255	860.178	218.767	34.042	11.935	9.601	45.792
850	134	255	615.209	216.433	45.213	17.506	9.746	172.703
851	29	255	1221.983	218.328	20.728	7.544	4.894	93.153
852	91	255	407.214	215.060	34.385	11.440	10.128	123.530
853	44	255	1053.795	215.727	24.385	8.642	6.483	51.430
854	64	255	19.562	210.750	30.042	10.190	7.997	131.137
855	42	255	151.929	212.881	24.385	10.134	5.277	17.638
856	69	255	416.601	210.790	30.385	10.463	8.397	98.077
857	48	255	599.792	211.667	24.971	8.787	6.955	129.030
858	71	255	551.289	210.514	30.385	10.330	8.751	143.748
859	60	255	650.250	210.683	29.799	9.815	7.784	140.446
860	47	255	83.883	206.968	25.556	9.845	6.078	95.894
861	80	255	283.725	206.625	36.042	12.561	8.109	31.424
862	50	255	448.920	208.380	26.385	8.825	7.214	172.905
863	60	255	542.167	206.800	28.385	9.208	8.296	30.177
864	53	255	100.179	204.236	34.385	8.449	7.987	146.313
865	40	255	622.950	203.800	26.971	8.661	5.881	115.697
866	49	255	517.031	203.276	25.314	9.659	6.459	81.417
867	71	255	295.261	201.768	41.698	11.779	7.674	128.522
868	56	255	977.589	202.804	26.971	9.188	7.760	84.375
869	32	255	996.031	204.062	24.971	6.604	6.170	14.809
870	61	255	44.598	201.598	27.799	9.315	8.338	45.003
871	54	255	361.000	200.741	34.870	9.006	7.634	58.807
872	55	255	430.282	197.536	38.284	10.470	6.688	113.415
873	46	255	346.761	198.326	28.142	7.967	7.351	149.453
874	77	255	391.773	196.292	31.213	10.045	9.760	73.909
875	56	255	1012.393	193.571	33.213	12.105	5.890	111.335
876	62	255	60.565	194.242	27.799	9.989	7.903	138.103
877	54	255	251.537	193.870	26.971	9.242	7.439	21.955
878	35	255	616.786	193.957	24.971	7.441	5.989	38.959
879	43	255	1127.360	191.058	26.971	8.526	6.421	82.746
880	54	255	220.981	189.500	26.385	8.574	8.019	15.104
881	63	255	352.198	188.532	29.213	9.326	8.601	145.807
882	60	255	1201.633	188.983	27.556	9.237	8.270	165.220
883	81	255	598.426	186.154	37.456	12.254	8.416	66.346
884	28	255	1170.500	189.179	19.556	6.652	5.360	128.848
885	54	255	31.907	186.870	26.971	9.029	7.615	104.693
886	63	255	73.183	185.357	30.385	10.682	7.509	83.783
887	35	255	401.243	188.043	21.556	7.318	6.090	179.828
888	2	255	1223.500	190.000	4.828	2.257	1.128	90.000
889	14	255	1165.500	187.214	13.899	5.267	3.384	108.937
890	1	255	606.500	186.500	2.828	1.128	1.128	0.000
891	50	255	194.800	181.920	24.971	8.518	7.474	130.847
892	49	255	431.051	181.602	26.385	8.642	7.219	147.887
893	2	255	605.500	184.000	4.828	2.257	1.128	90.000
894	53	255	942.858	179.915	27.556	8.628	7.821	125.731
895	72	255	266.542	179.028	31.213	10.164	9.019	157.851
896	1	255	611.500	182.500	2.828	1.128	1.128	0.000
897	53	255	864.821	179.613	26.142	9.410	7.171	175.012
898	42	255	1066.000	179.095	24.971	8.277	6.461	20.497
899	1	255	607.500	181.500	2.828	1.128	1.128	0.000
900	74	255	747.189	177.162	30.627	9.974	9.446	59.067
901	82	255	953.585	176.927	40.627	12.203	8.556	33.327
902	32	255	1188.656	178.094	20.142	7.509	5.426	128.216
903	57	255	169.833	176.412	30.971	9.667	7.507	98.481
904	28	255	307.179	177.107	31.213	6.416	5.556	134.473
905	69	255	356.862	176.949	31.213	12.072	7.278	160.595
906	1	255	609.500	180.500	2.828	1.128	1.128	0.000
907	62	255	60.661	175.839	27.799	9.747	8.099	165.269
908	84	255	340.024	174.952	44.870	10.824	9.881	49.157
909	48	255	607.458	175.188	30.142	9.581	6.379	114.273
910	38	255	280.158	174.553	24.385	9.436	5.128	120.563
911	94	255	599.021	172.074	38.042	13.807	8.668	66.339
912	1	255	174.500	177.500	2.828	1.128	1.128	0.000
913	38	255	1216.342	172.921	23.556	7.660	6.317	14.441
914	10	255	18.300	170.800	15.314	5.272	2.415	102.720
915	45	255	1008.611	167.500	28.627	8.926	6.419	167.174
916	48	255	889.646	165.000	28.385	8.025	7.615	9.654
917	42	255	176.833	165.548	24.385	7.881	6.786	3.067
918	50	255	868.640	164.300	36.284	8.312	7.659	130.663
919	53	255	254.198	163.123	27.556	8.649	7.803	112.837
920	57	255	401.465	162.500	27.799	9.613	7.550	55.915
921	45	255	307.500	161.544	28.142	7.676	7.464	161.717
922	46	255	40.152	161.630	26.142	9.608	6.096	35.378
923	59	255	371.110	161.297	28.385	10.528	7.135	25.910
924	49	255	553.643	160.112	27.799	8.366	7.457	84.402
925	64	255	907.938	158.891	42.627	10.038	8.118	76.527
926	49	255	586.582	157.806	29.213	9.037	6.903	149.602
927	67	255	1029.157	157.306	29.799	9.724	8.773	2.708
928	29	255	331.569	157.259	19.556	6.715	5.498	9.329
929	43	255	711.709	155.221	25.799	8.290	6.604	78.372
930	73	255	562.829	151.733	30.385	10.469	8.879	17.310
931	21	255	827.643	152.167	15.899	5.538	4.828	39.608
932	53	255	725.726	149.274	26.142	8.595	7.852	45.003
933	44	255	1151.750	149.227	24.971	8.811	6.359	55.822
934	67	255	104.769	146.590	31.213	10.079	8.464	115.718
935	26	255	399.077	148.654	18.142	6.015	5.503	149.969
936	77	255	59.279	146.292	31.799	11.028	8.890	132.046
937	18	255	1021.222	148.667	21.556	6.820	3.360	172.167
938	57	255	341.044	144.939	26.728	8.961	8.099	48.185
939	27	255	631.537	144.833	21.556	7.101	4.841	126.037
940	2	255	1156.000	148.500	4.243	2.257	1.128	0.000
941	50	255	239.960	144.720	28.627	9.938	6.406	162.794
942	60	255	293.433	143.517	32.627	11.704	6.527	160.848
943	64	255	873.516	144.312	29.556	11.309	7.206	7.924
944	54	255	603.537	142.278	34.870	8.686	7.916	56.242
945	35	255	1060.329	143.157	26.385	7.197	6.192	132.693
946	59	255	309.415	141.415	27.213	9.369	8.018	127.103
947	67	255	124.963	140.948	28.385	10.304	8.279	176.795
948	60	255	1018.350	137.733	36.870	11.900	6.420	106.237
949	1	255	1063.500	144.500	2.828	1.128	1.128	0.000
950	69	255	95.413	138.920	42.870	9.596	9.155	67.633
951	41	255	67.451	139.232	22.728	7.457	7.000	167.978
952	68	255	209.221	138.088	31.456	12.142	7.131	44.517
953	2	255	1022.500	142.000	4.828	2.257	1.128	90.000
954	54	255	272.204	137.611	26.728	8.644	7.955	170.917
955	67	255	319.724	136.097	29.799	10.066	8.475	105.252
956	78	255	169.051	133.603	32.042	11.053	8.985	44.146
957	31	255	528.790	135.371	19.556	7.019	5.624	70.259
958	1	255	1058.500	138.500	2.828	1.128	1.128	0.000
959	74	255	778.027	133.581	30.971	10.089	9.338	16.748
960	47	255	969.351	134.585	32.385	9.080	6.590	19.893
961	1	255	1060.500	137.500	2.828	1.128	1.128	0.000
962	50	255	249.840	132.580	30.042	8.866	7.180	102.870
963	46	255	619.978	131.891	30.627	8.174	7.165	118.449
964	30	255	823.233	131.867	23.556	8.764	4.358	103.195
965	48	255	887.646	133.062	32.627	9.398	6.503	168.581
966	26	255	1056.846	134.385	17.899	6.787	4.877	150.533
967	54	255	370.519	131.167	26.142	9.167	7.501	87.394
968	29	255	789.914	133.190	19.899	6.588	5.605	72.476
969	73	255	524.116	127.103	44.527	13.954	6.661	144.982
970	71	255	83.359	128.063	30.385	10.014	9.027	111.987
971	10	255	1223.100	130.000	13.657	5.848	2.177	90.000
972	81	255	580.105	126.648	31.799	10.636	9.697	17.997
973	45	255	491.789	127.256	28.385	8.793	6.516	116.705
974	37	255	1029.932	126.365	22.385	7.749	6.079	168.832
975	58	255	389.552	124.672	26.971	9.551	7.732	164.117
976	40	255	927.250	124.350	29.799	8.033	6.340	23.169
977	59	255	43.602	122.161	27.213	9.026	8.323	161.161
978	52	255	447.635	122.327	36.042	9.230	7.174	127.776
979	65	255	62.423	121.654	29.556	11.524	7.182	2.696
980	74	255	321.243	119.473	30.627	10.832	8.698	110.558
981	47	255	652.309	120.543	24.971	8.510	7.032	112.674
982	30	255	866.633	121.667	21.556	6.701	5.700	98.268
983	75	255	907.833	119.180	32.385	10.903	8.759	124.568
984	74	255	469.419	116.189	37.456	11.340	8.309	108.614
985	6	255	473.500	120.667	8.485	3.718	2.055	143.130
986	47	255	971.734	117.883	27.799	10.648	5.620	5.360
987	32	255	1132.031	115.750	21.556	8.071	5.048	123.009
988	68	255	246.515	113.926	29.799	10.165	8.517	58.297
989	81	255	750.167	113.401	32.385	10.876	9.483	167.081
990	49	255	1193.786	113.520	25.213	8.798	7.092	156.664
991	78	255	49.436	111.423	40.870	11.781	8.430	154.238
992	104	255	414.923	111.471	36.042	11.827	11.196	165.040
993	46	255	546.674	112.870	25.556	8.979	6.523	76.256
994	53	255	885.538	112.462	29.213	10.720	6.295	143.066
995	59	255	215.686	111.144	27.799	9.863	7.616	136.048
996	44	255	365.750	112.273	24.728	9.291	6.030	172.418
997	63	255	760.944	109.754	28.385	9.941	8.069	92.598
998	123	255	513.841	106.150	44.284	15.809	9.906	60.518
999	76	255	162.618	106.579	33.556	12.603	7.678	98.235
1000	1	255	891.500	112.500	2.828	1.128	1.128	0.000
1001	32	255	986.500	109.781	20.142	6.705	6.077	156.929
1002	120	255	38.008	105.108	50.527	14.102	10.835	156.450
1003	100	255	173.790	104.990	37.799	12.764	9.976	178.127
1004	37	255	227.311	106.392	25.799	7.943	5.931	77.535
1005	1	255	1019.500	108.500	2.828	1.128	1.128	0.000
1006	67	255	25.694	103.381	29.556	9.372	9.102	96.694
1007	59	255	302.907	103.500	29.213	9.093	8.261	146.988
1008	48	255	1221.000	103.062	30.971	10.199	5.992	86.788
1009	98	255	355.449	101.449	35.213	11.787	10.586	153.038
1010	67	255	472.545	100.007	45.113	12.006	7.105	123.726
1011	3	255	45.167	105.167	5.657	2.365	1.615	135.000
1012	116	255	52.345	98.940	44.042	13.959	10.581	80.068
1013	30	255	533.400	102.800	20.971	6.972	5.478	12.335
1014	68	255	829.382	101.956	29.556	9.707	8.919	25.404
1015	32	255	418.438	101.094	22.142	8.043	5.066	72.255
1016	59	255	248.568	98.975	26.971	9.051	8.300	7.275
1017	51	255	506.186	98.225	27.213	9.540	6.806	134.017
1018	69	255	400.051	97.312	30.142	10.254	8.567	85.389
1019	1	255	413.500	101.500	2.828	1.128	1.128	0.000
1020	43	255	235.733	97.407	28.385	8.024	6.824	18.576
1021	35	255	977.843	97.757	24.385	7.330	6.079	14.697
1022	73	255	36.007	95.459	30.971	10.754	8.643	161.154
1023	66	255	459.955	95.500	29.213	10.057	8.355	21.522
1024	42	255	174.310	94.548	28.385	7.605	7.032	115.636
1025	61	255	898.533	91.779	31.213	10.704	7.256	112.403
1026	40	255	755.375	93.475	24.385	7.966	6.393	16.645
1027	46	255	107.261	91.783	25.799	8.729	6.710	30.930
1028	78	255	21.244	87.692	33.456	12.565	7.904	58.090
1029	26	255	44.385	90.885	18.971	6.501	5.092	165.400
1030	67	255	766.724	88.231	30.971	11.612	7.346	78.032
1031	52	255	929.212	89.769	28.385	8.642	7.661	57.597
1032	53	255	222.085	88.783	29.799	8.411	8.023	73.973
1033	46	255	252.348	89.391	24.142	8.232	7.114	13.151
1034	58	255	1213.276	89.000	26.971	8.996	8.209	157.738
1035	45	255	816.056	87.856	24.971	7.969	7.190	41.008
1036	75	255	184.700	86.327	31.799	10.825	8.822	37.103
1037	51	255	541.696	86.833	25.556	8.339	7.786	71.673
1038	28	255	589.571	87.571	19.314	7.232	4.929	85.615
1039	96	255	472.521	83.479	35.799	11.600	10.537	105.056
1040	33	255	246.076	84.742	20.142	7.685	5.467	149.259
1041	49	255	952.010	84.153	27.799	8.401	7.426	50.970
1042	61	255	352.844	82.336	30.627	13.076	5.940	44.396
1043	74	255	493.919	82.770	43.113	10.983	8.578	1.044
1044	111	255	595.896	79.347	58.426	14.915	9.476	45.918
1045	38	255	617.868	83.947	22.142	7.680	6.300	8.257
1046	39	255	857.808	82.218	26.385	8.047	6.171	138.939
1047	34	255	263.971	83.294	22.142	8.381	5.166	23.665
1048	39	255	580.013	81.474	33.213	9.571	5.188	137.591
1049	59	255	1147.449	80.331	28.385	9.443	7.955	109.933
1050	58	255	46.672	80.172	31.213	9.796	7.538	14.915
1051	65	255	136.900	79.331	28.971	9.278	8.920	104.642
1052	43	255	880.756	79.384	27.213	7.916	6.917	154.039
1053	50	255	608.480	78.960	25.799	8.376	7.600	79.136
1054	58	255	101.914	76.017	29.799	8.921	8.278	20.352
1055	121	255	118.293	74.351	40.284	13.976	11.024	141.536
1056	50	255	897.940	76.560	25.556	8.275	7.694	11.223
1057	53	255	236.481	75.594	28.971	9.870	6.837	22.470
1058	79	255	816.652	74.386	34.042	13.003	7.736	130.410
1059	43	255	29.523	74.314	22.971	8.212	6.667	121.017
1060	30	255	163.867	75.133	18.728	6.529	5.850	45.001
1061	47	255	601.734	72.415	25.799	9.229	6.484	40.458
1062	55	255	946.645	71.227	29.799	9.334	7.503	85.846
1063	50	255	79.700	69.900	26.385	10.332	6.162	110.470
1064	45	255	1057.300	70.678	26.971	8.893	6.443	126.146
1065	278	255	1088.536	65.165	72.426	19.871	17.813	74.650
1066	66	255	409.030	68.470	29.213	10.584	7.940	144.991
1067	48	255	452.729	68.688	27.213	8.187	7.465	55.374
1068	54	255	159.444	68.167	26.971	8.670	7.931	170.538
1069	43	255	556.895	67.663	24.385	8.163	6.707	51.539
1070	73	255	606.870	66.103	31.799	10.863	8.557	65.103
1071	1	255	1062.500	71.500	2.828	1.128	1.128	0.000
1072	15	255	1135.033	69.633	13.314	4.640	4.116	104.036
1073	153	255	589.788	62.768	54.527	18.267	10.664	19.755
1074	44	255	859.250	63.841	32.385	7.822	7.162	99.180
1075	91	255	777.500	61.709	36.385	13.188	8.786	115.031
1076	71	255	931.697	63.641	30.627	10.475	8.630	42.769
1077	56	255	981.696	61.375	27.799	8.746	8.153	46.002
1078	40	255	677.650	59.625	33.799	8.617	5.910	86.699
1079	70	255	694.414	58.900	48.527	10.379	8.587	103.479
1080	51	255	441.676	57.990	30.042	8.634	7.521	133.481
1081	80	255	558.000	58.000	31.213	10.958	9.295	141.118
1082	2	255	1165.500	62.000	4.828	2.257	1.128	90.000
1083	58	255	109.552	56.707	26.971	9.571	7.716	25.154
1084	71	255	619.613	56.782	32.385	10.136	8.919	14.989
1085	41	255	7.110	55.988	22.971	8.660	6.028	165.033
1086	81	255	179.364	53.944	32.042	10.694	9.644	167.542
1087	69	255	200.239	54.471	30.385	10.713	8.200	14.048
1088	54	255	1111.093	53.333	28.728	11.447	6.006	101.415
1089	38	255	968.868	54.105	28.385	9.156	5.284	39.283
1090	50	255	57.960	50.700	24.971	8.557	7.440	47.805
1091	82	255	883.195	47.927	36.627	12.053	8.662	90.978
1092	55	255	131.918	48.609	27.799	8.898	7.870	41.246
1093	49	255	941.398	47.133	28.971	9.055	6.890	115.919
1094	116	255	1098.552	45.129	39.456	12.855	11.489	145.421
1095	57	255	742.325	45.430	26.971	9.187	7.900	110.961
1096	49	255	144.296	45.133	25.556	8.230	7.580	84.024
1097	23	255	970.935	45.891	17.556	5.761	5.084	158.123
1098	68	255	1053.176	43.632	40.627	10.238	8.456	122.058
1099	25	255	2.420	45.060	17.899	6.787	4.690	55.781
1100	47	255	479.606	41.840	25.556	8.403	7.121	64.630
1101	57	255	578.377	39.588	26.627	9.050	8.019	155.224
1102	57	255	107.377	37.325	28.042	9.728	7.460	30.101
1103	66	255	282.485	36.712	31.314	12.076	6.959	77.500
1104	46	255	618.630	37.826	32.971	9.323	6.282	131.947
1105	66	255	352.727	35.485	29.799	9.897	8.491	100.653
1106	100	255	468.210	34.690	36.042	12.300	10.352	19.016
1107	72	255	94.597	32.333	31.799	11.874	7.721	114.884
1108	41	255	1007.768	34.890	22.728	8.205	6.363	168.015
1109	63	255	1198.008	31.373	30.627	11.433	7.016	137.305
1110	58	255	734.534	32.086	28.385	9.833	7.510	31.376
1111	74	255	757.500	31.189	30.971	10.156	9.277	90.000
1112	79	255	128.627	29.044	33.799	12.545	8.018	64.462
1113	70	255	1142.071	30.386	30.385	10.309	8.645	173.700
1114	61	255	951.090	29.746	36.042	9.683	8.021	135.340
1115	35	255	301.071	28.729	24.971	8.192	5.440	96.944
1116	60	255	447.367	26.483	29.213	9.297	8.217	112.560
1117	172	255	85.767	20.366	50.042	19.376	11.303	97.503
1118	1	255	462.500	28.500	2.828	1.128	1.128	0.000
1119	63	255	712.246	24.198	28.385	9.785	8.198	144.712
1120	34	255	462.000	23.000	33.213	7.912	5.472	142.387
1121	46	255	633.848	24.522	31.799	8.391	6.980	52.098
1122	79	255	211.310	21.981	31.799	10.286	9.779	41.367
1123	41	255	307.793	22.183	23.556	7.981	6.541	59.006
1124	25	255	454.420	22.380	21.556	6.387	4.984	28.010
1125	56	255	801.411	22.143	27.556	9.317	7.653	21.851
1126	69	255	1214.167	19.703	37.456	10.614	8.277	110.325
1127	63	255	296.627	21.135	28.385	9.969	8.046	2.445
1128	61	255	68.434	19.959	27.556	9.368	8.291	7.786
1129	77	255	590.123	18.435	41.113	10.418	9.411	165.037
1130	58	255	608.845	17.966	38.870	9.080	8.133	1.296
1131	50	255	914.900	17.960	26.971	10.426	6.106	83.581
1132	60	255	422.333	17.783	26.971	9.434	8.098	5.039
1133	49	255	969.194	17.173	30.042	9.542	6.538	113.909
1134	39	255	1015.551	17.910	26.385	8.451	5.876	83.255
1135	31	255	869.468	15.758	25.799	7.950	4.965	105.108
1136	41	255	953.793	15.963	30.042	8.830	5.912	89.401
1137	65	255	131.700	14.762	29.213	9.594	8.626	158.907
1138	68	255	642.956	14.588	30.042	9.768	8.863	170.657
1139	45	255	792.767	13.189	27.556	8.672	6.607	110.012
1140	29	255	937.603	11.879	21.799	6.649	5.553	126.396
1141	1	255	1020.500	15.500	2.828	1.128	1.128	0.000
1142	33	255	185.621	10.076	20.971	7.208	5.829	128.759
1143	46	255	301.087	8.891	27.799	8.237	7.111	74.802
1144	82	255	436.415	7.512	32.385	11.467	9.105	12.719
1145	51	255	720.029	7.951	28.385	9.356	6.940	44.983
1146	50	255	203.120	7.260	25.556	8.515	7.476	43.560
1147	56	255	1179.304	6.286	26.627	8.836	8.070	26.839
1148	63	255	930.611	5.833	28.385	9.399	8.534	160.638
1149	57	255	695.061	2.640	30.971	8.870	8.182	18.770
1150	44	255	892.841	3.636	24.142	8.053	6.957	8.641
1151	32	255	68.969	1.000	22.142	8.393	4.854	4.733
1152	27	255	962.278	1.167	19.314	6.566	5.236	1.995
1153	24	255	311.917	0.667	19.314	7.539	4.053	2.862
1154	17	255	1121.676	0.265	16.485	7.308	2.962	4.102
1155	7	255	745.643	0.071	12.485	4.903	1.818	6.132
1156	16	255	948.938	-0.062	19.657	9.340	2.181	2.557
1157	2	255	358.000	-0.500	4.243	2.257	1.128	0.000
1158	1	255	678.500	-0.500	2.828	1.128	1.128	0.000
