 	Area	Mean	XM	YM	Perim.	Major	Minor	Angle
1	14	255	13.071	901.357	13.899	4.777	3.731	32.927
2	5	255	275.500	902.500	10.243	5.642	1.128	0.000
3	12	255	380.500	902.083	15.071	6.944	2.200	0.000
4	29	255	746.431	900.017	19.899	7.045	5.241	81.870
5	39	255	915.423	897.423	23.799	8.436	5.886	105.073
6	55	255	1110.518	890.845	42.284	9.653	7.254	32.393
7	20	255	925.450	891.150	17.899	6.983	3.647	81.428
8	54	255	1041.833	890.704	36.284	10.087	6.816	148.113
9	74	255	1148.459	882.459	31.213	10.967	8.591	82.058
10	40	255	468.000	882.725	23.556	8.157	6.243	88.823
11	25	255	1202.780	882.500	22.385	7.055	4.512	95.156
12	37	255	108.662	880.905	24.142	9.752	4.831	167.037
13	32	255	399.031	875.688	20.142	7.039	5.789	52.864
14	41	255	1054.476	874.159	24.142	9.310	5.607	59.786
15	63	255	590.849	871.341	30.627	11.071	7.245	104.167
16	42	255	677.500	872.405	22.971	7.983	6.698	125.988
17	52	255	143.712	867.538	27.556	10.140	6.530	107.797
18	39	255	334.782	866.577	24.385	8.972	5.535	76.150
19	48	255	1075.062	867.188	24.971	8.102	7.544	14.359
20	35	255	1169.071	867.900	21.556	7.138	6.243	166.799
21	43	255	1001.337	866.174	23.556	7.752	7.063	24.669
22	58	255	1033.741	859.190	36.870	9.286	7.952	132.711
23	54	255	313.778	855.426	28.627	10.744	6.399	117.447
24	58	255	133.431	852.500	27.799	10.976	6.728	133.313
25	33	255	1176.591	848.379	21.556	7.802	5.385	62.181
26	25	255	1048.700	844.780	21.556	7.190	4.427	16.800
27	60	255	40.483	841.167	30.627	9.513	8.030	152.126
28	56	255	869.607	838.893	31.213	9.947	7.168	38.428
29	21	255	1222.167	835.119	16.485	6.155	4.344	93.614
30	39	255	1152.782	833.218	26.385	8.257	6.014	169.786
31	60	255	296.617	827.467	27.556	10.242	7.459	178.854
32	23	255	1165.370	827.326	22.971	7.010	4.178	127.526
33	63	255	944.960	822.437	27.556	9.599	8.357	68.049
34	56	255	471.518	821.571	27.556	9.233	7.722	171.838
35	37	255	1214.446	818.230	26.385	7.851	6.000	53.086
36	45	255	363.744	816.789	23.799	7.843	7.305	166.912
37	55	255	191.482	815.155	26.971	8.822	7.938	160.561
38	36	255	917.861	812.000	22.971	7.586	6.042	107.737
39	34	255	804.735	810.206	24.142	9.197	4.707	98.654
40	26	255	1149.385	810.538	22.385	7.377	4.488	6.297
41	29	255	1029.121	806.741	24.385	7.414	4.980	92.080
42	49	255	395.194	801.133	25.556	9.476	6.584	46.378
43	28	255	489.357	800.214	21.556	8.293	4.299	148.434
44	47	255	475.883	798.734	26.385	9.624	6.218	12.221
45	21	255	1170.405	800.071	16.728	6.902	3.874	176.355
46	71	255	58.782	795.063	30.385	10.528	8.587	6.809
47	34	255	957.412	792.912	21.556	7.800	5.550	22.491
48	33	255	879.864	790.379	22.142	7.865	5.342	58.781
49	39	255	1193.372	789.090	24.385	7.425	6.687	85.905
50	51	255	731.598	783.363	25.556	9.350	6.945	103.255
51	44	255	154.250	780.136	23.556	8.253	6.788	102.466
52	49	255	672.602	776.194	24.971	8.936	6.982	107.253
53	47	255	3.287	774.138	25.314	8.539	7.008	120.525
54	56	255	1094.929	772.625	27.556	9.766	7.301	66.477
55	57	255	611.061	770.939	31.799	11.069	6.557	31.457
56	23	255	1009.500	770.935	17.314	6.264	4.675	51.132
57	22	255	92.909	761.909	20.142	6.070	4.615	108.765
58	57	255	605.675	754.325	28.385	10.765	6.742	77.865
59	47	255	255.011	754.968	24.971	8.656	6.913	159.360
60	62	255	1079.323	749.806	28.728	10.805	7.306	97.762
61	24	255	1048.833	745.208	19.314	5.932	5.151	100.689
62	38	255	822.605	743.316	22.142	7.318	6.611	167.148
63	39	255	256.244	739.526	24.971	8.534	5.819	70.917
64	41	255	1200.427	736.671	38.870	8.031	6.501	105.348
65	30	255	143.133	736.433	20.142	6.338	6.027	103.338
66	7	255	923.500	736.214	9.071	3.086	2.888	0.000
67	31	255	382.790	729.726	23.556	7.963	4.957	173.041
68	47	255	987.606	727.032	34.627	8.865	6.750	113.857
69	33	255	973.924	727.530	20.971	7.343	5.722	113.371
70	30	255	954.867	726.133	18.728	6.529	5.850	45.001
71	40	255	86.550	724.900	24.385	9.134	5.576	173.474
72	40	255	271.800	723.700	24.971	8.301	6.135	101.030
73	53	255	195.915	722.821	25.556	8.635	7.815	37.768
74	54	255	584.944	714.463	26.385	8.449	8.137	42.737
75	54	255	372.944	713.741	26.971	10.000	6.875	133.025
76	59	255	906.551	711.941	27.556	10.138	7.410	93.313
77	35	255	841.243	711.814	22.971	8.361	5.330	93.111
78	60	255	691.933	707.783	27.799	10.409	7.339	66.352
79	34	255	889.971	705.794	24.385	8.065	5.368	21.848
80	34	255	582.382	701.206	24.627	8.841	4.897	177.799
81	62	255	142.710	699.113	28.142	9.501	8.308	1.392
82	40	255	390.025	694.350	22.971	7.473	6.815	128.899
83	26	255	691.692	694.615	19.556	6.392	5.179	36.724
84	16	255	1.000	692.250	20.485	8.249	2.470	92.349
85	26	255	580.192	694.269	22.728	7.694	4.302	136.077
86	25	255	486.620	693.740	18.142	6.745	4.719	1.923
87	64	255	1020.672	690.375	29.799	10.005	8.144	157.039
88	46	255	19.826	689.435	24.385	8.407	6.967	9.853
89	29	255	474.707	690.259	22.385	7.138	5.173	167.546
90	48	255	369.625	686.021	30.042	10.736	5.693	112.465
91	49	255	1118.643	688.827	26.971	10.457	5.966	24.066
92	23	255	483.761	687.978	18.142	6.481	4.519	41.098
93	31	255	1144.758	686.887	22.142	8.732	4.520	15.785
94	82	255	1042.098	681.561	34.385	12.859	8.119	81.707
95	22	255	488.682	683.955	16.728	5.523	5.071	116.713
96	35	255	593.586	681.529	21.556	7.181	6.206	179.835
97	43	255	568.105	679.593	26.627	9.562	5.726	46.919
98	30	255	475.867	678.000	22.971	7.729	4.942	142.666
99	57	255	739.939	677.184	27.799	9.610	7.552	169.033
100	45	255	835.878	673.744	24.385	9.361	6.120	136.639
101	46	255	755.043	672.891	24.385	9.262	6.324	139.772
102	51	255	336.265	665.402	26.627	9.926	6.542	136.656
103	53	255	74.651	665.009	26.385	8.705	7.752	7.519
104	69	255	1157.746	663.399	29.799	10.804	8.132	31.510
105	37	255	969.473	662.608	21.556	7.212	6.533	62.330
106	23	255	475.804	662.283	19.556	7.136	4.104	126.080
107	42	255	780.929	659.595	31.213	7.779	6.875	159.991
108	27	255	529.611	659.648	20.728	7.244	4.746	178.504
109	30	255	570.767	659.767	22.971	8.105	4.713	177.487
110	34	255	1182.559	652.500	21.556	7.078	6.117	160.280
111	60	255	176.000	649.500	30.385	9.064	8.429	86.028
112	38	255	302.184	650.816	25.213	9.407	5.143	162.614
113	74	255	203.176	643.041	31.213	11.680	8.066	45.185
114	33	255	750.561	642.652	20.971	6.798	6.181	80.878
115	92	255	1028.946	640.293	33.799	11.380	10.293	113.199
116	49	255	505.500	640.765	25.213	9.906	6.298	146.255
117	59	255	37.246	637.822	28.627	9.289	8.087	109.606
118	58	255	849.397	636.879	27.556	10.115	7.301	104.032
119	40	255	322.175	636.725	23.556	7.628	6.677	151.647
120	39	255	929.141	633.500	31.799	9.414	5.275	42.178
121	46	255	512.152	628.935	25.799	8.285	7.070	156.458
122	15	255	438.433	627.233	13.314	5.235	3.648	27.549
123	63	255	140.135	622.183	28.971	10.202	7.863	95.191
124	45	255	107.878	620.967	24.971	8.003	7.160	148.582
125	37	255	772.203	621.473	24.971	7.146	6.593	71.598
126	47	255	907.202	620.202	24.385	7.914	7.562	135.000
127	55	255	1081.464	619.427	38.042	9.828	7.125	109.100
128	37	255	558.662	617.446	22.142	7.127	6.610	159.583
129	58	255	858.086	615.397	26.971	9.095	8.120	76.976
130	44	255	464.750	614.295	22.971	7.926	7.068	6.808
131	44	255	915.932	613.227	29.213	8.201	6.831	158.276
132	48	255	573.688	611.521	32.870	10.160	6.015	154.905
133	62	255	476.129	610.226	28.971	10.639	7.420	20.852
134	44	255	1114.636	609.591	29.799	8.204	6.829	163.859
135	61	255	352.533	599.926	28.728	10.574	7.345	87.655
136	66	255	73.924	595.879	33.799	10.030	8.378	97.725
137	27	255	1077.315	590.944	24.142	6.616	5.196	86.339
138	38	255	600.158	589.868	22.971	7.817	6.189	165.121
139	29	255	735.017	589.293	20.971	8.506	4.341	119.417
140	42	255	972.381	588.143	24.142	9.153	5.843	57.142
141	33	255	946.409	585.803	20.142	6.880	6.107	10.794
142	2	255	1079.500	581.000	4.828	2.257	1.128	90.000
143	61	255	1086.975	577.648	28.142	9.671	8.031	64.430
144	54	255	171.778	576.537	26.971	10.525	6.532	162.835
145	48	255	256.521	564.500	30.627	8.254	7.404	2.541
146	77	255	214.604	556.474	32.627	11.676	8.396	8.320
147	34	255	453.235	548.500	20.142	7.074	6.120	90.000
148	59	255	505.347	532.873	27.556	9.442	7.956	149.126
149	46	255	737.609	532.630	34.042	8.587	6.820	61.269
150	41	255	136.720	531.744	23.556	8.950	5.833	57.180
151	44	255	839.955	532.818	28.385	9.070	6.177	28.301
152	48	255	1030.583	531.729	24.142	8.220	7.435	70.006
153	44	255	190.773	527.364	24.385	8.937	6.268	79.404
154	41	255	890.549	525.427	27.799	7.656	6.819	44.063
155	53	255	1185.179	523.142	25.556	8.437	7.998	58.004
156	39	255	555.321	516.526	24.971	7.304	6.799	156.555
157	12	255	844.250	517.083	11.899	4.424	3.453	57.933
158	41	255	465.134	513.988	30.042	9.715	5.373	167.407
159	43	255	974.081	513.337	22.971	8.391	6.525	156.640
160	64	255	412.031	511.078	28.385	10.145	8.033	174.192
161	57	255	945.518	508.342	27.556	9.925	7.312	78.760
162	35	255	746.329	499.671	22.142	7.634	5.837	119.857
163	28	255	1025.286	492.857	18.728	6.331	5.631	55.901
164	50	255	835.320	488.200	34.042	9.641	6.603	34.991
165	47	255	246.394	486.032	24.971	8.494	7.046	102.549
166	19	255	1221.237	480.395	16.142	5.353	4.520	62.154
167	38	255	1048.026	478.868	28.385	8.693	5.566	147.914
168	52	255	799.327	476.827	26.142	8.935	7.410	54.887
169	49	255	64.173	473.010	24.971	9.079	6.872	145.194
170	30	255	458.100	472.600	21.556	8.146	4.689	162.811
171	28	255	408.571	468.857	18.971	6.928	5.146	177.515
172	66	255	1200.439	466.848	29.556	9.659	8.700	145.574
173	54	255	368.519	462.000	26.971	9.179	7.491	87.336
174	31	255	865.952	463.855	20.142	6.860	5.754	98.071
175	33	255	600.318	461.227	20.385	6.958	6.039	147.002
176	41	255	753.207	456.963	27.213	9.454	5.522	50.161
177	47	255	414.606	456.011	25.799	9.828	6.089	137.667
178	40	255	1055.625	452.300	24.971	7.596	6.705	146.796
179	48	255	563.812	450.333	37.698	9.709	6.294	145.503
180	49	255	544.724	446.541	26.385	8.956	6.966	69.594
181	56	255	40.411	443.589	26.385	9.667	7.376	156.177
182	21	255	1152.595	446.119	17.314	6.364	4.202	174.073
183	40	255	1092.275	443.150	26.971	8.670	5.874	178.937
184	47	255	890.926	439.819	31.799	10.660	5.614	22.639
185	49	255	1045.235	439.378	26.971	10.406	5.995	23.617
186	46	255	694.652	435.326	29.456	9.582	6.112	163.410
187	52	255	963.365	434.231	26.385	8.821	7.505	173.637
188	47	255	13.670	431.351	24.971	9.301	6.434	120.681
189	34	255	653.059	430.588	26.142	7.192	6.019	77.073
190	49	255	971.541	429.276	25.556	8.068	7.733	69.585
191	54	255	672.352	427.241	26.385	9.535	7.211	151.431
192	18	255	886.833	428.222	15.314	5.748	3.987	69.750
193	47	255	494.840	424.266	29.213	8.258	7.246	93.719
194	29	255	1076.776	422.017	20.142	7.474	4.941	98.824
195	64	255	405.188	420.234	34.042	10.842	7.516	60.588
196	61	255	563.615	420.959	28.385	9.116	8.520	27.765
197	60	255	329.300	418.250	28.627	10.385	7.357	122.753
198	88	255	649.784	415.773	33.213	11.384	9.842	25.161
199	62	255	738.548	417.210	28.385	9.950	7.934	171.374
200	33	255	613.924	416.530	27.213	7.834	5.364	156.617
201	37	255	1202.662	415.149	24.971	8.207	5.740	139.828
202	43	255	450.756	413.826	23.556	8.606	6.362	161.786
203	30	255	607.200	412.800	21.556	6.886	5.547	18.695
204	57	255	269.675	408.289	27.556	10.088	7.194	87.131
205	59	255	618.568	404.025	26.971	9.051	8.300	172.725
206	26	255	1063.192	402.923	22.142	7.513	4.406	129.607
207	62	255	750.048	400.500	28.971	10.299	7.665	48.774
208	9	255	1171.500	398.500	9.657	3.385	3.385	0.000
209	54	255	408.130	394.407	36.627	9.482	7.251	62.233
210	50	255	268.000	393.280	25.314	8.684	7.331	164.855
211	20	255	539.450	393.600	15.314	5.251	4.849	26.565
212	45	255	374.989	390.922	24.385	7.999	7.163	14.183
213	58	255	532.293	389.931	26.971	9.241	7.991	153.305
214	69	255	1110.703	389.152	43.113	10.088	8.709	126.366
215	1	255	542.500	390.500	2.828	1.128	1.128	0.000
216	52	255	550.692	385.462	32.870	10.931	6.057	52.536
217	42	255	854.071	384.905	24.971	9.496	5.631	90.253
218	61	255	373.746	377.713	32.042	10.066	7.716	155.433
219	56	255	470.000	374.500	26.385	8.494	8.394	90.000
220	55	255	408.609	372.591	26.142	9.712	7.210	166.944
221	46	255	298.109	367.935	24.971	9.562	6.125	45.062
222	37	255	878.770	369.122	27.213	8.168	5.768	175.474
223	18	255	1218.278	369.667	15.314	5.708	4.015	144.751
224	37	255	1117.338	365.635	26.142	8.495	5.546	39.455
225	49	255	383.133	363.480	25.799	9.508	6.562	53.094
226	55	255	541.118	360.409	27.213	9.867	7.097	44.235
227	4	255	1223.500	363.000	8.828	4.514	1.128	90.000
228	56	255	803.500	359.821	26.385	8.886	8.024	0.000
229	46	255	869.739	360.174	24.142	8.535	6.862	66.580
230	51	255	739.186	358.716	24.971	8.279	7.844	151.448
231	42	255	881.976	359.119	28.627	8.389	6.375	47.490
232	39	255	277.679	357.474	25.213	8.523	5.826	156.209
233	67	255	97.500	353.246	30.385	9.782	8.721	53.575
234	40	255	569.400	354.125	27.213	8.118	6.273	136.531
235	35	255	605.957	354.586	20.728	6.956	6.406	105.940
236	38	255	180.289	354.000	22.142	8.081	5.987	8.103
237	34	255	2.618	347.618	20.728	7.275	5.950	95.176
238	51	255	1158.657	346.167	26.142	9.476	6.852	73.222
239	45	255	928.922	342.144	25.213	8.501	6.740	28.462
240	47	255	308.862	339.032	25.556	9.087	6.586	101.917
241	21	255	863.643	340.738	16.728	6.017	4.444	94.196
242	40	255	961.950	337.650	22.728	8.691	5.860	169.129
243	72	255	824.708	333.931	30.385	10.281	8.917	71.709
244	48	255	330.917	334.125	24.385	8.142	7.506	2.816
245	31	255	996.048	332.081	25.799	7.506	5.259	59.670
246	47	255	1207.032	326.926	24.385	8.368	7.151	171.162
247	30	255	390.800	324.267	19.556	6.827	5.595	62.596
248	66	255	435.667	322.621	30.627	10.891	7.716	59.954
249	58	255	911.552	321.672	27.799	10.425	7.084	158.015
250	65	255	3.623	319.238	29.556	10.134	8.166	87.291
251	52	255	165.288	316.615	26.971	9.851	6.721	56.271
252	39	255	669.987	315.192	25.556	8.869	5.599	152.573
253	40	255	938.150	313.850	24.385	8.144	6.254	76.789
254	34	255	1157.147	312.941	23.556	8.705	4.973	108.904
255	48	255	144.312	308.750	24.971	8.003	7.636	34.532
256	84	255	330.417	305.464	36.042	12.073	8.859	136.068
257	75	255	191.180	303.393	32.971	12.051	7.924	8.978
258	30	255	898.967	299.767	20.728	8.146	4.689	126.224
259	28	255	696.429	296.643	19.314	7.060	5.050	23.474
260	52	255	319.731	289.981	26.385	9.148	7.238	125.635
261	61	255	795.828	284.500	27.799	8.985	8.644	0.000
262	63	255	1027.960	281.198	29.799	9.758	8.220	93.197
263	57	255	79.412	278.746	27.213	10.383	6.989	136.875
264	56	255	590.304	275.482	26.971	9.688	7.360	66.430
265	39	255	1169.269	274.731	26.142	7.578	6.552	133.487
266	58	255	542.655	268.793	27.213	9.046	8.164	26.547
267	41	255	937.354	266.280	22.728	7.503	6.957	132.366
268	55	255	561.882	264.609	26.385	8.508	8.231	115.261
269	67	255	311.007	263.709	29.213	11.122	7.670	146.478
270	56	255	797.482	261.911	30.385	10.435	6.833	144.495
271	29	255	469.086	261.224	22.485	8.945	4.128	92.008
272	58	255	970.500	259.259	27.799	10.382	7.113	39.640
273	1	255	797.500	257.500	2.828	1.128	1.128	0.000
274	47	255	1128.053	253.372	34.870	9.261	6.462	11.443
275	53	255	856.217	251.274	26.385	9.147	7.378	66.951
276	32	255	808.562	249.062	20.142	7.411	5.498	32.159
277	61	255	108.500	238.090	28.971	10.968	7.081	101.734
278	38	255	1108.789	239.342	22.142	7.075	6.839	77.179
279	48	255	1085.333	233.146	24.971	8.846	6.908	77.217
280	55	255	511.118	229.609	26.971	9.853	7.107	55.137
281	47	255	1192.457	229.755	31.456	10.107	5.921	44.135
282	27	255	1148.537	227.870	18.728	6.685	5.142	133.834
283	38	255	1060.658	221.921	24.971	8.150	5.937	169.513
284	63	255	184.325	218.024	29.213	9.937	8.072	114.571
285	69	255	144.688	217.181	30.385	11.537	7.615	124.637
286	57	255	998.465	216.939	26.385	9.252	7.844	4.549
287	35	255	434.700	217.157	20.728	7.346	6.066	157.768
288	1	255	1061.500	217.500	2.828	1.128	1.128	0.000
289	37	255	1133.527	210.851	23.799	8.495	5.546	113.541
290	62	255	95.823	206.677	30.627	10.079	7.832	173.155
291	28	255	1217.643	204.786	22.971	7.063	5.047	32.765
292	46	255	837.413	201.000	24.142	8.252	7.098	90.000
293	36	255	702.667	193.778	28.385	8.573	5.347	102.456
294	38	255	146.500	191.237	24.385	9.616	5.031	52.915
295	46	255	246.413	190.783	24.971	8.352	7.013	166.475
296	63	255	910.738	189.389	29.799	10.608	7.561	51.577
297	57	255	1181.939	189.518	26.971	9.325	7.783	79.226
298	56	255	660.964	188.429	26.971	9.847	7.241	1.034
299	11	255	386.500	175.409	12.485	4.513	3.103	165.286
300	52	255	230.481	172.135	25.799	9.238	7.167	26.164
301	45	255	332.856	171.322	24.385	7.700	7.441	29.693
302	4	255	773.000	172.000	5.657	2.257	2.257	0.000
303	38	255	293.184	156.789	22.385	8.276	5.846	28.982
304	37	255	481.284	155.284	24.142	9.898	4.760	90.227
305	43	255	720.686	149.081	29.213	7.967	6.872	72.813
306	30	255	733.733	147.800	21.314	8.355	4.572	97.714
307	28	255	1155.821	146.714	21.556	7.910	4.507	0.048
308	72	255	855.125	138.347	30.971	10.140	9.041	91.854
309	50	255	750.600	134.260	29.213	8.536	7.458	25.572
310	36	255	1110.000	131.444	28.385	7.614	6.020	119.147
311	42	255	643.714	123.548	24.142	8.766	6.101	136.384
312	27	255	811.611	122.574	20.728	7.928	4.336	109.752
313	45	255	1079.189	122.122	24.142	8.246	6.948	89.285
314	44	255	472.091	113.000	25.556	9.266	6.046	98.443
315	53	255	615.462	110.651	27.799	9.215	7.323	171.534
316	79	255	885.703	107.019	32.627	11.894	8.457	32.856
317	41	255	1156.524	105.915	22.385	7.317	7.135	130.935
318	84	255	208.869	102.155	34.627	11.769	9.088	113.529
319	56	255	651.446	103.107	26.971	9.880	7.217	145.792
320	58	255	1174.690	94.138	37.213	9.861	7.489	77.053
321	38	255	79.711	94.658	21.556	7.224	6.698	59.725
322	32	255	1113.000	94.219	24.971	9.159	4.449	29.825
323	48	255	797.438	89.542	24.971	9.013	6.781	93.130
324	31	255	404.790	88.855	20.728	6.594	5.986	122.499
325	59	255	454.534	85.178	27.556	10.339	7.266	82.356
326	44	255	535.659	83.159	32.627	9.166	6.112	135.778
327	41	255	232.037	81.866	25.556	8.709	5.994	107.404
328	74	255	745.541	78.081	31.213	11.549	8.158	119.311
329	50	255	391.760	79.020	25.556	8.272	7.696	51.771
330	69	255	559.486	75.891	30.385	11.531	7.619	54.923
331	42	255	647.857	75.024	23.799	7.900	6.769	21.200
332	43	255	1109.616	74.733	24.385	9.441	5.799	24.473
333	57	255	634.061	72.833	26.142	8.683	8.358	34.230
334	37	255	544.608	69.365	21.556	7.084	6.650	169.812
335	40	255	711.700	69.050	22.971	7.639	6.667	105.415
336	50	255	196.620	64.840	26.971	9.530	6.680	39.180
337	46	255	1052.978	63.348	24.728	9.377	6.246	84.619
338	24	255	239.000	63.708	17.899	7.321	4.174	97.768
339	31	255	545.435	59.726	23.556	8.862	4.454	73.180
340	84	255	564.571	59.131	32.627	10.667	10.026	3.432
341	47	255	411.074	57.436	25.799	10.253	5.837	125.808
342	40	255	214.000	49.400	25.799	8.011	6.358	52.688
343	46	255	783.391	43.174	27.213	9.271	6.318	89.855
344	73	255	657.623	42.171	30.385	10.612	8.759	56.776
345	74	255	203.162	38.676	30.385	10.418	9.044	161.503
346	48	255	327.875	34.479	24.728	8.302	7.361	159.760
347	40	255	1098.650	34.025	22.971	8.084	6.300	84.888
348	51	255	102.402	30.343	26.627	9.972	6.511	44.114
349	37	255	423.959	29.311	24.142	8.894	5.297	161.935
350	40	255	278.575	25.450	22.728	7.321	6.957	56.310
351	39	255	958.218	21.628	23.556	7.269	6.831	16.542
352	32	255	733.344	18.875	19.556	6.924	5.884	20.294
353	32	255	845.875	17.656	19.556	6.924	5.884	110.294
354	50	255	355.900	16.240	36.042	9.364	6.798	35.031
355	50	255	724.580	15.080	25.799	9.178	6.936	36.159
356	66	255	898.955	14.439	30.627	10.767	7.805	28.205
357	52	255	499.173	9.231	26.627	9.920	6.674	42.569
358	52	255	359.981	8.404	26.385	9.368	7.068	51.762
359	62	255	801.161	2.613	28.142	9.817	8.041	161.386
