 	Area	Mean	XM	YM	Perim.	Major	Minor	Angle
1	2	255	285.000	902.500	4.243	2.257	1.128	0.000
2	52	255	365.577	898.712	33.456	9.867	6.710	167.556
3	9	255	572.722	902.056	11.657	5.229	2.191	175.269
4	1	255	614.500	902.500	2.828	1.128	1.128	0.000
5	2	255	617.000	902.500	4.243	2.257	1.128	0.000
6	41	255	668.500	900.037	24.385	8.637	6.044	0.000
7	16	255	720.312	901.750	15.899	6.689	3.045	1.089
8	8	255	835.750	902.000	14.485	5.798	1.757	7.796
9	18	255	1016.833	901.444	19.899	6.963	3.292	6.714
10	20	255	51.250	898.250	18.728	6.967	3.655	83.263
11	30	255	647.000	898.700	24.627	7.428	5.142	5.417
12	41	255	974.329	897.232	29.556	9.095	5.740	23.064
13	32	255	63.344	893.125	27.556	7.503	5.431	68.977
14	3	255	47.500	896.500	6.828	3.385	1.128	90.000
15	1	255	1016.500	897.500	2.828	1.128	1.128	0.000
16	42	255	1119.429	894.310	24.385	7.815	6.843	116.370
17	38	255	143.395	891.658	28.971	8.498	5.693	141.755
18	44	255	193.295	892.500	28.971	11.412	4.909	179.828
19	35	255	382.157	888.071	24.385	9.124	4.884	37.034
20	3	255	332.167	889.500	7.657	3.213	1.189	118.155
21	36	255	337.944	887.583	22.142	6.923	6.621	50.639
22	37	255	353.824	885.689	24.385	8.050	5.852	64.443
23	34	255	699.735	887.000	26.385	7.607	5.691	5.182
24	26	255	1070.154	888.769	17.899	6.411	5.163	163.826
25	28	255	1189.821	888.357	20.728	7.410	4.811	15.864
26	44	255	214.773	883.250	31.456	8.554	6.549	61.423
27	3	255	606.500	887.167	7.071	3.213	1.189	151.845
28	56	255	472.196	882.125	38.284	9.472	7.527	152.892
29	1	255	602.500	886.500	2.828	1.128	1.128	0.000
30	27	255	1009.685	883.759	22.385	6.960	4.939	13.817
31	39	255	138.269	881.192	29.799	8.550	5.808	169.335
32	48	255	606.792	879.062	31.799	8.424	7.255	68.023
33	19	255	1176.500	882.342	15.314	5.801	4.170	40.073
34	31	255	688.468	881.435	23.314	7.239	5.452	9.312
35	28	255	621.857	879.214	22.142	8.315	4.288	91.211
36	51	255	868.814	876.422	33.456	9.441	6.878	2.138
37	70	255	36.143	870.514	45.698	11.321	7.873	38.515
38	22	255	1217.955	872.682	20.142	6.358	4.405	158.962
39	18	255	1004.278	868.333	17.899	5.715	4.010	178.313
40	2	255	965.000	869.500	4.243	2.257	1.128	0.000
41	54	255	224.278	863.278	33.213	8.623	7.974	170.783
42	14	255	1202.857	866.571	17.556	6.057	2.943	167.044
43	47	255	590.585	862.585	39.456	10.256	5.835	72.789
44	37	255	602.095	861.176	28.142	8.182	5.758	17.897
45	4	255	1007.000	865.000	5.657	2.257	2.257	0.000
46	23	255	1088.500	862.761	27.799	7.001	4.183	101.457
47	44	255	1188.818	861.773	34.627	9.187	6.098	176.276
48	34	255	517.971	861.088	21.556	7.082	6.113	42.809
49	3	255	1203.500	862.833	7.071	3.213	1.189	151.845
50	45	255	731.522	857.122	29.799	8.415	6.809	69.183
51	47	255	928.479	855.862	41.941	8.467	7.067	22.632
52	18	255	496.000	857.000	18.728	5.725	4.003	23.368
53	24	255	882.917	857.792	18.142	6.342	4.818	8.451
54	1	255	924.500	859.500	2.828	1.128	1.128	0.000
55	24	255	789.000	856.333	16.728	6.470	4.723	180.000
56	68	255	253.632	852.868	31.799	10.054	8.611	64.500
57	2	255	726.500	857.000	4.828	2.257	1.128	90.000
58	57	255	756.096	851.623	39.799	9.060	8.010	106.310
59	44	255	772.886	853.000	33.799	9.310	6.017	21.770
60	14	255	1062.214	856.000	12.485	4.264	4.181	90.000
61	41	255	1171.646	851.939	28.627	9.111	5.730	136.777
62	27	255	431.722	851.500	22.971	6.752	5.091	25.286
63	40	255	645.750	850.975	31.799	9.194	5.539	61.159
64	2	255	1065.500	854.000	4.828	2.257	1.128	90.000
65	56	255	624.321	847.696	41.113	11.130	6.406	123.435
66	32	255	867.938	845.031	41.213	8.207	4.964	177.015
67	22	255	1220.909	847.455	22.971	6.452	4.341	138.024
68	40	255	217.150	844.875	26.385	9.329	5.459	73.690
69	27	255	1005.500	843.907	24.385	7.263	4.733	57.351
70	38	255	1112.868	844.158	27.556	8.641	5.599	28.552
71	41	255	450.817	843.573	31.799	10.425	5.007	109.169
72	1	255	867.500	847.500	2.828	1.128	1.128	0.000
73	20	255	28.700	844.900	17.314	6.243	4.079	14.638
74	2	255	1001.500	846.000	4.828	2.257	1.128	90.000
75	25	255	330.100	840.820	21.556	6.578	4.839	39.602
76	38	255	618.868	840.368	23.556	8.313	5.820	102.276
77	37	255	592.689	839.392	24.385	8.264	5.701	60.531
78	29	255	962.534	839.638	22.971	7.593	4.863	19.625
79	34	255	610.235	835.971	27.556	8.785	4.928	128.480
80	1	255	856.500	841.500	2.828	1.128	1.128	0.000
81	17	255	859.853	838.912	19.556	7.022	3.082	21.628
82	38	255	909.842	835.684	28.385	8.083	5.985	46.732
83	13	255	1121.731	839.269	12.485	4.762	3.476	45.000
84	2	255	149.000	839.000	5.657	2.596	0.981	45.000
85	60	255	483.633	834.300	35.456	10.848	7.042	37.444
86	24	255	580.458	837.083	22.971	6.498	4.702	68.373
87	26	255	316.615	836.077	19.556	6.675	4.959	29.529
88	31	255	736.113	836.145	21.556	6.714	5.879	176.775
89	31	255	151.081	834.694	22.385	6.789	5.814	22.745
90	31	255	391.887	834.500	20.971	7.757	5.089	161.893
91	27	255	463.389	833.981	19.556	6.215	5.531	66.387
92	3	255	478.167	836.833	5.657	2.365	1.615	45.000
93	32	255	538.156	834.625	22.142	7.718	5.279	173.468
94	1	255	746.500	835.500	2.828	1.128	1.128	0.000
95	3	255	1122.167	835.167	5.657	2.365	1.615	135.000
96	72	255	213.611	828.958	36.284	12.385	7.402	66.571
97	30	255	294.133	832.267	19.314	6.258	6.103	64.968
98	40	255	746.050	830.300	27.799	8.010	6.359	16.310
99	25	255	1027.300	830.380	20.971	7.202	4.420	57.011
100	32	255	839.562	829.469	24.627	8.200	4.969	59.842
101	2	255	1023.500	831.000	4.828	2.257	1.128	90.000
102	33	255	425.500	827.409	26.385	7.980	5.266	84.774
103	27	255	373.093	825.944	18.142	6.217	5.530	16.637
104	41	255	489.963	825.768	33.456	8.102	6.443	24.029
105	40	255	599.875	824.325	29.213	9.313	5.469	163.928
106	2	255	421.500	826.000	4.828	2.257	1.128	90.000
107	60	255	434.967	822.000	34.284	10.063	7.592	173.359
108	2	255	439.500	826.000	4.828	2.257	1.128	90.000
109	33	255	726.712	821.742	24.971	7.041	5.968	26.913
110	52	255	269.923	820.135	36.042	9.739	6.799	140.314
111	41	255	802.524	821.622	22.142	7.583	6.884	146.794
112	1	255	990.500	823.500	2.828	1.128	1.128	0.000
113	35	255	350.814	819.271	21.556	7.115	6.263	36.795
114	49	255	991.010	816.133	33.799	8.119	7.685	48.675
115	33	255	597.712	816.106	20.971	7.312	5.746	47.863
116	32	255	618.250	815.312	26.971	8.916	4.570	171.386
117	54	255	26.000	812.611	30.627	10.478	6.562	65.103
118	60	255	377.533	813.200	27.799	9.709	7.869	143.282
119	36	255	810.444	810.806	28.971	8.866	5.170	163.049
120	33	255	395.379	810.318	24.142	7.474	5.622	23.202
121	30	255	910.867	808.467	21.556	6.619	5.771	140.326
122	39	255	481.167	807.782	23.556	8.920	5.567	143.473
123	31	255	631.113	808.403	22.971	8.485	4.652	169.943
124	47	255	867.670	805.777	24.971	8.832	6.776	88.942
125	43	255	585.453	804.523	31.213	8.030	6.818	10.276
126	41	255	568.744	804.768	28.385	9.465	5.515	22.157
127	23	255	351.543	802.848	18.728	6.228	4.702	47.367
128	16	255	1038.688	800.750	17.314	5.556	3.666	9.245
129	38	255	1192.553	797.342	30.385	9.083	5.327	41.655
130	1	255	5.500	799.500	2.828	1.128	1.128	0.000
131	39	255	3.500	795.295	26.142	8.654	5.738	22.908
132	1	255	1186.500	798.500	2.828	1.128	1.128	0.000
133	45	255	857.700	790.878	31.456	8.810	6.504	10.666
134	29	255	1128.879	791.776	21.556	7.173	5.148	179.961
135	1	255	819.500	792.500	2.828	1.128	1.128	0.000
136	25	255	935.700	790.740	18.142	6.295	5.057	179.511
137	25	255	989.260	789.540	20.728	8.047	3.956	27.276
138	23	255	521.022	787.283	20.971	6.784	4.317	71.285
139	1	255	589.500	790.500	2.828	1.128	1.128	0.000
140	31	255	921.952	787.597	19.556	6.791	5.812	100.357
141	18	255	1105.500	789.167	14.485	5.349	4.285	0.000
142	27	255	590.130	784.907	18.728	6.186	5.557	147.995
143	3	255	917.500	786.500	6.828	3.385	1.128	90.000
144	24	255	1214.792	784.333	22.142	7.294	4.189	47.830
145	61	255	786.779	781.533	46.527	9.224	8.420	37.752
146	42	255	78.167	779.667	29.799	7.948	6.728	53.698
147	55	255	54.355	776.136	26.385	9.230	7.587	20.836
148	45	255	313.567	775.078	27.556	8.751	6.548	70.231
149	26	255	1092.038	776.423	20.971	6.942	4.769	172.565
150	49	255	38.459	773.031	33.799	10.249	6.088	22.971
151	34	255	104.294	773.235	22.142	7.726	5.603	55.464
152	3	255	32.833	775.167	5.657	2.365	1.615	45.000
153	39	255	210.551	771.397	30.627	10.300	4.821	72.094
154	2	255	903.000	775.000	5.657	2.596	0.981	45.000
155	27	255	252.463	772.056	22.142	7.900	4.351	39.580
156	36	255	907.194	769.306	25.799	7.857	5.834	171.698
157	57	255	63.360	767.500	27.799	9.354	7.758	15.747
158	43	255	548.733	765.500	27.556	10.225	5.355	17.560
159	1	255	542.500	767.500	2.828	1.128	1.128	0.000
160	23	255	1136.848	764.283	18.142	6.122	4.784	165.704
161	1	255	1141.500	765.500	2.828	1.128	1.128	0.000
162	40	255	32.825	758.000	24.971	8.753	5.818	96.446
163	36	255	412.278	759.417	27.799	9.569	4.790	37.716
164	30	255	146.400	756.733	20.728	8.144	4.691	98.918
165	34	255	765.382	755.118	27.799	8.932	4.847	49.131
166	29	255	966.879	753.948	30.385	7.199	5.129	65.367
167	35	255	787.414	752.357	31.213	7.640	5.833	80.543
168	1	255	759.500	754.500	2.828	1.128	1.128	0.000
169	2	255	1099.000	754.500	4.243	2.257	1.128	0.000
170	101	255	1082.203	749.292	54.770	15.736	8.172	12.252
171	44	255	1098.909	748.341	35.213	8.747	6.405	9.111
172	22	255	289.318	748.682	17.556	6.043	4.636	122.023
173	34	255	384.676	745.971	23.799	8.341	5.190	57.343
174	22	255	830.136	745.591	21.556	7.936	3.530	106.862
175	2	255	360.000	747.000	5.657	2.596	0.981	45.000
176	60	255	362.850	741.433	40.870	9.518	8.027	45.463
177	20	255	558.750	744.800	18.971	5.083	5.010	122.886
178	28	255	923.893	743.929	22.971	7.030	5.071	34.103
179	2	255	380.500	745.000	4.828	2.257	1.128	90.000
180	15	255	496.367	743.967	13.314	4.640	4.116	165.964
181	20	255	677.050	742.650	22.971	7.265	3.505	100.060
182	30	255	985.800	743.433	22.142	6.938	5.506	136.794
183	30	255	201.133	741.367	27.799	8.276	4.615	139.404
184	38	255	247.368	737.789	26.142	8.588	5.634	47.398
185	47	255	320.798	738.543	31.213	9.486	6.308	114.821
186	34	255	344.118	739.500	22.971	7.516	5.760	115.517
187	23	255	1066.891	739.674	20.971	7.231	4.050	21.437
188	24	255	999.458	739.542	20.971	6.697	4.563	175.991
189	19	255	1051.868	739.763	15.314	5.184	4.666	107.496
190	10	255	1144.600	734.000	12.728	4.547	2.800	23.782
191	28	255	793.250	730.429	24.142	9.141	3.900	104.642
192	23	255	1038.500	730.761	17.556	6.781	4.318	0.000
193	7	255	511.500	730.786	9.071	3.086	2.888	0.000
194	21	255	586.262	729.500	17.314	5.927	4.511	166.608
195	28	255	746.714	729.250	22.971	6.257	5.698	2.124
196	32	255	396.812	721.844	24.142	7.276	5.600	11.364
197	42	255	461.619	722.333	29.314	8.078	6.620	49.936
198	1	255	583.500	725.500	2.828	1.128	1.128	0.000
199	1	255	587.500	725.500	2.828	1.128	1.128	0.000
200	42	255	711.000	720.238	36.627	8.593	6.223	166.756
201	72	255	770.694	720.347	31.213	9.892	9.268	118.347
202	26	255	1022.231	721.000	24.385	8.560	3.867	144.969
203	31	255	257.661	720.726	20.142	7.064	5.587	35.167
204	1	255	455.500	723.500	2.828	1.128	1.128	0.000
205	22	255	356.364	719.273	17.314	6.209	4.512	167.659
206	15	255	1053.300	718.833	13.899	5.114	3.735	27.376
207	14	255	1086.143	715.714	13.899	4.807	3.708	6.800
208	2	255	599.500	716.000	4.828	2.257	1.128	90.000
209	32	255	603.938	712.906	21.556	6.897	5.908	24.321
210	45	255	155.744	711.433	25.799	8.582	6.676	6.561
211	71	255	171.232	706.796	30.385	10.230	8.837	100.992
212	1	255	1086.500	711.500	2.828	1.128	1.128	0.000
213	1	255	4.500	710.500	2.828	1.128	1.128	0.000
214	4	255	475.500	709.250	8.485	3.676	1.385	50.310
215	46	255	478.109	703.804	37.213	9.294	6.302	54.666
216	1	255	510.500	709.500	2.828	1.128	1.128	0.000
217	29	255	3.500	706.190	19.556	7.203	5.126	174.091
218	37	255	512.014	704.824	31.799	7.928	5.942	12.071
219	35	255	216.529	702.814	29.799	7.788	5.722	2.092
220	1	255	309.500	706.500	2.828	1.128	1.128	0.000
221	63	255	311.468	701.278	34.042	9.654	8.309	27.793
222	20	255	498.000	702.650	18.728	6.691	3.806	56.101
223	22	255	1221.000	704.136	16.485	6.573	4.261	180.000
224	18	255	386.944	701.111	21.556	6.018	3.808	78.600
225	32	255	1163.125	702.281	19.899	6.718	6.065	138.358
226	35	255	246.986	700.214	21.556	6.770	6.582	47.002
227	52	255	694.615	697.231	48.527	9.035	7.328	30.113
228	6	255	880.167	702.667	8.485	2.930	2.607	26.565
229	42	255	882.643	697.143	33.799	8.544	6.259	61.637
230	31	255	199.758	698.629	22.142	7.289	5.415	9.103
231	39	255	347.500	694.269	29.799	9.321	5.328	77.760
232	24	255	1040.792	697.250	19.556	6.592	4.636	18.535
233	21	255	20.167	695.167	20.142	6.881	3.886	92.382
234	47	255	922.245	695.287	26.385	8.705	6.874	15.111
235	24	255	794.000	692.625	18.971	6.703	4.559	159.643
236	29	255	969.190	691.845	26.142	6.994	5.280	114.721
237	33	255	897.652	690.894	23.556	8.273	5.079	19.633
238	36	255	176.528	687.778	24.385	9.046	5.067	129.559
239	72	255	489.681	685.167	30.385	10.031	9.139	105.143
240	43	255	956.012	686.198	38.284	8.370	6.541	32.966
241	57	255	316.518	681.289	39.799	11.028	6.581	63.921
242	3	255	313.500	686.500	6.828	3.385	1.128	90.000
243	34	255	544.500	683.382	31.213	8.499	5.094	61.311
244	24	255	114.167	682.833	17.556	6.198	4.930	151.368
245	25	255	589.260	683.460	17.314	6.416	4.962	27.031
246	15	255	561.033	680.833	15.314	5.655	3.377	3.394
247	26	255	1135.808	678.308	22.142	7.492	4.419	7.099
248	46	255	193.370	676.239	24.142	8.273	7.080	91.670
249	46	255	294.870	675.435	29.799	8.793	6.661	0.059
250	21	255	643.310	674.500	20.728	6.744	3.965	33.192
251	2	255	800.500	676.000	4.828	2.257	1.128	90.000
252	30	255	805.367	673.167	20.728	6.612	5.777	43.926
253	3	255	1215.833	675.500	7.657	3.213	1.189	61.845
254	91	255	13.863	670.203	35.213	12.556	9.228	137.190
255	44	255	762.091	671.477	27.213	8.466	6.618	20.460
256	59	255	121.161	671.178	41.456	10.506	7.151	177.633
257	35	255	178.557	670.843	28.627	8.829	5.048	43.395
258	7	255	747.071	673.214	12.728	5.775	1.543	35.515
259	35	255	1041.614	671.729	33.456	7.332	6.078	11.532
260	65	255	1103.069	668.085	35.456	10.030	8.251	85.317
261	39	255	369.372	669.141	28.385	9.284	5.349	44.424
262	55	255	749.918	667.609	40.284	10.313	6.790	12.317
263	32	255	1216.656	669.938	24.971	7.720	5.278	14.117
264	63	255	930.198	667.214	29.799	10.060	7.973	77.332
265	72	255	818.111	664.625	30.385	10.016	9.153	163.521
266	21	255	619.690	664.452	16.485	5.972	4.477	55.366
267	46	255	740.370	661.630	40.870	9.741	6.013	110.610
268	44	255	796.068	660.568	36.627	8.323	6.731	28.819
269	33	255	471.288	661.348	22.971	8.564	4.906	69.117
270	3	255	615.500	663.500	6.828	3.385	1.128	90.000
271	15	255	1176.367	662.100	20.142	5.430	3.517	15.814
272	47	255	180.309	659.309	34.870	9.339	6.408	50.769
273	42	255	995.476	655.810	33.213	9.605	5.568	5.531
274	26	255	57.308	654.269	21.799	6.629	4.994	51.756
275	27	255	287.685	654.463	19.314	6.422	5.353	92.036
276	49	255	665.582	653.296	32.627	10.547	5.915	69.725
277	41	255	1074.671	652.793	29.799	8.485	6.153	126.285
278	22	255	256.136	652.318	20.142	6.786	4.128	7.361
279	40	255	451.000	650.375	29.213	8.090	6.295	13.344
280	2	255	225.000	652.500	4.243	2.257	1.128	0.000
281	18	255	982.889	650.056	18.142	6.854	3.344	149.381
282	18	255	1140.389	647.167	21.556	6.900	3.321	113.566
283	32	255	189.031	647.625	20.142	7.216	5.646	117.755
284	1	255	514.500	650.500	2.828	1.128	1.128	0.000
285	24	255	386.792	647.125	18.728	7.182	4.255	27.650
286	24	255	702.750	647.208	20.728	6.499	4.702	45.370
287	24	255	1146.708	646.583	19.314	7.219	4.233	58.878
288	48	255	513.750	644.000	35.456	10.283	5.943	30.064
289	55	255	19.282	643.718	29.799	11.078	6.321	25.508
290	37	255	374.959	644.473	22.142	6.908	6.820	42.882
291	34	255	790.794	643.559	27.799	8.697	4.978	12.510
292	33	255	1088.439	643.106	23.799	7.374	5.698	152.907
293	76	255	402.974	640.961	51.941	10.486	9.228	54.890
294	27	255	982.981	640.500	25.213	7.161	4.801	166.018
295	36	255	140.056	638.000	25.799	8.834	5.189	103.848
296	41	255	449.524	638.793	29.213	10.145	5.146	5.669
297	32	255	679.250	638.781	28.385	8.371	4.867	43.686
298	22	255	526.045	636.591	18.971	5.853	4.786	87.173
299	22	255	713.818	634.000	24.971	6.895	4.062	92.209
300	1	255	781.500	633.500	2.828	1.128	1.128	0.000
301	73	255	118.404	627.870	34.870	10.871	8.550	179.625
302	1	255	784.500	632.500	2.828	1.128	1.128	0.000
303	34	255	101.765	629.206	26.728	11.901	3.638	11.803
304	1	255	812.500	630.500	2.828	1.128	1.128	0.000
305	24	255	781.083	626.833	18.728	5.837	5.235	38.405
306	35	255	922.071	626.729	20.728	7.095	6.281	103.644
307	22	255	816.636	627.091	17.556	7.012	3.995	170.898
308	35	255	985.271	624.814	21.314	7.355	6.059	145.794
309	26	255	1003.808	622.500	25.799	7.494	4.417	24.073
310	50	255	192.000	620.760	32.042	8.500	7.489	31.540
311	22	255	515.500	620.682	22.142	5.846	4.792	41.467
312	5	255	707.900	623.700	7.657	3.144	2.025	71.565
313	43	255	717.267	621.081	32.042	7.569	7.233	140.545
314	1	255	407.500	623.500	2.828	1.128	1.128	0.000
315	39	255	410.833	618.859	29.799	9.555	5.197	174.482
316	18	255	884.111	620.278	17.899	7.894	2.903	176.020
317	50	255	13.280	615.780	34.971	8.271	7.697	167.796
318	43	255	54.360	615.849	23.556	8.883	6.164	120.414
319	51	255	84.127	615.049	27.556	10.205	6.363	86.874
320	33	255	120.379	615.167	23.556	8.126	5.171	77.162
321	57	255	534.921	613.763	38.870	9.531	7.615	154.198
322	47	255	179.734	611.926	24.142	8.155	7.338	83.440
323	2	255	493.000	614.500	4.243	2.257	1.128	0.000
324	33	255	496.318	610.227	24.142	7.587	5.538	57.987
325	33	255	669.045	611.076	34.042	7.001	6.002	121.380
326	11	255	692.864	612.591	11.071	4.384	3.195	15.071
327	2	255	696.500	610.000	4.828	2.257	1.128	90.000
328	63	255	367.246	603.976	28.627	9.700	8.269	128.361
329	35	255	1110.643	604.443	28.385	7.547	5.905	26.395
330	52	255	136.731	601.115	31.799	9.709	6.819	40.681
331	43	255	31.733	601.919	28.385	9.557	5.729	25.348
332	48	255	104.062	600.271	27.213	9.446	6.470	65.146
333	3	255	782.500	604.500	6.243	3.385	1.128	0.000
334	1	255	688.500	603.500	2.828	1.128	1.128	0.000
335	1	255	542.500	602.500	2.828	1.128	1.128	0.000
336	32	255	684.750	599.594	26.385	8.206	4.965	173.547
337	50	255	781.820	598.880	32.627	9.252	6.881	3.893
338	41	255	448.256	597.988	30.385	9.376	5.567	45.401
339	48	255	546.312	597.625	34.627	10.988	5.562	10.918
340	60	255	464.050	596.117	46.870	10.195	7.494	90.905
341	90	255	352.667	593.900	34.870	11.159	10.269	117.914
342	27	255	427.426	596.833	18.142	6.358	5.407	125.885
343	25	255	573.300	596.980	20.142	6.390	4.981	144.870
344	44	255	945.000	594.773	40.042	9.229	6.070	148.886
345	39	255	1175.218	593.038	37.799	8.140	6.100	170.610
346	1	255	490.500	597.500	2.828	1.128	1.128	0.000
347	48	255	531.771	593.417	33.213	9.497	6.435	34.077
348	19	255	619.605	595.079	15.071	5.550	4.359	167.179
349	2	255	656.500	596.000	4.828	2.257	1.128	90.000
350	42	255	890.810	592.119	31.799	9.660	5.536	16.029
351	32	255	491.406	591.875	24.142	8.019	5.081	26.952
352	80	255	586.600	588.950	32.042	11.784	8.644	145.419
353	34	255	660.441	591.235	22.971	7.279	5.947	173.504
354	17	255	756.618	589.912	13.899	5.229	4.140	164.828
355	25	255	850.580	589.180	20.142	6.512	4.888	79.570
356	42	255	344.071	586.000	32.627	9.098	5.878	133.052
357	19	255	926.763	586.763	16.142	5.498	4.400	104.463
358	34	255	247.294	582.794	24.971	9.238	4.686	74.777
359	23	255	990.370	584.239	17.314	6.825	4.291	35.341
360	32	255	619.656	582.938	27.799	8.390	4.856	9.395
361	23	255	690.326	582.152	20.142	6.353	4.610	57.732
362	42	255	877.238	579.167	32.385	9.102	5.875	151.830
363	66	255	1052.924	577.742	29.556	10.065	8.349	106.291
364	62	255	99.306	576.161	28.971	10.074	7.836	74.496
365	75	255	36.300	573.887	31.213	11.169	8.550	41.954
366	4	255	426.000	577.500	7.657	3.216	1.583	121.717
367	24	255	663.875	575.042	22.142	6.215	4.916	151.705
368	1	255	421.500	577.500	2.828	1.128	1.128	0.000
369	36	255	704.528	573.306	26.971	8.076	5.676	41.844
370	33	255	1023.379	572.439	28.627	7.626	5.510	167.453
371	29	255	423.948	572.362	20.142	6.293	5.867	160.148
372	38	255	530.237	570.132	22.142	7.944	6.091	89.715
373	29	255	49.121	569.776	20.142	6.506	5.675	27.761
374	29	255	637.155	568.121	22.142	7.533	4.901	39.328
375	21	255	1202.929	568.214	18.728	5.924	4.513	6.926
376	43	255	1220.663	566.733	22.971	8.514	6.430	58.115
377	58	255	353.724	565.362	38.870	9.868	7.484	20.489
378	31	255	1079.468	565.565	37.698	8.066	4.893	49.991
379	69	255	210.949	564.065	31.213	11.555	7.603	125.548
380	34	255	768.824	565.853	21.314	7.088	6.108	39.316
381	51	255	387.775	561.637	37.698	8.977	7.233	178.192
382	27	255	883.981	559.130	21.556	7.516	4.574	164.770
383	47	255	138.649	556.691	30.385	9.087	6.586	75.402
384	24	255	437.292	558.625	18.142	6.093	5.015	178.889
385	69	255	979.051	555.123	34.870	10.381	8.463	19.981
386	5	255	1223.500	555.500	10.828	5.642	1.128	90.000
387	2	255	30.500	556.000	4.828	2.257	1.128	90.000
388	2	255	1069.000	556.500	4.243	2.257	1.128	0.000
389	19	255	1176.711	554.868	18.971	5.407	4.475	160.097
390	44	255	378.386	551.977	32.627	10.109	5.542	41.549
391	18	255	1069.444	552.833	17.314	6.802	3.369	28.587
392	1	255	27.500	554.500	2.828	1.128	1.128	0.000
393	1	255	1206.500	554.500	2.828	1.128	1.128	0.000
394	45	255	1209.433	550.500	38.870	8.732	6.562	43.064
395	43	255	32.709	550.477	26.385	8.645	6.333	175.021
396	1	255	783.500	553.500	2.828	1.128	1.128	0.000
397	65	255	76.192	546.362	30.042	11.260	7.350	122.298
398	44	255	760.023	548.750	25.799	8.860	6.323	177.138
399	2	255	777.500	551.000	4.828	2.257	1.128	90.000
400	25	255	782.420	548.580	20.142	6.485	4.909	39.403
401	33	255	1036.348	548.470	26.385	7.388	5.687	62.557
402	38	255	50.184	547.921	26.971	8.802	5.497	0.023
403	33	255	306.045	546.136	23.799	8.079	5.201	65.826
404	38	255	946.579	546.368	31.456	8.499	5.693	164.008
405	2	255	1032.000	549.500	4.243	2.257	1.128	0.000
406	22	255	466.727	546.409	18.142	6.248	4.483	27.496
407	27	255	599.315	546.463	18.728	6.161	5.580	132.945
408	38	255	959.737	544.184	24.385	7.819	6.188	63.863
409	13	255	142.808	544.962	15.556	5.003	3.309	12.491
410	29	255	290.638	543.845	24.385	8.047	4.588	33.868
411	34	255	500.588	542.853	23.556	7.611	5.688	57.064
412	31	255	799.565	542.435	23.556	8.283	4.765	81.958
413	29	255	815.466	542.431	23.556	7.872	4.691	93.405
414	63	255	554.833	540.516	29.799	11.315	7.089	31.444
415	35	255	583.786	540.614	32.627	7.536	5.914	148.075
416	7	255	596.071	542.357	14.485	4.797	1.858	143.037
417	40	255	145.100	538.750	22.728	8.335	6.110	82.973
418	46	255	200.130	538.652	27.799	9.642	6.075	43.351
419	24	255	453.125	540.333	18.728	6.462	4.729	12.339
420	37	255	640.473	538.554	24.385	8.274	5.694	36.880
421	1	255	875.500	542.500	2.828	1.128	1.128	0.000
422	47	255	720.074	537.798	42.627	9.470	6.319	17.817
423	1	255	920.500	541.500	2.828	1.128	1.128	0.000
424	1	255	716.500	540.500	2.828	1.128	1.128	0.000
425	49	255	879.643	536.520	35.456	9.267	6.732	12.189
426	27	255	923.796	538.315	20.971	6.997	4.913	179.348
427	27	255	295.463	536.241	24.971	7.243	4.746	85.801
428	3	255	916.833	537.833	5.657	2.365	1.615	135.000
429	39	255	1064.474	534.808	29.213	8.611	5.766	25.491
430	2	255	727.500	537.000	4.828	2.257	1.128	90.000
431	43	255	442.523	532.384	30.042	9.556	5.729	75.130
432	26	255	765.115	534.154	18.971	6.029	5.491	27.684
433	36	255	47.833	531.361	24.971	8.100	5.659	45.105
434	33	255	1033.773	532.227	30.042	8.160	5.149	23.038
435	52	255	1192.750	531.462	43.456	9.341	7.088	40.325
436	46	255	3.761	530.326	29.213	8.414	6.961	133.588
437	73	255	80.253	527.212	54.527	12.096	7.684	95.681
438	2	255	403.000	534.500	4.243	2.257	1.128	0.000
439	18	255	525.944	532.389	15.314	5.105	4.489	120.911
440	33	255	153.288	530.106	24.971	7.867	5.341	26.340
441	31	255	100.823	528.919	20.971	7.475	5.281	97.358
442	44	255	404.136	529.045	32.042	8.422	6.652	163.405
443	23	255	484.022	530.283	18.728	6.845	4.279	10.724
444	44	255	454.159	527.591	34.042	10.028	5.586	49.294
445	19	255	1221.605	527.816	23.799	5.551	4.358	116.691
446	28	255	66.429	527.036	20.142	7.016	5.082	11.963
447	24	255	617.125	527.250	19.314	6.537	4.675	32.176
448	30	255	328.500	525.167	27.799	6.894	5.541	2.521
449	2	255	448.500	527.000	4.828	2.257	1.128	90.000
450	47	255	876.160	522.819	43.698	10.123	5.911	21.514
451	33	255	937.258	523.803	28.385	7.062	5.949	176.046
452	30	255	988.233	524.500	28.627	7.763	4.921	65.396
453	62	255	267.403	520.145	47.698	9.945	7.938	24.244
454	30	255	536.367	522.900	24.971	8.977	4.255	44.949
455	50	255	123.680	519.400	38.284	9.111	6.987	42.806
456	2	255	982.500	524.000	4.828	2.257	1.128	90.000
457	45	255	15.989	520.233	25.556	9.687	5.915	34.562
458	27	255	563.500	520.870	19.314	6.261	5.491	119.675
459	27	255	335.241	517.722	18.728	6.210	5.536	26.262
460	26	255	547.500	517.654	22.142	7.748	4.273	32.162
461	37	255	1012.068	517.932	25.799	8.871	5.311	16.444
462	24	255	1164.500	518.333	19.556	6.158	4.962	28.826
463	2	255	627.000	519.500	4.243	2.257	1.128	0.000
464	14	255	1154.643	515.857	15.899	5.875	3.034	38.127
465	51	255	630.637	513.676	37.113	10.479	6.197	175.773
466	53	255	461.991	510.217	48.284	8.950	7.540	121.956
467	4	255	894.000	514.500	8.243	4.514	1.128	0.000
468	45	255	128.500	509.944	39.941	8.351	6.861	23.653
469	57	255	184.044	507.675	41.698	9.573	7.581	119.704
470	26	255	893.923	508.923	35.213	8.380	3.950	170.787
471	28	255	950.929	509.143	19.556	6.379	5.589	18.115
472	39	255	480.603	506.885	26.627	8.625	5.757	91.721
473	26	255	533.192	506.923	18.142	6.064	5.459	32.130
474	2	255	528.000	508.000	5.657	2.596	0.981	135.000
475	28	255	682.571	504.786	24.385	8.865	4.022	71.313
476	56	255	38.571	502.875	36.627	10.747	6.635	84.611
477	27	255	205.019	503.833	25.213	7.297	4.711	164.212
478	22	255	713.318	504.045	16.728	5.523	5.071	116.713
479	1	255	677.500	504.500	2.828	1.128	1.128	0.000
480	14	255	989.000	502.786	12.485	4.477	3.981	180.000
481	4	255	491.000	501.000	5.657	2.257	2.257	0.000
482	22	255	794.591	499.727	16.728	5.754	4.868	164.987
483	53	255	493.198	494.934	35.799	9.493	7.109	36.813
484	2	255	716.500	500.000	4.828	2.257	1.128	90.000
485	3	255	985.833	498.833	5.657	2.365	1.615	135.000
486	37	255	1151.014	495.905	35.213	7.647	6.160	1.817
487	53	255	122.594	494.538	26.142	9.427	7.158	74.909
488	2	255	345.000	497.500	4.243	2.257	1.128	0.000
489	40	255	349.525	493.750	22.971	7.722	6.595	45.362
490	1	255	316.500	496.500	2.828	1.128	1.128	0.000
491	42	255	730.929	493.286	36.870	8.279	6.459	134.776
492	40	255	929.125	492.875	35.698	8.915	5.712	33.667
493	38	255	1099.158	490.974	41.113	7.212	6.709	99.770
494	46	255	319.609	492.348	31.799	9.457	6.193	178.593
495	41	255	472.573	489.963	35.799	7.906	6.603	109.471
496	24	255	773.208	493.125	19.556	7.360	4.152	136.558
497	1	255	1102.500	495.500	2.828	1.128	1.128	0.000
498	5	255	343.900	493.300	7.657	3.144	2.025	108.435
499	30	255	830.067	492.200	22.728	7.910	4.829	20.795
500	1	255	1117.500	494.500	2.828	1.128	1.128	0.000
501	37	255	1117.905	488.797	26.385	8.774	5.369	7.290
502	59	255	496.025	485.008	29.799	10.498	7.156	145.787
503	17	255	1020.206	487.441	15.314	5.047	4.288	178.041
504	27	255	566.315	484.685	22.142	6.856	5.014	39.589
505	40	255	10.450	483.625	28.627	8.455	6.024	57.150
506	49	255	592.602	480.622	36.870	9.917	6.291	76.159
507	59	255	667.178	481.432	28.627	10.256	7.325	133.698
508	43	255	1198.523	481.430	36.042	9.467	5.783	12.924
509	36	255	406.194	480.917	30.385	7.085	6.469	120.964
510	42	255	419.548	478.595	34.042	8.244	6.487	79.423
511	59	255	194.788	475.246	48.284	9.221	8.147	113.855
512	13	255	69.115	477.731	12.485	4.253	3.892	59.036
513	55	255	740.227	475.555	42.284	10.761	6.508	147.711
514	27	255	930.019	477.204	26.385	9.255	3.715	159.795
515	32	255	916.844	476.031	20.728	6.823	5.971	27.056
516	39	255	1080.756	475.782	27.799	8.792	5.648	2.684
517	37	255	97.716	474.230	21.556	7.027	6.704	163.843
518	36	255	285.528	473.361	22.142	7.836	5.849	55.581
519	2	255	911.000	476.000	5.657	2.596	0.981	135.000
520	26	255	472.769	473.538	18.728	6.422	5.154	6.371
521	26	255	872.154	472.231	22.142	6.588	5.025	130.732
522	46	255	703.391	468.174	36.870	8.045	7.280	69.616
523	1	255	298.500	472.500	2.828	1.128	1.128	0.000
524	2	255	770.000	472.500	4.243	2.257	1.128	0.000
525	53	255	768.123	466.708	40.284	9.547	7.068	10.784
526	11	255	938.500	470.045	14.728	4.025	3.480	164.285
527	54	255	299.111	466.778	34.627	9.946	6.913	6.834
528	36	255	849.000	467.833	22.485	7.256	6.317	49.731
529	57	255	610.816	462.342	35.456	10.753	6.750	75.656
530	72	255	652.972	463.111	31.213	10.416	8.801	21.875
531	39	255	712.321	463.654	22.971	7.854	6.323	56.521
532	21	255	107.262	464.214	25.799	6.670	4.009	146.078
533	24	255	554.208	464.458	19.556	6.635	4.605	6.959
534	63	255	672.278	461.849	28.971	10.536	7.614	104.669
535	2	255	939.500	466.000	4.828	2.257	1.128	90.000
536	31	255	67.532	460.823	21.556	7.329	5.386	27.573
537	35	255	465.443	458.671	28.385	7.852	5.676	22.939
538	1	255	811.500	462.500	2.828	1.128	1.128	0.000
539	45	255	881.300	457.789	38.284	8.140	7.039	28.217
540	2	255	1142.500	462.000	4.828	2.257	1.128	90.000
541	52	255	810.942	455.288	32.971	10.349	6.398	137.592
542	40	255	1139.275	455.850	30.385	8.662	5.880	16.663
543	37	255	244.635	455.392	27.213	7.660	6.150	56.291
544	62	255	271.629	454.661	38.627	10.010	7.887	54.258
545	44	255	760.500	454.750	34.042	8.312	6.740	96.833
546	85	255	979.276	453.006	33.213	10.969	9.866	64.098
547	1	255	240.500	457.500	2.828	1.128	1.128	0.000
548	50	255	659.680	453.880	36.870	9.920	6.418	59.679
549	39	255	1117.731	452.628	33.456	9.469	5.244	50.109
550	45	255	85.789	451.344	32.627	8.304	6.900	41.309
551	43	255	284.733	450.616	29.799	9.406	5.821	63.433
552	3	255	654.500	453.500	6.828	3.385	1.128	90.000
553	60	255	838.283	450.183	27.556	9.218	8.287	175.254
554	2	255	279.500	451.000	4.828	2.257	1.128	90.000
555	2	255	1111.500	451.000	4.828	2.257	1.128	90.000
556	7	255	193.500	449.643	10.485	3.752	2.375	0.000
557	35	255	257.900	446.700	22.385	7.626	5.843	82.427
558	35	255	1209.157	447.357	27.799	8.157	5.463	46.304
559	25	255	502.340	446.540	20.142	6.981	4.560	80.154
560	60	255	195.350	444.133	38.042	10.591	7.213	2.917
561	5	255	674.100	444.300	10.485	4.072	1.563	58.283
562	30	255	678.100	441.933	22.142	7.556	5.055	54.778
563	1	255	791.500	445.500	2.828	1.128	1.128	0.000
564	44	255	793.250	440.545	33.213	8.746	6.405	39.403
565	74	255	42.811	439.203	41.113	9.993	9.428	106.248
566	41	255	929.646	441.061	28.627	10.127	5.155	159.866
567	1	255	934.500	444.500	2.828	1.128	1.128	0.000
568	29	255	91.431	439.534	22.971	7.274	5.076	106.489
569	38	255	116.684	436.368	24.971	7.300	6.628	131.892
570	19	255	606.237	436.132	15.314	5.184	4.666	162.504
571	17	255	622.382	433.912	17.314	5.443	3.977	9.922
572	56	255	731.304	427.429	45.355	8.825	8.080	169.132
573	1	255	1004.500	430.500	2.828	1.128	1.128	0.000
574	23	255	688.891	426.630	23.556	7.467	3.922	76.014
575	28	255	717.036	425.071	26.385	7.510	4.747	33.923
576	35	255	1002.557	425.129	27.213	6.916	6.443	153.910
577	55	255	61.573	423.555	28.971	10.467	6.690	90.305
578	32	255	420.625	425.156	28.385	7.258	5.613	162.986
579	75	255	5.967	422.847	32.385	10.638	8.977	95.980
580	26	255	192.192	425.615	17.899	6.163	5.371	7.244
581	26	255	902.808	424.885	18.728	6.425	5.153	34.259
582	57	255	211.412	419.658	38.284	10.421	6.965	67.307
583	3	255	208.167	424.500	7.657	3.213	1.189	61.845
584	30	255	638.200	420.767	27.799	7.005	5.453	49.592
585	43	255	1021.709	419.244	33.213	7.805	7.014	70.812
586	56	255	178.018	415.911	39.113	10.662	6.688	83.313
587	43	255	396.151	415.523	26.971	9.931	5.513	70.205
588	40	255	503.600	416.575	30.627	9.191	5.541	90.398
589	16	255	911.500	417.688	15.899	6.336	3.215	26.521
590	16	255	1204.688	418.312	13.899	5.174	3.938	162.746
591	4	255	50.500	418.000	7.071	3.216	1.583	31.717
592	75	255	369.073	412.967	47.355	10.567	9.037	124.487
593	43	255	54.663	413.988	32.042	9.475	5.778	177.534
594	25	255	235.740	414.660	18.142	5.905	5.391	102.005
595	49	255	629.031	413.684	24.385	8.768	7.116	137.403
596	38	255	133.053	412.474	24.385	8.742	5.535	37.947
597	37	255	191.284	411.878	24.385	7.404	6.363	134.655
598	28	255	328.821	412.321	26.385	8.869	4.020	170.216
599	43	255	551.105	411.570	23.556	8.097	6.762	164.905
600	40	255	609.700	411.500	29.213	8.715	5.844	179.094
601	18	255	1001.944	411.889	16.728	5.600	4.093	81.024
602	31	255	266.403	409.984	25.799	7.179	5.498	13.495
603	2	255	499.000	413.500	4.243	2.257	1.128	0.000
604	50	255	8.600	406.040	34.284	8.827	7.213	165.415
605	40	255	402.325	407.375	25.799	7.908	6.440	18.704
606	44	255	443.659	405.341	26.385	8.666	6.465	49.448
607	33	255	1166.500	404.773	49.113	6.854	6.131	147.665
608	4	255	947.750	407.000	10.485	4.428	1.150	126.091
609	40	255	563.275	404.250	29.799	8.159	6.242	109.024
610	37	255	618.959	404.311	33.213	7.871	5.985	98.611
611	45	255	945.656	401.522	34.971	9.835	5.826	146.401
612	2233	255	1078.421	358.604	322.877	67.720	41.984	98.188
613	2	255	635.500	406.000	4.828	2.257	1.128	90.000
614	60	255	33.517	400.617	33.213	10.189	7.498	60.298
615	40	255	639.000	402.125	27.213	8.645	5.892	16.285
616	1	255	30.500	404.500	2.828	1.128	1.128	0.000
617	2	255	1168.000	404.500	4.243	2.257	1.128	0.000
618	34	255	396.235	399.265	32.870	8.429	5.136	135.906
619	28	255	898.321	400.714	21.556	7.070	5.043	66.028
620	45	255	1193.033	399.322	31.213	9.665	5.928	167.251
621	1	255	615.500	401.500	2.828	1.128	1.128	0.000
622	43	255	925.593	397.779	40.284	9.608	5.698	124.046
623	47	255	1146.011	397.777	35.456	9.578	6.248	155.872
624	24	255	190.750	397.625	20.142	7.305	4.183	79.419
625	52	255	245.519	395.481	26.627	10.128	6.537	129.513
626	41	255	522.207	395.768	29.213	8.252	6.326	69.198
627	1	255	893.500	398.500	2.828	1.128	1.128	0.000
628	44	255	1204.795	395.045	29.213	9.079	6.170	84.839
629	40	255	791.875	393.225	28.385	8.166	6.237	77.670
630	2	255	516.500	394.000	4.828	2.257	1.128	90.000
631	11	255	205.318	390.773	11.899	4.009	3.494	129.690
632	31	255	432.855	387.081	24.971	7.250	5.444	70.157
633	15	255	489.233	388.500	16.142	5.371	3.556	68.718
634	37	255	550.743	386.986	27.213	7.999	5.890	31.735
635	22	255	851.409	389.409	15.899	5.554	5.043	45.000
636	19	255	975.395	389.921	15.071	5.550	4.359	167.179
637	27	255	293.759	388.278	21.314	8.095	4.247	27.678
638	40	255	1001.500	386.275	32.627	8.809	5.781	126.109
639	65	255	144.638	385.485	29.213	10.827	7.644	139.126
640	2	255	737.000	388.500	4.243	2.257	1.128	0.000
641	1	255	739.500	388.500	2.828	1.128	1.128	0.000
642	2	255	1006.500	388.000	4.828	2.257	1.128	90.000
643	32	255	740.781	384.469	27.213	7.684	5.303	27.594
644	1	255	918.500	387.500	2.828	1.128	1.128	0.000
645	30	255	1100.433	384.767	30.971	13.012	2.936	13.924
646	14	255	921.643	383.929	13.314	5.794	3.077	150.965
647	15	255	163.433	382.233	14.728	5.679	3.363	52.808
648	28	255	900.964	382.107	23.213	8.999	3.962	154.660
649	31	255	359.145	380.823	25.799	8.520	4.633	172.472
650	23	255	579.022	381.674	17.556	6.072	4.823	20.036
651	20	255	723.750	380.450	15.314	5.713	4.457	47.080
652	37	255	930.878	378.635	28.627	8.628	5.460	74.661
653	46	255	440.283	377.435	31.213	9.249	6.333	53.523
654	33	255	472.742	378.439	27.213	8.288	5.070	123.159
655	57	255	662.623	377.693	27.556	9.369	7.746	95.921
656	173	255	1108.962	376.465	66.284	23.413	9.408	168.644
657	3	255	435.833	380.167	5.657	2.365	1.615	45.000
658	21	255	695.929	378.452	18.728	5.878	4.549	97.277
659	40	255	761.900	376.625	30.627	8.156	6.244	24.959
660	99	255	387.096	374.157	37.456	12.337	10.218	30.334
661	3	255	477.500	377.500	6.828	3.385	1.128	90.000
662	1	255	575.500	378.500	2.828	1.128	1.128	0.000
663	37	255	747.392	374.284	33.456	8.683	5.425	164.221
664	2	255	925.500	377.000	4.828	2.257	1.128	90.000
665	33	255	671.742	373.348	27.799	8.260	5.087	136.520
666	22	255	1204.318	375.045	17.314	6.238	4.490	160.525
667	3	255	1222.833	375.833	5.657	2.365	1.615	135.000
668	58	255	398.741	369.966	27.799	9.859	7.490	64.952
669	39	255	991.013	369.397	59.255	8.979	5.530	144.421
670	1	255	992.500	374.500	2.828	1.128	1.128	0.000
671	7	255	281.357	371.929	12.485	5.108	1.745	62.281
672	61	255	285.303	366.680	34.385	11.152	6.964	68.609
673	34	255	853.235	370.206	34.627	8.246	5.250	81.189
674	49	255	956.643	368.990	46.527	8.511	7.331	156.751
675	2	255	313.500	371.000	4.828	2.257	1.128	90.000
676	48	255	159.625	366.417	31.456	8.262	7.397	69.941
677	52	255	315.385	364.827	36.042	9.104	7.272	61.236
678	26	255	887.731	365.269	32.042	6.777	4.885	6.652
679	40	255	143.475	362.150	27.213	8.134	6.261	115.327
680	48	255	639.229	362.958	24.971	8.887	6.877	127.720
681	38	255	917.211	363.158	25.213	8.026	6.028	174.017
682	15	255	1050.567	363.500	16.485	6.511	2.933	77.871
683	26	255	328.885	362.577	18.142	5.981	5.535	149.872
684	34	255	1116.794	362.941	34.971	15.805	2.739	16.601
685	4	255	983.000	360.000	5.657	2.257	2.257	0.000
686	19	255	469.079	355.553	17.314	5.361	4.512	77.428
687	32	255	745.438	355.219	22.142	8.206	4.965	32.548
688	73	255	68.144	353.610	30.385	10.226	9.090	149.666
689	2	255	124.500	357.000	4.828	2.257	1.128	90.000
690	57	255	332.781	353.237	40.627	9.306	7.799	41.520
691	1	255	464.500	357.500	2.828	1.128	1.128	0.000
692	35	255	514.014	350.443	29.213	9.885	4.508	62.115
693	37	255	951.554	353.230	25.556	9.101	5.176	131.881
694	153	255	1106.448	348.160	52.184	16.450	11.842	110.855
695	55	255	161.409	351.682	29.799	9.885	7.084	14.077
696	48	255	734.146	352.188	25.556	8.450	7.233	106.739
697	60	255	48.317	348.550	36.627	9.764	7.824	62.930
698	29	255	123.190	352.052	20.385	7.280	5.072	34.566
699	66	255	146.591	347.318	43.941	11.085	7.581	97.328
700	1	255	156.500	354.500	2.828	1.128	1.128	0.000
701	61	255	311.631	350.352	28.385	9.288	8.362	122.564
702	13	255	1015.962	351.654	12.485	4.359	3.797	166.224
703	4	255	141.000	351.500	7.657	3.216	1.583	58.283
704	1	255	961.500	352.500	2.828	1.128	1.128	0.000
705	32	255	965.844	349.312	22.385	7.302	5.580	25.742
706	1	255	294.500	351.500	2.828	1.128	1.128	0.000
707	43	255	1004.477	348.081	29.213	8.994	6.087	17.462
708	1	255	997.500	350.500	2.828	1.128	1.128	0.000
709	1	255	1098.500	349.500	2.828	1.128	1.128	0.000
710	74	255	18.446	342.662	32.627	11.906	7.913	111.553
711	2	255	1015.500	348.000	4.828	2.257	1.128	90.000
712	29	255	621.328	341.293	24.728	8.100	4.558	35.407
713	49	255	759.684	341.194	38.627	9.143	6.824	94.406
714	31	255	424.726	338.532	24.385	8.561	4.611	85.825
715	33	255	1152.258	336.833	22.971	6.683	6.287	38.235
716	2	255	952.500	338.000	4.828	2.257	1.128	90.000
717	67	255	117.709	333.366	29.799	10.109	8.439	153.973
718	1	255	420.500	337.500	2.828	1.128	1.128	0.000
719	2	255	954.500	337.000	4.828	2.257	1.128	90.000
720	25	255	277.820	333.940	19.556	6.665	4.776	68.475
721	12	255	884.083	334.583	14.485	4.461	3.425	19.427
722	38	255	494.105	332.132	28.385	7.569	6.392	179.318
723	22	255	938.364	333.500	16.728	5.585	5.016	0.000
724	28	255	773.607	331.786	20.142	6.754	5.279	152.191
725	47	255	181.968	328.777	24.142	8.375	7.145	4.952
726	2	255	933.500	331.000	4.828	2.257	1.128	90.000
727	8	255	1194.375	328.875	14.485	4.992	2.040	123.956
728	23	255	369.935	328.196	18.142	7.041	4.159	47.973
729	41	255	723.378	326.939	29.799	7.635	6.837	43.093
730	2	255	880.500	330.000	4.828	2.257	1.128	90.000
731	29	255	211.983	326.569	20.971	7.227	5.109	66.913
732	23	255	653.978	325.848	20.142	7.099	4.125	48.652
733	49	255	149.480	323.684	26.385	8.936	6.982	145.625
734	33	255	446.076	324.682	24.971	8.634	4.867	177.548
735	17	255	1221.853	323.029	14.485	4.954	4.369	168.690
736	37	255	933.635	318.500	52.184	8.480	5.555	143.654
737	50	255	704.080	319.220	24.971	9.083	7.009	143.239
738	1	255	720.500	322.500	2.828	1.128	1.128	0.000
739	422	255	1082.424	314.483	81.314	28.225	19.037	179.583
740	45	255	303.233	317.811	33.456	8.589	6.671	28.755
741	1	255	938.500	321.500	2.828	1.128	1.128	0.000
742	60	255	954.200	315.283	44.527	9.330	8.188	125.108
743	46	255	800.435	314.217	47.012	10.564	5.544	129.739
744	48	255	107.625	313.500	29.213	8.975	6.810	88.477
745	27	255	478.093	313.722	19.556	6.058	5.675	86.887
746	17	255	607.206	313.794	14.485	5.482	3.948	116.278
747	1	255	928.500	312.500	2.828	1.128	1.128	0.000
748	1	255	630.500	311.500	2.828	1.128	1.128	0.000
749	25	255	924.260	309.060	20.385	6.168	5.161	162.740
750	2	255	604.500	310.000	4.828	2.257	1.128	90.000
751	30	255	631.000	307.000	22.971	7.926	4.819	41.645
752	40	255	725.475	307.575	22.142	7.927	6.425	40.695
753	1	255	930.500	309.500	2.828	1.128	1.128	0.000
754	42	255	1146.714	306.524	35.456	8.290	6.451	37.513
755	1	255	607.500	308.500	2.828	1.128	1.128	0.000
756	2	255	149.000	307.500	4.243	2.257	1.128	0.000
757	39	255	152.833	303.192	27.213	8.028	6.185	65.778
758	2	255	562.000	307.500	4.243	2.257	1.128	0.000
759	3	255	1140.167	306.833	5.657	2.365	1.615	45.000
760	2	255	355.000	306.500	4.243	2.257	1.128	0.000
761	50	255	563.240	300.680	35.556	9.263	6.873	41.637
762	1	255	560.500	305.500	2.828	1.128	1.128	0.000
763	44	255	354.386	301.659	28.042	8.801	6.366	13.796
764	2442	255	1081.951	255.348	251.698	111.762	27.820	90.724
765	15	255	1132.567	300.233	13.314	5.235	3.648	152.451
766	35	255	743.214	295.157	36.627	7.040	6.330	79.065
767	16	255	959.438	298.062	18.728	7.862	2.591	14.967
768	23	255	315.370	294.543	26.971	6.860	4.269	25.296
769	20	255	205.400	294.000	20.728	8.304	3.067	27.167
770	2	255	807.000	296.500	4.243	2.257	1.128	0.000
771	4	255	811.000	295.750	9.899	4.428	1.150	143.909
772	26	255	1010.115	293.615	22.971	6.522	5.075	134.575
773	2	255	944.000	295.000	5.657	2.596	0.981	45.000
774	1	255	949.500	295.500	2.828	1.128	1.128	0.000
775	39	255	991.090	292.192	26.385	8.812	5.635	111.737
776	27	255	1104.204	292.611	30.971	6.975	4.929	133.005
777	21	255	284.738	292.690	16.485	5.479	4.880	159.029
778	52	255	323.635	290.019	36.042	8.878	7.458	178.994
779	34	255	807.029	291.559	31.213	8.930	4.848	171.836
780	40	255	949.250	290.425	34.042	8.903	5.720	24.656
781	1	255	1015.500	293.500	2.828	1.128	1.128	0.000
782	42	255	336.833	288.238	30.042	10.312	5.186	68.828
783	45	255	828.500	287.033	35.456	9.455	6.060	160.831
784	45	255	977.522	288.167	32.385	8.516	6.728	71.352
785	3	255	986.500	290.500	6.828	3.385	1.128	90.000
786	1	255	833.500	290.500	2.828	1.128	1.128	0.000
787	44	255	154.886	285.477	34.870	8.377	6.687	115.473
788	34	255	60.912	285.824	20.728	6.913	6.262	63.435
789	33	255	379.864	285.530	24.971	7.645	5.496	178.031
790	24	255	933.917	283.750	22.142	6.832	4.472	143.688
791	2	255	972.000	287.500	4.243	2.257	1.128	0.000
792	2	255	988.000	287.500	4.243	2.257	1.128	0.000
793	45	255	1047.233	284.456	24.142	8.103	7.071	143.331
794	2	255	331.500	286.000	4.828	2.257	1.128	90.000
795	44	255	494.818	282.023	26.385	9.247	6.058	69.138
796	16	255	1222.000	282.938	21.314	6.132	3.322	119.431
797	2	255	216.000	284.500	4.243	2.257	1.128	0.000
798	30	255	850.433	280.967	22.142	7.612	5.018	31.539
799	37	255	925.203	280.635	34.042	8.775	5.369	116.517
800	35	255	1107.871	280.443	43.698	7.016	6.352	31.325
801	73	255	213.938	277.993	46.527	11.410	8.146	31.749
802	94	255	637.436	276.872	37.213	13.607	8.796	83.786
803	17	255	1004.029	278.794	19.556	6.285	3.444	119.448
804	26	255	407.615	277.192	18.728	7.013	4.720	90.094
805	6	255	905.500	277.167	9.899	3.145	2.429	144.217
806	21	255	615.786	274.786	16.728	5.647	4.735	63.558
807	2	255	908.500	276.000	4.828	2.257	1.128	90.000
808	26	255	326.538	271.462	20.971	7.149	4.630	70.473
809	39	255	1061.679	267.064	36.870	8.178	6.072	99.028
810	38	255	82.632	269.079	28.385	7.229	6.693	10.641
811	21	255	548.262	270.119	18.728	6.454	4.143	24.298
812	1	255	611.500	272.500	2.828	1.128	1.128	0.000
813	17	255	586.971	267.794	16.728	5.289	4.093	51.958
814	2	255	614.000	270.500	4.243	2.257	1.128	0.000
815	68	255	393.706	261.971	53.941	10.968	7.894	114.969
816	40	255	491.425	265.750	26.971	8.214	6.200	50.247
817	20	255	747.500	266.050	17.556	5.339	4.770	165.215
818	17	255	968.971	267.029	16.728	5.331	4.061	162.391
819	27	255	934.352	264.981	21.556	7.653	4.492	137.640
820	51	255	257.147	261.618	25.799	9.694	6.699	132.559
821	1	255	205.500	264.500	2.828	1.128	1.128	0.000
822	60	255	206.850	257.800	38.627	10.232	7.466	56.739
823	7	255	588.643	263.214	9.071	3.507	2.542	30.473
824	78	255	605.013	260.333	30.971	10.676	9.303	158.396
825	2	255	203.500	263.000	4.828	2.257	1.128	90.000
826	2	255	751.500	263.000	4.828	2.257	1.128	90.000
827	33	255	895.773	260.924	20.971	7.018	5.987	176.362
828	36	255	308.194	259.194	20.971	6.814	6.727	135.000
829	42	255	475.333	259.381	23.799	8.054	6.640	130.623
830	44	255	419.864	256.955	28.385	8.735	6.413	103.795
831	85	255	351.053	255.076	32.971	10.520	10.287	28.413
832	35	255	437.471	255.300	26.142	7.992	5.576	45.221
833	1	255	954.500	258.500	2.828	1.128	1.128	0.000
834	28	255	1001.464	255.071	24.385	7.069	5.043	128.160
835	26	255	1021.000	255.808	18.485	6.533	5.067	0.000
836	42	255	695.119	253.524	32.042	10.534	5.077	170.758
837	26	255	952.000	253.808	20.142	6.745	4.908	28.387
838	22	255	895.318	252.227	17.314	6.099	4.593	33.894
839	55	255	914.882	249.191	41.698	8.792	7.965	27.450
840	37	255	215.176	250.878	26.971	7.536	6.252	135.823
841	26	255	1112.962	249.346	23.799	6.778	4.884	72.584
842	38	255	987.684	248.263	32.385	7.789	6.212	150.349
843	70	255	1127.071	246.757	30.385	9.979	8.932	157.316
844	2	255	322.000	247.000	5.657	2.596	0.981	135.000
845	29	255	447.879	244.017	25.799	7.594	4.863	28.202
846	1	255	1210.500	247.500	2.828	1.128	1.128	0.000
847	18	255	515.278	243.944	16.142	5.630	4.071	53.449
848	43	255	743.872	243.430	25.556	8.133	6.732	16.082
849	8	255	972.000	246.000	9.657	4.514	2.257	0.000
850	69	255	137.486	240.080	31.213	11.404	7.704	115.961
851	1	255	317.500	245.500	2.828	1.128	1.128	0.000
852	2	255	406.000	245.500	4.243	2.257	1.128	0.000
853	71	255	808.514	241.063	29.799	10.356	8.730	123.023
854	40	255	322.750	240.500	26.385	7.404	6.878	0.000
855	26	255	408.038	241.731	28.385	9.094	3.640	3.170
856	24	255	1212.875	241.833	19.556	5.973	5.116	11.387
857	5	255	757.700	241.300	10.485	4.521	1.408	121.121
858	2	255	973.000	242.500	4.243	2.257	1.128	0.000
859	63	255	461.500	237.548	43.113	11.251	7.129	153.680
860	1	255	752.500	241.500	2.828	1.128	1.128	0.000
861	43	255	781.058	237.919	31.799	9.834	5.567	39.223
862	41	255	37.183	235.988	29.213	8.614	6.060	43.801
863	5	255	180.100	239.300	7.657	3.144	2.025	71.565
864	41	255	183.744	234.963	33.456	8.536	6.115	60.136
865	26	255	224.423	237.115	21.556	7.607	4.352	71.968
866	33	255	545.773	237.833	22.971	6.581	6.384	131.260
867	1	255	483.500	239.500	2.828	1.128	1.128	0.000
868	2	255	775.000	239.000	5.657	2.596	0.981	45.000
869	1	255	597.500	238.500	2.828	1.128	1.128	0.000
870	3	255	685.833	237.500	7.657	3.213	1.189	61.845
871	1	255	741.500	238.500	2.828	1.128	1.128	0.000
872	41	255	598.207	233.841	26.385	8.749	5.967	141.737
873	43	255	755.802	234.802	23.556	8.111	6.750	27.628
874	3	255	743.500	235.833	7.071	3.213	1.189	151.845
875	36	255	688.389	232.083	22.142	7.324	6.259	140.770
876	30	255	981.033	230.967	40.870	7.796	4.900	123.097
877	32	255	274.469	228.625	27.213	8.334	4.889	37.768
878	38	255	284.000	227.132	30.627	8.446	5.729	72.251
879	45	255	400.078	225.944	23.799	8.736	6.559	144.075
880	24	255	727.500	227.708	18.142	6.437	4.748	178.096
881	16	255	737.438	228.000	14.728	5.290	3.851	174.322
882	22	255	1111.500	227.091	22.385	6.165	4.543	120.002
883	37	255	375.122	224.608	28.042	8.645	5.449	88.809
884	78	255	472.474	223.692	31.799	10.830	9.171	112.384
885	4	255	1181.000	227.500	7.657	3.216	1.583	121.717
886	34	255	154.029	224.647	22.971	8.135	5.321	22.615
887	24	255	1185.875	225.958	17.899	6.480	4.716	9.097
888	35	255	231.729	223.329	24.385	8.240	5.408	77.428
889	40	255	424.075	222.100	36.627	8.110	6.280	113.275
890	21	255	248.167	223.643	20.142	6.217	4.301	25.030
891	56	255	18.000	221.000	26.142	9.049	7.880	45.002
892	42	255	294.857	220.667	25.556	9.122	5.862	87.757
893	23	255	808.196	221.761	25.213	5.911	4.954	111.335
894	2	255	253.000	223.500	4.243	2.257	1.128	0.000
895	67	255	87.918	217.918	30.627	10.769	7.921	124.165
896	36	255	163.389	217.444	21.556	7.147	6.413	98.048
897	36	255	193.111	217.167	24.385	7.682	5.967	91.660
898	3	255	251.500	220.500	6.243	3.385	1.128	0.000
899	35	255	565.500	218.043	24.971	8.060	5.529	179.344
900	1	255	570.500	220.500	2.828	1.128	1.128	0.000
901	26	255	1148.154	217.423	25.556	6.818	4.855	128.810
902	2	255	659.000	219.000	5.657	2.596	0.981	45.000
903	51	255	662.500	214.029	36.284	9.372	6.928	39.398
904	28	255	946.821	215.607	19.556	6.737	5.291	43.725
905	21	255	1011.167	214.643	28.042	5.610	4.766	148.391
906	2	255	1143.000	217.000	5.657	2.596	0.981	45.000
907	71	255	135.613	211.373	45.941	9.886	9.145	179.305
908	16	255	750.500	212.812	15.314	5.553	3.669	19.745
909	47	255	824.415	211.309	34.385	10.004	5.982	165.226
910	1	255	830.500	214.500	2.828	1.128	1.128	0.000
911	1	255	1144.500	213.500	2.828	1.128	1.128	0.000
912	40	255	162.500	207.925	38.284	8.018	6.352	61.628
913	26	255	439.654	209.462	23.556	8.295	3.991	148.426
914	36	255	52.778	207.389	24.971	8.801	5.208	46.414
915	36	255	717.611	209.139	22.728	7.674	5.973	168.806
916	5	255	935.500	210.500	8.485	3.732	1.706	31.717
917	23	255	285.413	206.978	20.142	6.526	4.488	115.761
918	63	255	383.913	205.643	29.213	10.527	7.620	133.856
919	28	255	471.893	207.143	20.971	6.509	5.477	77.810
920	18	255	937.722	206.056	26.385	6.516	3.517	10.061
921	45	255	66.033	204.856	29.799	8.343	6.868	5.170
922	35	255	408.214	203.957	29.213	7.407	6.016	4.943
923	69	255	224.486	201.935	29.213	9.965	8.816	127.631
924	46	255	1052.717	203.043	34.042	8.582	6.825	137.534
925	30	255	367.867	202.033	26.142	7.153	5.340	155.890
926	2	255	448.500	205.000	4.828	2.257	1.128	90.000
927	31	255	550.661	202.629	20.385	6.784	5.818	138.058
928	14	255	1065.714	203.500	16.728	5.713	3.120	149.661
929	39	255	193.628	200.526	22.971	8.021	6.191	159.067
930	1673	255	1089.159	173.389	191.497	67.573	31.523	98.126
931	35	255	905.186	197.757	26.971	8.655	5.149	71.870
932	4	255	1061.750	200.250	7.657	3.192	1.596	108.435
933	51	255	284.755	195.167	40.870	9.597	6.766	2.974
934	40	255	841.450	194.875	34.042	8.837	5.763	104.726
935	2	255	1066.000	198.500	4.243	2.257	1.128	0.000
936	53	255	1119.387	193.160	36.870	8.588	7.858	179.958
937	50	255	233.200	194.000	24.971	8.799	7.235	130.681
938	41	255	488.524	192.720	30.385	9.843	5.304	37.341
939	1	255	1122.500	197.500	2.828	1.128	1.128	0.000
940	27	255	147.685	191.537	24.971	7.447	4.616	94.049
941	1	255	899.500	195.500	2.828	1.128	1.128	0.000
942	25	255	446.180	190.700	22.385	6.510	4.889	23.457
943	43	255	76.384	188.895	23.799	7.696	7.114	85.296
944	48	255	635.500	188.750	24.142	8.281	7.380	90.000
945	21	255	659.881	190.452	16.142	5.832	4.585	35.152
946	4	255	1011.250	191.750	7.657	3.192	1.596	161.565
947	3	255	28.500	191.500	6.243	3.385	1.128	0.000
948	55	255	28.409	186.027	34.627	10.675	6.560	32.853
949	31	255	176.855	188.274	30.042	7.457	5.293	147.017
950	30	255	1010.200	187.767	34.042	8.201	4.657	165.544
951	37	255	929.311	184.797	30.971	8.040	5.859	10.482
952	22	255	988.636	184.909	20.728	7.663	3.656	73.241
953	21	255	195.500	183.738	19.556	6.966	3.838	88.850
954	16	255	707.875	183.188	14.728	5.028	4.051	44.082
955	30	255	800.533	182.767	24.971	7.456	5.123	30.450
956	5	255	1.500	182.500	8.485	3.732	1.706	31.717
957	4	255	191.000	182.250	8.485	2.887	1.764	75.128
958	72	255	218.750	179.819	30.385	10.963	8.362	179.813
959	29	255	1043.603	180.052	24.728	7.439	4.964	157.563
960	27	255	879.722	177.870	26.385	6.317	5.442	150.588
961	27	255	915.278	178.315	20.728	6.719	5.116	138.613
962	34	255	974.618	177.853	20.971	8.047	5.380	155.200
963	1	255	995.500	179.500	2.828	1.128	1.128	0.000
964	33	255	994.318	175.106	24.385	7.816	5.376	151.185
965	48	255	149.542	172.104	25.556	8.819	6.930	77.892
966	28	255	615.571	172.964	23.556	7.495	4.757	9.158
967	66	255	764.803	169.864	30.627	11.465	7.330	139.781
968	31	255	1039.306	171.532	20.971	8.273	4.771	130.797
969	41	255	46.280	170.890	30.385	9.020	5.787	164.481
970	22	255	820.091	168.773	18.971	6.630	4.225	80.853
971	28	255	20.893	165.964	20.142	7.409	4.812	50.046
972	53	255	581.877	165.387	26.971	9.799	6.886	89.908
973	22	255	792.727	165.955	18.142	6.724	4.166	39.267
974	36	255	120.972	163.167	23.556	7.782	5.890	124.607
975	41	255	985.646	163.646	22.728	7.248	7.202	134.970
976	34	255	858.353	162.882	20.728	6.870	6.301	176.182
977	25	255	316.380	161.940	19.314	6.000	5.305	92.872
978	23	255	659.891	162.370	21.556	6.300	4.648	153.169
979	55	255	933.573	156.136	45.698	8.502	8.236	14.943
980	37	255	1016.608	156.932	34.042	9.253	5.091	7.634
981	41	255	754.378	155.207	35.213	8.853	5.897	162.710
982	2	255	1143.500	157.000	4.828	2.257	1.128	90.000
983	36	255	485.972	152.944	30.385	8.276	5.538	71.677
984	57	255	107.149	150.588	28.142	11.189	6.486	90.612
985	40	255	913.375	152.350	36.870	8.498	5.993	140.253
986	32	255	1139.594	152.656	22.385	7.605	5.357	9.598
987	5	255	854.900	153.700	7.657	3.144	2.025	71.565
988	45	255	857.611	147.967	34.385	9.455	6.060	61.269
989	1	255	710.500	153.500	2.828	1.128	1.128	0.000
990	44	255	1048.250	147.727	37.698	8.583	6.527	22.240
991	43	255	118.802	149.453	25.213	8.767	6.245	139.041
992	2	255	1044.500	152.000	4.828	2.257	1.128	90.000
993	23	255	298.413	149.065	16.728	6.029	4.857	60.572
994	2	255	480.500	151.000	4.828	2.257	1.128	90.000
995	36	255	712.917	148.472	23.556	7.906	5.798	150.162
996	27	255	845.463	146.833	20.728	7.430	4.627	129.521
997	105	255	219.262	142.138	40.042	14.399	9.285	101.548
998	55	255	377.100	144.373	26.385	9.118	7.680	95.992
999	43	255	87.105	143.640	28.971	9.035	6.059	82.343
1000	2	255	497.000	147.000	5.657	2.596	0.981	45.000
1001	44	255	992.636	144.114	34.042	8.746	6.406	85.598
1002	53	255	402.481	142.557	25.799	8.944	7.545	83.284
1003	14	255	415.786	143.571	13.314	5.115	3.485	126.027
1004	37	255	498.176	140.824	28.728	7.387	6.377	88.723
1005	24	255	784.083	142.500	23.799	7.049	4.335	79.641
1006	25	255	1107.420	143.460	17.899	5.976	5.326	69.658
1007	41	255	198.159	140.427	23.799	8.253	6.325	94.651
1008	45	255	1011.678	139.700	28.971	8.739	6.557	63.550
1009	4	255	987.500	142.000	8.828	4.514	1.128	90.000
1010	18	255	1159.167	141.111	17.556	6.068	3.777	169.477
1011	912	255	1091.307	124.579	134.527	38.512	30.151	108.034
1012	31	255	517.242	138.371	20.142	7.253	5.442	161.203
1013	19	255	1063.711	136.816	26.142	7.536	3.210	137.919
1014	1	255	1066.500	140.500	2.828	1.128	1.128	0.000
1015	19	255	1179.289	138.658	17.556	5.823	4.154	168.524
1016	40	255	469.350	136.350	27.556	8.811	5.780	40.497
1017	2	255	1005.500	139.000	4.828	2.257	1.128	90.000
1018	27	255	1216.833	136.981	23.556	6.536	5.260	17.229
1019	26	255	658.269	136.115	22.627	7.294	4.538	156.222
1020	2	255	606.000	137.500	4.243	2.257	1.128	0.000
1021	3	255	834.500	136.500	6.828	3.385	1.128	90.000
1022	4	255	602.750	135.750	7.657	3.192	1.596	71.565
1023	52	255	940.942	131.865	36.870	9.903	6.686	126.533
1024	29	255	606.776	131.810	22.142	6.680	5.527	26.320
1025	2	255	1175.500	135.000	4.828	2.257	1.128	90.000
1026	32	255	480.375	131.531	27.213	8.178	4.982	133.431
1027	34	255	712.912	131.647	27.799	8.775	4.934	149.474
1028	23	255	529.109	129.326	30.627	6.440	4.547	52.256
1029	21	255	838.310	132.167	16.485	6.415	4.168	164.872
1030	19	255	923.079	131.342	15.899	6.118	3.954	114.459
1031	22	255	1146.591	131.682	16.728	5.906	4.743	157.294
1032	2	255	1180.000	133.500	4.243	2.257	1.128	0.000
1033	6	255	1216.667	131.500	10.485	3.718	2.055	168.760
1034	41	255	733.866	127.963	24.971	8.135	6.417	95.888
1035	45	255	428.589	127.078	35.456	8.155	7.026	80.957
1036	82	255	980.841	124.402	34.385	13.388	7.798	98.585
1037	36	255	1039.806	124.306	33.799	8.936	5.129	60.176
1038	54	255	334.222	121.648	36.284	10.113	6.798	53.806
1039	1	255	1034.500	126.500	2.828	1.128	1.128	0.000
1040	34	255	1199.529	123.971	20.728	6.871	6.300	178.368
1041	53	255	446.085	121.425	26.385	9.078	7.433	91.640
1042	34	255	878.853	120.941	25.799	8.326	5.200	84.322
1043	3	255	1033.167	123.833	5.657	2.365	1.615	45.000
1044	30	255	700.833	120.133	30.042	6.344	6.021	128.916
1045	26	255	921.269	121.192	22.971	8.088	4.093	17.433
1046	29	255	1187.224	121.603	21.556	8.766	4.212	161.755
1047	24	255	524.792	120.417	20.142	6.753	4.525	143.909
1048	31	255	58.081	117.016	20.728	6.489	6.082	97.103
1049	68	255	139.029	114.941	31.213	11.444	7.566	44.096
1050	2	255	427.000	119.000	5.657	2.596	0.981	45.000
1051	57	255	620.939	114.974	27.213	9.388	7.731	120.387
1052	28	255	647.750	115.929	22.971	8.122	4.389	105.232
1053	35	255	956.214	116.271	30.627	8.883	5.017	65.905
1054	45	255	1143.722	114.300	40.627	8.145	7.034	158.624
1055	1	255	53.500	118.500	2.828	1.128	1.128	0.000
1056	49	255	78.745	112.990	44.042	10.378	6.011	105.581
1057	50	255	462.840	111.840	37.213	10.680	5.961	57.192
1058	64	255	385.672	113.594	28.385	10.141	8.036	48.027
1059	2	255	461.000	117.000	5.657	2.596	0.981	45.000
1060	17	255	726.147	116.029	14.485	4.954	4.369	11.310
1061	31	255	1123.758	114.500	33.456	7.853	5.026	173.228
1062	2	255	425.500	116.000	4.828	2.257	1.128	90.000
1063	34	255	428.971	112.382	23.556	7.893	5.484	43.134
1064	25	255	936.340	114.020	27.799	8.413	3.784	3.228
1065	27	255	1040.389	113.389	18.728	7.867	4.370	152.976
1066	2	255	729.500	114.000	4.828	2.257	1.128	90.000
1067	2	255	644.500	113.000	4.828	2.257	1.128	90.000
1068	43	255	496.686	108.360	32.870	8.732	6.270	123.603
1069	51	255	561.931	107.735	38.042	8.757	7.415	60.183
1070	39	255	667.397	109.038	24.971	7.915	6.274	40.340
1071	80	255	859.000	106.750	31.799	10.315	9.875	63.435
1072	36	255	1178.639	105.667	39.113	8.019	5.716	63.697
1073	1	255	908.500	110.500	2.828	1.128	1.128	0.000
1074	4	255	1173.750	109.000	9.657	3.969	1.283	72.391
1075	60	255	104.333	105.567	28.971	10.938	6.984	133.583
1076	36	255	256.750	105.722	24.142	9.533	4.808	95.605
1077	2	255	906.500	109.000	4.828	2.257	1.128	90.000
1078	39	255	910.500	105.577	28.971	8.409	5.905	28.019
1079	70	255	300.386	103.700	29.799	10.471	8.512	56.809
1080	49	255	1120.500	103.765	37.698	9.695	6.435	175.146
1081	1133	255	1094.195	84.645	147.355	52.837	27.302	102.541
1082	36	255	1195.361	100.639	34.042	8.465	5.415	97.429
1083	63	255	172.230	99.230	28.627	10.766	7.451	143.650
1084	30	255	781.733	99.833	26.385	6.659	5.736	177.148
1085	24	255	1046.042	100.625	22.971	7.051	4.334	149.036
1086	25	255	1167.100	99.740	18.142	6.301	5.052	147.001
1087	51	255	619.696	93.559	34.870	11.365	5.714	100.304
1088	46	255	1069.109	94.565	35.456	8.929	6.559	10.797
1089	52	255	42.577	92.885	31.799	9.547	6.935	86.372
1090	13	255	414.346	92.885	14.485	5.556	2.979	102.977
1091	23	255	910.283	93.587	16.728	5.757	5.087	159.298
1092	23	255	1177.935	92.413	21.556	6.521	4.491	172.776
1093	1	255	872.500	94.500	2.828	1.128	1.128	0.000
1094	42	255	876.762	91.262	30.971	9.235	5.791	34.099
1095	36	255	1157.333	90.306	30.627	8.452	5.423	162.765
1096	38	255	4.947	89.368	22.971	8.216	5.889	142.414
1097	4	255	607.000	92.000	5.657	2.257	2.257	0.000
1098	3	255	624.500	89.500	6.828	3.385	1.128	90.000
1099	30	255	794.000	86.633	22.142	7.195	5.309	32.760
1100	13	255	464.346	85.115	14.728	4.286	3.862	86.117
1101	47	255	592.351	83.415	43.113	8.696	6.881	136.016
1102	54	255	145.370	82.926	26.728	8.748	7.859	76.011
1103	38	255	537.132	82.895	22.142	8.155	5.933	99.526
1104	44	255	1014.523	82.364	29.213	8.498	6.593	25.199
1105	29	255	259.776	77.707	23.556	6.830	5.406	119.398
1106	46	255	469.000	76.978	34.627	9.342	6.269	144.416
1107	32	255	430.969	77.031	23.556	7.421	5.491	157.522
1108	58	255	616.586	73.845	44.770	8.942	8.258	36.955
1109	30	255	967.267	75.900	20.728	7.015	5.445	44.879
1110	1	255	620.500	78.500	2.828	1.128	1.128	0.000
1111	52	255	1032.635	71.673	42.042	9.393	7.049	126.641
1112	57	255	495.623	71.816	26.971	9.611	7.551	154.241
1113	26	255	942.808	71.692	22.385	6.228	5.316	85.942
1114	60	255	114.283	68.933	28.627	11.310	6.755	128.741
1115	21	255	1184.310	69.643	24.971	5.726	4.669	10.470
1116	1	255	470.500	71.500	2.828	1.128	1.128	0.000
1117	31	255	741.403	67.145	34.870	6.921	5.703	73.314
1118	1	255	1125.500	70.500	2.828	1.128	1.128	0.000
1119	23	255	28.413	64.935	18.728	6.671	4.390	59.510
1120	49	255	422.663	63.643	35.456	9.394	6.641	17.217
1121	37	255	199.338	63.230	24.385	7.813	6.030	5.660
1122	3	255	417.833	66.167	5.657	2.365	1.615	45.000
1123	14	255	665.214	65.000	12.485	4.264	4.181	90.000
1124	36	255	161.194	60.694	25.799	8.290	5.529	117.113
1125	1	255	604.500	65.500	2.828	1.128	1.128	0.000
1126	3	255	747.500	64.833	7.071	3.213	1.189	28.155
1127	3	255	156.167	63.833	5.657	2.365	1.615	45.000
1128	66	255	315.394	60.182	43.698	9.241	9.094	10.847
1129	81	255	492.216	59.944	32.385	10.334	9.980	97.526
1130	40	255	607.475	60.675	29.456	7.645	6.662	26.868
1131	47	255	235.628	58.266	33.213	9.204	6.502	40.204
1132	33	255	1134.621	60.409	23.799	7.045	5.964	70.288
1133	2	255	13.000	62.000	5.657	2.596	0.981	45.000
1134	38	255	766.395	59.474	30.385	7.377	6.558	156.518
1135	30	255	13.800	56.267	25.556	8.967	4.260	49.156
1136	4	255	734.000	61.000	5.657	2.257	2.257	0.000
1137	19	255	94.763	57.500	16.728	5.597	4.322	75.401
1138	39	255	351.090	57.064	28.385	8.344	5.951	95.981
1139	43	255	573.616	57.384	22.728	7.717	7.095	45.002
1140	19	255	738.921	58.921	15.899	6.327	3.824	154.478
1141	30	255	335.133	56.633	24.385	7.020	5.441	50.599
1142	1	255	584.500	59.500	2.828	1.128	1.128	0.000
1143	1	255	587.500	59.500	2.828	1.128	1.128	0.000
1144	45	255	1048.878	56.100	33.456	8.864	6.464	119.747
1145	529	255	1103.105	48.215	123.740	30.058	22.408	154.625
1146	2	255	1139.500	58.000	4.828	2.257	1.128	90.000
1147	25	255	142.660	54.580	17.899	6.266	5.080	64.916
1148	39	255	586.090	54.321	26.385	8.004	6.204	9.100
1149	92	255	44.783	50.772	34.627	11.936	9.814	14.969
1150	23	255	116.457	52.674	17.314	6.343	4.617	55.721
1151	41	255	127.866	52.232	25.799	7.938	6.576	13.886
1152	3	255	765.833	54.833	5.657	2.365	1.615	135.000
1153	1	255	1031.500	55.500	2.828	1.128	1.128	0.000
1154	31	255	1034.661	51.823	30.627	7.076	5.578	19.345
1155	30	255	1069.467	52.900	31.213	7.288	5.241	169.801
1156	62	255	394.887	49.355	30.385	11.612	6.798	103.539
1157	5	255	1211.900	53.300	7.657	3.144	2.025	108.435
1158	33	255	645.591	49.197	25.213	8.137	5.163	84.647
1159	35	255	902.071	49.614	24.385	7.972	5.590	11.934
1160	24	255	738.500	49.583	22.385	6.968	4.385	17.364
1161	29	255	1005.569	48.983	21.556	7.214	5.118	23.055
1162	47	255	497.628	44.628	32.042	9.687	6.178	86.115
1163	46	255	627.522	45.087	38.042	9.622	6.087	170.796
1164	24	255	693.250	47.458	17.556	6.531	4.679	16.216
1165	3	255	1019.500	49.500	6.243	3.385	1.128	0.000
1166	2	255	492.500	48.000	4.828	2.257	1.128	90.000
1167	32	255	516.969	43.562	21.556	7.858	5.185	76.660
1168	49	255	1016.643	43.520	36.284	9.895	6.305	10.529
1169	32	255	375.375	42.625	25.799	9.226	4.416	140.832
1170	23	255	805.370	43.630	17.556	5.435	5.388	45.013
1171	1	255	696.500	44.500	2.828	1.128	1.128	0.000
1172	1	255	692.500	43.500	2.828	1.128	1.128	0.000
1173	1	255	694.500	43.500	2.828	1.128	1.128	0.000
1174	36	255	290.472	37.444	26.385	9.050	5.065	64.953
1175	36	255	1037.583	38.694	34.870	8.109	5.653	137.343
1176	28	255	359.679	38.857	24.971	7.236	4.927	119.773
1177	2	255	1042.000	41.000	5.657	2.596	0.981	135.000
1178	43	255	832.709	37.035	24.142	8.267	6.623	107.744
1179	47	255	133.096	34.160	31.213	9.657	6.197	53.771
1180	46	255	44.152	34.609	29.799	8.461	6.922	132.008
1181	25	255	62.140	35.380	20.142	6.394	4.978	60.985
1182	49	255	328.908	34.092	42.284	9.029	6.909	42.990
1183	35	255	519.700	34.443	24.971	6.894	6.464	105.186
1184	25	255	662.100	34.620	17.899	6.149	5.177	150.482
1185	22	255	1068.955	34.818	18.971	6.581	4.256	164.037
1186	83	255	217.235	30.560	32.627	11.137	9.489	60.172
1187	41	255	15.110	29.963	27.799	8.924	5.850	61.700
1188	21	255	417.833	32.595	16.728	5.695	4.695	13.704
1189	1	255	773.500	34.500	2.828	1.128	1.128	0.000
1190	24	255	950.833	32.083	20.142	7.361	4.151	14.384
1191	30	255	1045.933	31.067	34.627	7.018	5.443	3.880
1192	726	255	1111.350	16.654	119.355	42.904	21.545	112.170
1193	21	255	483.357	30.214	17.314	5.653	4.730	131.437
1194	25	255	776.460	29.260	19.556	5.911	5.385	55.357
1195	77	255	608.396	26.058	31.799	10.001	9.803	41.714
1196	69	255	683.587	25.645	30.728	11.614	7.564	90.146
1197	53	255	698.575	24.481	44.527	8.460	7.976	116.621
1198	31	255	1056.371	28.016	24.971	7.219	5.468	45.142
1199	28	255	1198.143	26.286	23.799	7.699	4.631	164.989
1200	57	255	767.009	23.640	47.941	10.796	6.722	70.268
1201	48	255	39.125	21.625	31.213	8.212	7.442	35.465
1202	43	255	3.174	20.407	24.728	8.746	6.260	47.760
1203	7	255	1085.500	23.071	11.899	4.810	1.853	169.375
1204	61	255	1082.631	17.893	40.284	10.729	7.239	167.665
1205	74	255	88.595	16.797	29.799	10.158	9.275	73.426
1206	57	255	159.395	18.061	36.042	9.309	7.796	25.944
1207	31	255	1062.887	17.177	28.627	7.888	5.004	73.738
1208	43	255	141.453	15.849	37.213	8.347	6.559	107.331
1209	45	255	563.722	15.678	36.627	9.758	5.872	20.438
1210	37	255	966.311	16.284	32.870	9.060	5.200	163.316
1211	24	255	996.625	17.083	22.971	6.584	4.642	115.458
1212	54	255	63.796	14.000	25.556	8.570	8.023	148.085
1213	42	255	509.310	13.357	22.728	7.751	6.899	127.487
1214	9	255	742.167	14.500	14.485	5.172	2.215	35.783
1215	15	255	1221.833	13.967	14.485	4.923	3.879	121.542
1216	41	255	416.646	11.378	29.213	9.240	5.650	27.714
1217	1	255	1057.500	15.500	2.828	1.128	1.128	0.000
1218	37	255	16.716	11.824	25.556	7.798	6.042	172.027
1219	20	255	204.450	12.250	15.314	5.713	4.457	137.080
1220	61	255	784.107	8.697	28.385	10.414	7.458	165.089
1221	33	255	732.106	7.955	20.728	6.694	6.277	112.289
1222	55	255	950.282	6.482	51.941	9.655	7.253	179.702
1223	19	255	1.289	5.605	18.485	7.854	3.080	94.753
1224	39	255	529.987	6.115	28.971	8.379	5.926	77.001
1225	42	255	566.214	5.595	32.042	8.291	6.450	142.845
1226	49	255	617.235	3.459	35.213	8.832	7.064	64.597
1227	49	255	676.316	5.684	33.213	9.135	6.830	100.720
1228	1	255	1220.500	9.500	2.828	1.128	1.128	0.000
1229	31	255	100.984	6.145	20.728	7.439	5.306	139.438
1230	2	255	190.000	8.500	4.243	2.257	1.128	0.000
1231	2	255	613.500	8.000	4.828	2.257	1.128	90.000
1232	3	255	726.833	7.833	5.657	2.365	1.615	135.000
1233	23	255	1073.543	6.326	22.971	6.812	4.299	174.708
1234	22	255	1150.364	6.682	17.556	6.956	4.027	173.509
1235	40	255	110.700	4.200	22.971	7.927	6.425	76.809
1236	26	255	187.846	3.962	18.142	5.770	5.737	104.036
1237	24	255	426.375	2.083	18.728	6.588	4.639	90.407
1238	34	255	1048.941	2.471	21.556	7.379	5.867	128.102
1239	2	255	584.000	4.500	4.243	2.257	1.128	0.000
1240	2	255	994.500	4.000	4.828	2.257	1.128	90.000
1241	19	255	67.763	1.132	15.314	5.184	4.666	17.496
1242	30	255	458.667	1.133	21.556	7.661	4.986	176.567
1243	24	255	588.417	1.417	17.071	5.775	5.292	135.000
1244	20	255	997.850	1.250	15.899	5.498	4.631	38.158
1245	8	255	1090.250	1.000	11.314	5.222	1.951	129.938
1246	5	255	499.300	0.700	8.485	3.833	1.661	45.000
1247	2	255	1041.500	1.000	4.828	2.257	1.128	90.000
1248	13	255	1060.269	0.115	16.728	6.852	2.416	175.651
1249	3	255	1083.500	0.500	6.828	3.385	1.128	90.000
1250	2	255	503.500	0.000	4.828	2.257	1.128	90.000
1251	1	255	582.500	0.500	2.828	1.128	1.128	0.000
1252	5	255	694.500	-0.500	10.243	5.642	1.128	0.000
1253	4	255	1016.000	-0.500	8.243	4.514	1.128	0.000
1254	1	255	1086.500	-0.500	2.828	1.128	1.128	0.000
