 	Area	Mean	XM	YM	Perim.	Major	Minor	Angle
1	6	255	363.000	902.500	12.243	6.770	1.128	0.000
2	37	255	486.878	899.986	27.799	8.688	5.422	178.262
3	1	255	609.500	902.500	2.828	1.128	1.128	0.000
4	25	255	998.820	899.780	23.799	6.246	5.096	86.366
5	3	255	1168.500	901.500	6.828	3.385	1.128	90.000
6	28	255	1174.250	899.000	36.627	6.786	5.253	24.712
7	5	255	1206.500	902.500	10.243	5.642	1.128	0.000
8	2	255	611.500	901.000	4.828	2.257	1.128	90.000
9	17	255	151.088	897.324	15.899	5.568	3.887	70.613
10	22	255	503.136	892.182	23.899	7.571	3.700	116.350
11	40	255	656.500	893.300	34.627	9.327	5.461	60.304
12	3	255	1004.500	897.500	6.243	3.385	1.128	0.000
13	30	255	218.033	893.500	36.870	6.684	5.715	70.304
14	10	255	718.100	895.500	11.899	4.349	2.928	16.003
15	15	255	511.233	891.833	13.899	4.759	4.014	95.884
16	1357	255	651.724	869.742	207.865	46.904	36.837	114.090
17	14	255	909.857	890.143	17.314	5.786	3.081	121.919
18	28	255	392.857	887.607	25.799	6.338	5.625	57.398
19	1	255	906.500	891.500	2.828	1.128	1.128	0.000
20	21	255	22.119	887.976	19.314	5.944	4.498	163.935
21	2	255	389.000	890.500	4.243	2.257	1.128	0.000
22	2	255	904.500	889.000	4.828	2.257	1.128	90.000
23	21	255	51.119	884.929	15.899	6.279	4.258	172.798
24	4	255	366.000	885.500	7.657	3.216	1.583	121.717
25	1	255	387.500	886.500	2.828	1.128	1.128	0.000
26	60	255	291.850	881.233	47.698	9.300	8.215	74.916
27	22	255	477.500	882.636	21.556	5.576	5.023	168.484
28	3	255	675.833	884.833	5.657	2.365	1.615	135.000
29	72	255	777.903	881.653	30.971	10.609	8.641	30.468
30	2	255	907.000	885.500	4.243	2.257	1.128	0.000
31	3	255	1170.500	885.500	6.243	3.385	1.128	0.000
32	24	255	142.917	882.542	18.142	5.792	5.275	42.274
33	34	255	159.794	880.529	22.971	7.180	6.029	58.432
34	22	255	600.091	880.818	16.728	5.813	4.819	83.220
35	1	255	47.500	882.500	2.828	1.128	1.128	0.000
36	1	255	155.500	882.500	2.828	1.128	1.128	0.000
37	2	255	52.500	880.000	4.828	2.257	1.128	90.000
38	39	255	692.295	877.244	29.213	8.637	5.749	53.729
39	2	255	50.000	879.500	4.243	2.257	1.128	0.000
40	10	255	670.500	878.100	12.485	3.805	3.346	25.670
41	2	255	138.500	878.000	4.828	2.257	1.128	90.000
42	1214	255	616.883	855.613	159.823	43.030	35.922	10.508
43	6	255	995.000	873.833	10.485	4.224	1.809	0.000
44	1	255	554.500	873.500	2.828	1.128	1.128	0.000
45	32	255	557.375	870.562	23.556	7.408	5.500	27.300
46	2	255	696.000	873.000	5.657	2.596	0.981	45.000
47	32	255	749.938	869.031	26.142	7.272	5.603	126.223
48	4	255	1089.250	873.250	7.071	3.192	1.596	18.435
49	2	255	1099.000	873.500	4.243	2.257	1.128	0.000
50	19	255	1102.500	870.079	31.213	6.223	3.888	47.107
51	13	255	1154.346	868.346	18.728	6.066	2.729	128.493
52	32	255	496.500	866.094	25.556	7.828	5.205	137.883
53	20	255	138.200	867.850	16.142	5.348	4.762	157.125
54	1	255	1096.500	869.500	2.828	1.128	1.128	0.000
55	2	255	517.000	868.000	5.657	2.596	0.981	135.000
56	24	255	516.417	863.208	34.870	6.814	4.485	152.183
57	1	255	133.500	866.500	2.828	1.128	1.128	0.000
58	29	255	263.362	863.914	18.728	6.328	5.835	125.727
59	24	255	322.333	862.000	17.314	6.224	4.910	90.000
60	1	255	326.500	863.500	2.828	1.128	1.128	0.000
61	2	255	336.500	863.000	4.828	2.257	1.128	90.000
62	24	255	341.000	859.833	18.728	6.146	4.972	165.911
63	8	255	991.375	859.500	16.728	4.677	2.178	66.695
64	2	255	327.500	860.000	4.828	2.257	1.128	90.000
65	33	255	895.864	854.106	21.556	7.035	5.973	125.131
66	15	255	1184.100	854.567	26.385	4.762	4.011	148.398
67	57	255	361.658	849.325	27.213	9.309	7.796	125.478
68	1347	255	583.844	825.718	168.693	57.823	29.661	48.002
69	15	255	688.767	851.367	14.485	4.442	4.300	63.435
70	1	255	1179.500	852.500	2.828	1.128	1.128	0.000
71	17	255	577.676	849.559	14.728	5.116	4.231	27.065
72	158	255	672.589	837.316	79.355	25.901	7.767	97.929
73	1	255	1042.500	848.500	2.828	1.128	1.128	0.000
74	4	255	201.000	847.000	9.071	4.218	1.207	157.500
75	1	255	688.500	847.500	2.828	1.128	1.128	0.000
76	13	255	209.423	845.115	14.728	4.492	3.685	14.463
77	5	255	1042.300	845.300	8.485	3.833	1.661	135.000
78	44	255	426.523	842.091	34.870	8.508	6.585	176.620
79	64	255	715.609	841.594	28.971	9.338	8.726	15.159
80	1	255	199.500	844.500	2.828	1.128	1.128	0.000
81	3	255	202.500	843.500	8.485	3.969	0.963	45.000
82	27	255	300.093	841.056	22.142	7.077	4.857	142.775
83	33	255	72.197	838.924	28.042	7.947	5.287	93.682
84	5	255	331.900	841.700	7.657	3.144	2.025	71.565
85	169	255	650.021	832.950	59.941	22.207	9.690	25.592
86	61	255	663.156	832.861	32.385	12.906	6.018	103.317
87	21	255	133.500	836.405	17.314	5.888	4.541	18.272
88	2	255	331.000	838.500	4.243	2.257	1.128	0.000
89	31	255	46.177	833.177	27.213	7.030	5.615	174.563
90	22	255	90.500	834.136	18.142	5.721	4.896	24.151
91	18	255	32.222	833.278	17.556	6.081	3.769	26.058
92	21	255	198.500	832.690	24.385	5.555	4.813	82.646
93	16	255	690.062	833.438	18.142	6.035	3.376	2.878
94	16	255	237.375	830.125	14.728	4.643	4.387	108.435
95	18	255	616.389	830.222	20.728	6.430	3.564	29.071
96	35	255	799.357	829.100	30.971	7.849	5.678	9.439
97	1	255	686.500	830.500	2.828	1.128	1.128	0.000
98	6	255	1185.667	829.500	8.485	3.718	2.055	126.870
99	22	255	743.409	825.455	24.971	6.569	4.264	20.711
100	18	255	501.556	824.833	16.142	5.165	4.437	131.528
101	50	255	654.280	822.000	30.728	11.915	5.343	89.355
102	33	255	424.045	821.864	34.870	6.887	6.101	31.654
103	4	255	888.750	823.750	7.657	3.192	1.596	71.565
104	23	255	36.457	820.761	16.728	5.939	4.931	99.745
105	2	255	800.000	823.500	4.243	2.257	1.128	0.000
106	6	255	890.333	820.667	12.728	5.784	1.321	38.120
107	28	255	170.714	818.929	18.728	6.250	5.704	124.803
108	28	255	242.214	818.464	22.971	6.974	5.112	73.531
109	16	255	641.750	818.188	22.971	6.007	3.391	85.646
110	9	255	688.389	818.944	10.485	4.563	2.511	116.565
111	12	255	873.083	817.250	18.142	7.244	2.109	118.878
112	2	255	176.000	819.000	5.657	2.596	0.981	45.000
113	8	255	0.875	816.125	14.485	5.424	1.878	86.437
114	40	255	138.600	814.050	22.971	7.381	6.900	59.008
115	20	255	131.750	813.550	15.314	5.713	4.457	132.920
116	143	255	671.409	792.017	88.870	36.316	5.014	82.612
117	66	255	454.152	809.742	29.213	9.673	8.687	94.852
118	72	255	652.208	805.250	51.213	21.737	4.217	76.474
119	14	255	660.643	812.357	13.899	5.647	3.156	113.890
120	1	255	681.500	814.500	2.828	1.128	1.128	0.000
121	9	255	698.389	812.611	11.071	3.923	2.921	101.981
122	13	255	772.808	812.654	17.314	4.816	3.437	83.953
123	14	255	684.000	811.786	12.485	4.477	3.981	180.000
124	4	255	1125.000	813.500	8.243	4.514	1.128	0.000
125	15	255	1174.233	811.433	20.728	7.023	2.719	171.140
126	1056	255	538.783	784.867	180.735	67.616	19.885	45.048
127	70	255	725.386	807.571	29.799	9.839	9.059	168.823
128	10	255	809.800	808.600	16.728	4.922	2.587	35.671
129	45	255	48.367	805.700	23.556	7.927	7.228	95.287
130	27	255	965.352	804.130	38.870	6.561	5.240	128.812
131	28	255	762.786	805.714	28.627	7.145	4.989	165.925
132	33	255	194.015	802.682	22.142	7.323	5.738	67.877
133	25	255	85.700	802.260	17.314	6.122	5.200	96.132
134	26	255	281.000	802.500	17.314	6.259	5.289	0.000
135	11	255	753.227	802.682	13.899	3.963	3.534	170.173
136	2	255	577.500	803.000	4.828	2.257	1.128	90.000
137	25	255	172.220	798.860	28.385	6.944	4.584	42.606
138	14	255	790.643	800.214	20.971	5.635	3.164	12.243
139	2	255	618.500	801.000	4.828	2.257	1.128	90.000
140	14	255	646.357	799.929	13.899	5.794	3.077	29.035
141	2	255	166.500	800.000	4.828	2.257	1.128	90.000
142	21	255	497.548	798.119	24.971	5.984	4.468	28.980
143	21	255	623.643	798.548	17.556	5.792	4.617	179.535
144	13	255	351.115	798.192	13.314	4.982	3.322	156.233
145	68	255	513.029	795.397	31.456	9.408	9.203	164.820
146	1	255	279.500	798.500	2.828	1.128	1.128	0.000
147	1	255	285.500	798.500	2.828	1.128	1.128	0.000
148	1	255	355.500	798.500	2.828	1.128	1.128	0.000
149	78	255	662.372	794.436	34.870	12.062	8.234	12.939
150	1	255	282.500	796.500	2.828	1.128	1.128	0.000
151	1	255	1120.500	795.500	2.828	1.128	1.128	0.000
152	36	255	1053.472	791.056	26.971	7.496	6.114	156.368
153	1	255	425.500	793.500	2.828	1.128	1.128	0.000
154	2	255	1123.000	793.500	4.243	2.257	1.128	0.000
155	19	255	629.711	790.447	15.314	5.294	4.569	75.211
156	10	255	699.200	791.300	11.071	4.456	2.857	18.222
157	20	255	842.100	790.400	19.556	5.943	4.285	145.437
158	69	255	646.138	782.036	44.870	17.307	5.076	76.884
159	15	255	42.567	788.300	14.728	4.407	4.334	18.435
160	1	255	808.500	790.500	2.828	1.128	1.128	0.000
161	20	255	127.050	786.100	16.728	5.957	4.275	113.670
162	53	255	382.783	783.764	55.355	8.390	8.043	69.775
163	5	255	597.700	787.300	10.485	4.521	1.408	121.121
164	19	255	663.132	786.500	15.314	5.486	4.410	57.467
165	24	255	809.250	784.833	37.213	5.989	5.102	5.499
166	31	255	240.758	784.887	19.556	6.755	5.844	148.826
167	17	255	721.324	786.029	15.899	5.381	4.022	23.758
168	15	255	1.300	783.500	16.485	7.108	2.687	78.784
169	18	255	689.056	783.611	16.728	5.886	3.893	99.706
170	8	255	595.000	783.750	14.485	4.643	2.194	158.199
171	14	255	1162.500	783.571	17.556	4.695	3.797	28.814
172	1	255	42.500	784.500	2.828	1.128	1.128	0.000
173	3	255	123.500	783.500	6.828	3.385	1.128	90.000
174	23	255	143.978	782.326	19.314	7.510	3.900	7.967
175	42	255	709.857	778.500	44.870	9.559	5.594	162.099
176	2	255	713.000	783.000	5.657	2.596	0.981	135.000
177	3	255	1215.500	783.500	6.243	3.385	1.128	0.000
178	2	255	126.000	781.500	4.243	2.257	1.128	0.000
179	4	255	112.250	780.250	7.071	3.192	1.596	18.435
180	22	255	81.136	777.273	21.556	7.909	3.541	138.493
181	26	255	172.923	776.077	19.556	6.675	4.960	138.289
182	25	255	503.260	770.460	29.456	7.847	4.056	117.048
183	88	255	640.875	766.852	57.355	15.331	7.308	83.666
184	67	255	668.172	767.858	35.213	10.780	7.913	102.180
185	21	255	684.690	771.929	16.142	5.713	4.680	100.663
186	33	255	775.591	771.530	22.971	7.865	5.342	80.634
187	35	255	206.414	768.471	32.385	7.926	5.622	115.376
188	22	255	477.273	769.091	21.556	6.629	4.225	167.429
189	1	255	512.500	771.500	2.828	1.128	1.128	0.000
190	1	255	782.500	771.500	2.828	1.128	1.128	0.000
191	8	255	285.625	766.750	12.728	4.120	2.472	178.061
192	23	255	623.413	765.283	18.728	5.717	5.123	57.057
193	4	255	779.250	767.250	7.071	3.192	1.596	18.435
194	2	255	633.500	766.000	4.828	2.257	1.128	90.000
195	33	255	742.652	762.742	26.971	7.974	5.269	96.058
196	42	255	287.810	761.857	32.042	9.549	5.600	5.713
197	25	255	891.740	760.780	36.627	5.853	5.439	140.731
198	1	255	506.500	764.500	2.828	1.128	1.128	0.000
199	65	255	357.331	758.962	29.213	9.265	8.932	11.917
200	109	255	509.399	755.867	64.527	13.929	9.964	22.863
201	6	255	805.000	761.667	9.899	3.931	1.943	149.036
202	49	255	656.112	758.745	26.142	9.074	6.876	18.201
203	11	255	61.682	759.045	11.314	4.507	3.107	48.972
204	23	255	488.717	758.543	17.314	5.634	5.198	6.340
205	18	255	83.111	757.722	15.314	6.250	3.667	17.106
206	7	255	1097.500	757.786	10.485	4.566	1.952	123.401
207	37	255	1115.770	753.041	47.113	7.656	6.153	129.407
208	1	255	1118.500	758.500	2.828	1.128	1.128	0.000
209	5	255	899.300	755.500	8.485	3.086	2.063	34.099
210	82	255	639.793	744.341	62.042	22.207	4.701	95.799
211	22	255	663.182	748.364	31.314	13.555	2.066	76.372
212	16	255	701.438	753.000	21.556	4.562	4.465	23.424
213	1	255	406.500	754.500	2.828	1.128	1.128	0.000
214	15	255	409.700	752.567	15.314	4.938	3.868	65.342
215	31	255	134.887	751.016	21.799	7.555	5.225	179.826
216	25	255	432.780	751.140	20.728	7.170	4.439	42.445
217	25	255	190.780	748.740	35.456	6.307	5.047	70.223
218	28	255	292.429	750.071	18.971	6.326	5.636	164.657
219	1	255	602.500	752.500	2.828	1.128	1.128	0.000
220	7	255	896.643	751.214	14.485	6.295	1.416	160.773
221	2	255	207.500	751.000	4.828	2.257	1.128	90.000
222	2	255	406.000	751.000	5.657	2.596	0.981	135.000
223	32	255	553.969	748.156	22.728	6.942	5.869	133.794
224	9	255	605.278	749.278	12.485	4.899	2.339	168.917
225	26	255	15.615	747.462	22.971	8.158	4.058	169.891
226	20	255	170.600	747.550	15.314	5.251	4.849	116.565
227	34	255	462.000	747.206	21.314	8.228	5.262	0.000
228	2	255	299.000	748.500	4.243	2.257	1.128	0.000
229	11	255	821.318	742.955	13.071	4.994	2.804	81.870
230	28	255	250.536	740.643	22.971	7.038	5.065	69.383
231	8	255	377.000	742.500	9.899	3.489	2.919	0.000
232	1	255	171.500	742.500	2.828	1.128	1.128	0.000
233	51	255	87.324	737.108	26.142	8.258	7.863	46.019
234	10	255	678.400	737.500	13.314	4.927	2.584	90.000
235	9	255	578.056	735.944	16.728	5.700	2.010	142.854
236	6	255	657.000	737.500	7.657	3.385	2.257	90.000
237	1	255	362.500	737.500	2.828	1.128	1.128	0.000
238	19	255	227.447	734.184	15.314	5.397	4.482	47.908
239	41	255	788.671	733.183	48.870	7.590	6.877	59.854
240	3	255	844.167	735.167	5.657	2.365	1.615	135.000
241	20	255	5.300	732.100	16.142	5.918	4.303	108.435
242	71	255	201.979	729.937	30.042	9.769	9.254	32.819
243	12	255	241.083	732.833	13.899	4.804	3.180	39.386
244	8	255	464.125	731.875	11.899	3.953	2.577	125.410
245	2	255	1113.000	733.500	4.243	2.257	1.128	0.000
246	5	255	287.300	732.300	9.657	4.183	1.522	169.099
247	5	255	850.100	730.900	9.657	4.076	1.562	69.006
248	41	255	284.793	727.378	33.456	8.580	6.084	0.182
249	1	255	663.500	731.500	2.828	1.128	1.128	0.000
250	3	255	845.500	730.500	6.828	3.385	1.128	90.000
251	2	255	1114.000	731.500	4.243	2.257	1.128	0.000
252	161	255	646.394	710.668	94.569	27.338	7.498	113.620
253	28	255	732.357	724.643	28.971	7.121	5.006	170.958
254	21	255	116.690	721.643	16.728	5.945	4.497	71.717
255	11	255	666.864	722.227	13.314	5.915	2.368	130.269
256	10	255	811.600	721.900	11.899	4.479	2.843	130.163
257	17	255	73.088	719.029	24.385	5.474	3.954	14.659
258	17	255	48.206	717.794	14.728	5.201	4.162	45.000
259	25	255	173.020	716.220	20.728	6.876	4.629	153.264
260	1	255	178.500	716.500	2.828	1.128	1.128	0.000
261	37	255	246.230	713.797	22.142	7.056	6.677	90.125
262	6	255	899.333	714.667	11.314	3.659	2.088	111.255
263	29	255	812.086	712.534	20.971	6.483	5.695	98.045
264	1	255	72.500	714.500	2.828	1.128	1.128	0.000
265	13	255	217.500	712.808	16.142	5.314	3.115	136.956
266	26	255	377.923	711.769	18.971	6.219	5.323	72.847
267	30	255	671.133	708.600	30.385	9.985	3.826	101.683
268	23	255	394.500	709.891	17.314	5.728	5.113	130.796
269	14	255	1208.714	709.643	28.385	6.248	2.853	69.984
270	1	255	656.500	711.500	2.828	1.128	1.128	0.000
271	4	255	678.500	711.000	7.071	3.216	1.583	31.717
272	1	255	681.500	711.500	2.828	1.128	1.128	0.000
273	20	255	167.500	708.400	17.314	5.413	4.704	0.000
274	2	255	221.000	710.500	4.243	2.257	1.128	0.000
275	31	255	277.758	707.597	38.042	6.685	5.904	71.661
276	72	255	355.319	706.097	30.385	10.417	8.801	74.322
277	5	255	683.100	708.500	11.657	5.078	1.254	72.857
278	26	255	870.269	707.423	18.728	5.970	5.545	18.435
279	1	255	431.500	709.500	2.828	1.128	1.128	0.000
280	22	255	435.182	706.773	16.728	5.808	4.823	64.530
281	21	255	511.643	705.262	19.314	7.156	3.736	143.537
282	18	255	563.833	705.500	14.485	5.349	4.285	90.000
283	3	255	518.167	705.833	5.657	2.365	1.615	45.000
284	13	255	296.115	704.115	11.899	4.380	3.779	45.000
285	1	255	379.500	705.500	2.828	1.128	1.128	0.000
286	1	255	813.500	705.500	2.828	1.128	1.128	0.000
287	24	255	1039.083	700.125	37.456	6.247	4.892	56.671
288	1	255	1209.500	702.500	2.828	1.128	1.128	0.000
289	22	255	913.182	697.864	26.385	6.947	4.032	85.253
290	22	255	233.727	696.136	21.556	5.920	4.732	98.344
291	68	255	664.324	688.353	43.698	15.778	5.487	126.634
292	24	255	964.583	692.833	29.213	6.449	4.739	89.679
293	1	255	918.500	695.500	2.828	1.128	1.128	0.000
294	37	255	692.149	691.095	25.799	10.410	4.526	137.506
295	19	255	162.553	691.553	15.314	5.249	4.609	45.000
296	39	255	630.731	687.244	49.113	7.246	6.853	167.018
297	252	255	679.230	680.460	70.669	21.588	14.863	128.042
298	12	255	139.000	687.833	11.899	4.424	3.454	52.762
299	1	255	287.500	689.500	2.828	1.128	1.128	0.000
300	24	255	291.458	686.833	18.728	6.110	5.001	15.591
301	10	255	483.400	688.300	11.071	4.049	3.144	63.435
302	5	255	792.100	687.700	11.071	4.072	1.563	121.717
303	35	255	325.357	685.014	26.385	7.600	5.864	29.993
304	1	255	378.500	686.500	2.828	1.128	1.128	0.000
305	1	255	697.500	686.500	2.828	1.128	1.128	0.000
306	15	255	883.100	683.700	19.799	6.134	3.113	89.732
307	21	255	376.357	682.833	15.899	5.538	4.828	39.608
308	62	255	708.113	675.129	66.326	24.831	3.179	133.570
309	1	255	1078.500	683.500	2.828	1.128	1.128	0.000
310	16	255	1207.312	680.375	23.213	6.090	3.345	103.913
311	5	255	707.900	681.300	7.657	3.144	2.025	108.435
312	1	255	887.500	680.500	2.828	1.128	1.128	0.000
313	26	255	408.423	676.038	19.314	6.899	4.798	77.410
314	2	255	1213.000	678.500	4.243	2.257	1.128	0.000
315	1	255	631.500	677.500	2.828	1.128	1.128	0.000
316	1	255	633.500	677.500	2.828	1.128	1.128	0.000
317	20	255	751.150	675.850	16.142	5.515	4.617	2.145
318	43	255	629.477	671.407	43.698	8.888	6.160	177.419
319	21	255	282.310	672.310	21.556	7.855	3.404	29.604
320	24	255	666.958	672.583	22.971	6.330	4.828	120.991
321	2	255	700.500	674.000	4.828	2.257	1.128	90.000
322	27	255	724.537	672.648	21.556	7.162	4.800	168.864
323	26	255	179.269	670.231	18.728	5.988	5.528	100.406
324	75	255	693.393	665.660	40.527	16.030	5.957	144.706
325	30	255	801.633	667.933	36.042	7.353	5.195	178.847
326	5	255	233.500	668.500	8.485	2.523	2.523	0.000
327	54	255	59.870	664.796	26.142	8.427	8.159	82.104
328	36	255	348.750	665.278	27.799	8.706	5.265	70.403
329	3	255	1201.500	667.500	6.828	3.385	1.128	90.000
330	15	255	840.167	664.700	24.142	5.681	3.362	27.967
331	1	255	178.500	665.500	2.828	1.128	1.128	0.000
332	1	255	182.500	665.500	2.828	1.128	1.128	0.000
333	2	255	343.500	663.000	4.828	2.257	1.128	90.000
334	34	255	634.559	659.382	46.527	6.958	6.222	40.793
335	16	255	665.125	661.250	24.385	5.790	3.519	13.081
336	2	255	798.500	663.000	4.828	2.257	1.128	90.000
337	2	255	804.000	662.500	4.243	2.257	1.128	0.000
338	13	255	1123.500	658.885	27.213	5.120	3.233	100.462
339	58	255	574.500	655.397	52.184	9.248	7.985	176.455
340	22	255	622.909	657.364	32.042	5.616	4.987	0.778
341	674	255	725.955	619.807	188.267	61.651	13.920	102.012
342	1	255	1124.500	659.500	2.828	1.128	1.128	0.000
343	25	255	703.020	655.940	20.142	8.080	3.939	128.939
344	7	255	708.500	657.500	8.485	3.772	2.363	45.000
345	10	255	1114.600	655.900	12.728	5.491	2.319	135.762
346	17	255	666.912	653.794	17.556	5.222	4.145	53.010
347	11	255	686.136	655.591	11.071	4.384	3.195	164.929
348	10	255	789.400	654.900	13.899	4.237	3.005	94.545
349	10	255	599.400	651.300	18.485	5.087	2.503	166.945
350	2	255	600.000	653.500	4.243	2.257	1.128	0.000
351	46	255	710.413	647.152	34.627	12.199	4.801	118.425
352	15	255	37.033	649.833	19.556	5.188	3.681	58.608
353	39	255	148.833	647.885	36.870	7.994	6.212	30.700
354	21	255	539.786	649.786	31.213	6.691	3.996	172.812
355	26	255	227.923	647.577	18.142	5.878	5.632	169.695
356	25	255	311.900	648.140	17.899	6.354	5.010	172.165
357	48	255	733.667	644.875	57.012	8.275	7.385	145.332
358	7	255	637.357	647.214	10.485	3.926	2.270	71.565
359	52	255	687.115	644.885	45.355	9.286	7.130	58.482
360	6	255	667.333	645.333	8.485	3.140	2.433	45.000
361	1	255	539.500	645.500	2.828	1.128	1.128	0.000
362	1	255	639.500	645.500	2.828	1.128	1.128	0.000
363	1	255	970.500	644.500	2.828	1.128	1.128	0.000
364	2	255	313.000	643.500	4.243	2.257	1.128	0.000
365	3	255	692.167	640.500	7.657	3.213	1.189	61.845
366	30	255	251.533	636.367	25.799	6.575	5.809	34.846
367	21	255	930.071	633.071	27.556	7.098	3.767	118.441
368	18	255	30.778	634.444	18.971	6.663	3.439	154.659
369	12	255	78.333	631.000	12.728	5.384	2.838	146.310
370	2	255	220.000	631.000	5.657	2.596	0.981	135.000
371	1	255	253.500	631.500	2.828	1.128	1.128	0.000
372	4	255	1166.000	631.000	9.071	4.218	1.207	22.500
373	13	255	620.423	628.654	13.314	5.137	3.222	29.783
374	3	255	736.500	630.167	8.485	2.446	1.561	0.000
375	69	255	376.442	624.920	29.799	9.865	8.906	71.542
376	16	255	1138.812	626.438	21.799	5.611	3.631	121.091
377	28	255	217.714	626.214	22.385	7.090	5.028	3.161
378	6	255	1165.000	627.500	9.899	4.633	1.649	140.310
379	1	255	689.500	627.500	2.828	1.128	1.128	0.000
380	1	255	1168.500	627.500	2.828	1.128	1.128	0.000
381	15	255	701.967	622.500	25.799	5.311	3.596	165.218
382	5	255	144.700	622.500	10.485	3.430	1.856	126.650
383	9	255	777.500	621.833	16.485	4.776	2.399	0.000
384	7	255	872.214	620.786	10.485	4.439	2.008	119.872
385	7	255	1003.786	621.214	14.485	5.517	1.616	154.855
386	20	255	416.900	618.700	18.728	6.030	4.223	70.264
387	20	255	440.250	618.250	15.314	5.142	4.953	135.000
388	18	255	607.833	619.000	14.728	5.899	3.885	0.000
389	1	255	143.500	619.500	2.828	1.128	1.128	0.000
390	12	255	1121.833	616.917	17.556	4.797	3.185	81.989
391	34	255	492.265	616.118	20.142	7.294	5.935	11.877
392	38	255	741.921	614.579	38.284	7.470	6.477	66.060
393	2	255	778.000	618.500	4.243	2.257	1.128	0.000
394	20	255	349.050	614.800	18.142	5.696	4.471	18.850
395	37	255	594.635	611.770	51.012	7.240	6.507	99.912
396	37	255	89.770	611.716	35.698	7.168	6.572	110.572
397	13	255	687.654	612.192	21.799	5.097	3.247	17.480
398	50	255	259.540	608.060	43.698	8.920	7.137	52.649
399	9	255	554.944	611.389	16.728	5.208	2.200	176.499
400	14	255	754.000	606.500	13.314	4.482	3.977	48.563
401	35	255	300.100	603.700	27.799	7.074	6.300	139.797
402	53	255	470.047	601.330	26.385	8.742	7.719	112.433
403	16	255	963.625	602.375	24.385	5.871	3.470	67.313
404	6	255	1147.333	602.500	8.485	3.718	2.055	126.870
405	17	255	544.912	600.324	16.728	5.699	3.798	121.036
406	5	255	558.900	602.100	9.899	3.452	1.844	177.145
407	24	255	208.250	596.667	20.142	7.503	4.073	58.599
408	1	255	880.500	599.500	2.828	1.128	1.128	0.000
409	16	255	876.000	596.312	13.899	5.285	3.855	110.385
410	19	255	459.132	595.711	15.314	5.119	4.726	96.264
411	12	255	579.500	593.500	22.385	4.512	3.386	58.283
412	31	255	839.984	591.823	32.284	7.455	5.294	76.472
413	1	255	221.500	594.500	2.828	1.128	1.128	0.000
414	27	255	680.130	591.241	21.556	6.265	5.487	29.204
415	1	255	800.500	592.500	2.828	1.128	1.128	0.000
416	2	255	763.500	591.000	4.828	2.257	1.128	90.000
417	23	255	799.891	587.022	36.042	6.263	4.676	156.300
418	14	255	69.500	587.286	14.485	5.896	3.023	99.844
419	4	255	844.000	587.750	9.071	3.969	1.283	17.609
420	1	255	741.500	587.500	2.828	1.128	1.128	0.000
421	14	255	967.286	584.643	22.385	5.356	3.328	19.028
422	27	255	544.500	581.833	27.556	6.619	5.194	156.513
423	34	255	630.647	582.294	52.770	7.009	6.176	44.626
424	4	255	816.250	584.250	7.657	3.192	1.596	71.565
425	32	255	866.906	582.781	22.142	7.044	5.784	28.069
426	14	255	747.357	580.786	16.142	5.361	3.325	175.692
427	17	255	501.324	578.559	14.728	5.116	4.231	152.935
428	11	255	117.864	578.591	11.071	4.384	3.195	15.071
429	21	255	443.738	575.690	16.485	5.479	4.880	159.029
430	1	255	948.500	577.500	2.828	1.128	1.128	0.000
431	6	255	727.500	575.000	10.485	3.577	2.136	104.872
432	33	255	521.106	572.742	30.627	6.979	6.021	178.474
433	1	255	730.500	575.500	2.828	1.128	1.128	0.000
434	6	255	945.000	574.500	9.899	4.633	1.649	140.310
435	23	255	774.196	571.587	32.627	6.130	4.777	56.126
436	4	255	90.250	572.000	10.485	4.428	1.150	53.909
437	25	255	919.540	570.060	30.870	6.681	4.764	42.670
438	3	255	1111.167	573.167	5.657	2.365	1.615	135.000
439	20	255	67.550	570.250	15.314	5.713	4.457	42.920
440	48	255	93.854	567.604	30.627	9.103	6.714	39.682
441	12	255	818.167	571.167	16.728	4.888	3.126	21.682
442	7	255	924.214	569.357	14.485	5.533	1.611	88.093
443	2	255	1084.000	571.000	5.657	2.596	0.981	135.000
444	6	255	517.833	567.833	13.314	5.492	1.391	121.224
445	5	255	1153.300	566.900	7.071	3.144	2.025	161.565
446	1	255	523.500	566.500	2.828	1.128	1.128	0.000
447	16	255	593.875	563.500	13.899	5.070	4.018	63.999
448	4	255	740.250	563.750	7.657	3.192	1.596	161.565
449	1	255	916.500	564.500	2.828	1.128	1.128	0.000
450	1	255	919.500	562.500	2.828	1.128	1.128	0.000
451	19	255	188.605	559.921	15.071	5.550	4.359	12.821
452	18	255	738.556	559.833	22.971	7.501	3.055	4.300
453	44	255	541.500	556.273	23.556	7.529	7.441	90.000
454	7	255	746.214	558.214	10.485	4.439	2.008	60.128
455	24	255	932.083	556.333	17.314	6.322	4.834	9.740
456	14	255	237.429	554.286	16.142	5.294	3.367	23.595
457	6	255	727.000	554.500	7.657	3.385	2.257	90.000
458	1	255	729.500	553.500	2.828	1.128	1.128	0.000
459	34	255	1149.412	546.441	49.698	7.194	6.017	147.736
460	1	255	1153.500	550.500	2.828	1.128	1.128	0.000
461	10	255	691.500	544.800	15.899	4.184	3.043	112.263
462	13	255	963.885	544.038	19.556	6.818	2.428	64.355
463	29	255	100.466	541.534	24.385	7.044	5.242	64.120
464	27	255	133.167	541.944	19.556	6.696	5.134	66.682
465	14	255	774.357	542.429	25.556	5.188	3.436	131.758
466	1	255	687.500	542.500	2.828	1.128	1.128	0.000
467	2	255	729.500	542.000	4.828	2.257	1.128	90.000
468	5	255	1039.700	541.700	8.485	3.833	1.661	135.000
469	40	255	356.375	537.850	45.355	7.483	6.806	67.091
470	8	255	602.500	540.375	11.899	4.747	2.146	47.085
471	8	255	1036.125	539.500	11.657	4.769	2.136	90.000
472	1	255	605.500	539.500	2.828	1.128	1.128	0.000
473	15	255	731.633	537.767	14.142	4.890	3.906	137.521
474	44	255	117.000	534.682	23.556	8.150	6.874	29.130
475	14	255	928.571	534.143	19.314	5.597	3.185	116.290
476	15	255	741.100	534.900	13.071	4.659	4.099	45.001
477	2	255	130.000	535.500	4.243	2.257	1.128	0.000
478	13	255	787.192	532.962	22.142	5.177	3.197	146.575
479	1	255	992.500	534.500	2.828	1.128	1.128	0.000
480	9	255	1169.278	532.611	11.899	4.692	2.442	32.962
481	3	255	992.833	531.500	7.657	3.213	1.189	118.155
482	1	255	1223.500	532.500	2.828	1.128	1.128	0.000
483	33	255	98.227	528.258	28.627	8.800	4.775	71.714
484	17	255	468.088	529.618	13.899	5.229	4.140	74.828
485	78	255	975.628	526.410	32.627	10.418	9.533	89.413
486	24	255	203.667	528.708	18.728	5.979	5.111	15.963
487	13	255	516.577	528.808	13.314	4.905	3.375	44.613
488	1	255	1223.500	529.500	2.828	1.128	1.128	0.000
489	42	255	662.405	521.857	59.841	7.734	6.914	27.334
490	28	255	112.071	522.250	24.385	7.916	4.504	139.919
491	45	255	258.944	522.567	23.556	7.990	7.171	167.793
492	38	255	383.868	515.079	29.799	8.421	5.746	161.043
493	30	255	284.500	515.100	26.627	8.334	4.583	111.924
494	1	255	965.500	518.500	2.828	1.128	1.128	0.000
495	7	255	189.500	516.500	8.485	3.772	2.363	45.000
496	18	255	533.000	515.278	14.485	5.282	4.339	90.000
497	31	255	589.081	514.984	20.728	6.838	5.773	145.548
498	10	255	963.900	515.100	18.728	4.658	2.733	126.150
499	14	255	503.786	514.857	19.556	5.150	3.461	129.100
500	1	255	1132.500	516.500	2.828	1.128	1.128	0.000
501	1	255	595.500	515.500	2.828	1.128	1.128	0.000
502	7	255	791.643	515.071	14.485	5.419	1.645	16.943
503	2	255	499.500	514.000	4.828	2.257	1.128	90.000
504	1	255	501.500	513.500	2.828	1.128	1.128	0.000
505	39	255	794.115	509.218	43.941	9.133	5.437	23.955
506	2	255	1129.000	513.000	5.657	2.596	0.981	135.000
507	23	255	560.065	509.891	38.284	6.046	4.844	121.883
508	15	255	929.633	509.567	18.728	5.684	3.360	86.588
509	2	255	932.500	510.000	4.828	2.257	1.128	90.000
510	15	255	318.567	506.967	18.971	5.111	3.737	119.745
511	22	255	497.545	506.318	18.728	6.545	4.280	144.989
512	1	255	924.500	508.500	2.828	1.128	1.128	0.000
513	37	255	253.689	503.284	25.799	7.248	6.500	109.747
514	11	255	462.409	505.591	13.314	4.111	3.407	167.778
515	1	255	926.500	507.500	2.828	1.128	1.128	0.000
516	1	255	1161.500	506.500	2.828	1.128	1.128	0.000
517	1	255	315.500	505.500	2.828	1.128	1.128	0.000
518	12	255	711.667	503.583	22.142	4.403	3.470	16.464
519	25	255	852.980	503.540	23.556	6.468	4.921	165.767
520	19	255	388.132	502.605	23.799	5.452	4.437	67.388
521	11	255	945.955	502.864	16.142	3.888	3.603	4.731
522	1	255	1160.500	501.500	2.828	1.128	1.128	0.000
523	1	255	1156.500	500.500	2.828	1.128	1.128	0.000
524	19	255	526.553	496.342	14.728	4.940	4.897	18.435
525	3	255	17.833	496.500	7.657	3.213	1.189	118.155
526	10	255	337.000	496.700	10.485	4.111	3.097	2.596E-14
527	24	255	1117.458	493.292	41.213	6.129	4.986	117.186
528	37	255	202.824	492.851	30.385	8.366	5.631	155.647
529	50	255	240.440	491.740	48.770	8.880	7.169	164.598
530	25	255	573.860	492.540	25.799	6.390	4.982	101.956
531	8	255	998.250	493.625	13.314	4.589	2.220	79.208
532	3	255	1116.167	493.167	5.657	2.365	1.615	135.000
533	22	255	342.636	490.773	17.071	5.821	4.812	150.552
534	25	255	516.180	487.260	20.728	6.587	4.832	27.652
535	1	255	881.500	489.500	2.828	1.128	1.128	0.000
536	19	255	150.921	485.711	16.728	6.206	3.898	152.279
537	2	255	202.000	487.500	4.243	2.257	1.128	0.000
538	24	255	703.000	484.833	27.456	6.546	4.668	82.372
539	2	255	621.000	485.500	4.243	2.257	1.128	0.000
540	16	255	617.625	481.438	17.556	5.518	3.692	113.021
541	7	255	952.786	482.643	12.485	4.214	2.115	124.099
542	17	255	260.676	481.147	15.314	5.097	4.247	95.655
543	19	255	534.763	480.974	27.213	5.673	4.265	41.581
544	14	255	835.714	479.071	22.385	4.823	3.696	73.373
545	41	255	421.500	476.988	31.456	8.469	6.164	92.501
546	3	255	830.833	479.500	7.657	3.213	1.189	118.155
547	14	255	663.786	476.929	13.899	4.493	3.967	116.565
548	37	255	763.527	472.554	52.770	7.160	6.580	126.838
549	3	255	416.500	474.500	6.828	3.385	1.128	90.000
550	1	255	909.500	474.500	2.828	1.128	1.128	0.000
551	19	255	160.026	471.237	16.728	5.627	4.299	119.368
552	19	255	175.079	469.868	16.142	5.079	4.763	136.468
553	1	255	909.500	471.500	2.828	1.128	1.128	0.000
554	10	255	514.300	467.100	18.142	5.688	2.238	88.027
555	3	255	520.500	467.500	6.828	3.385	1.128	90.000
556	18	255	797.778	464.889	21.556	5.557	4.124	123.227
557	27	255	36.389	463.093	18.728	6.266	5.487	149.714
558	3	255	518.500	464.500	6.243	3.385	1.128	0.000
559	2	255	802.000	462.500	4.243	2.257	1.128	0.000
560	1	255	982.500	462.500	2.828	1.128	1.128	0.000
561	40	255	445.875	457.000	31.799	8.911	5.716	68.485
562	1	255	981.500	460.500	2.828	1.128	1.128	0.000
563	18	255	415.056	457.833	18.971	5.672	4.041	4.224
564	25	255	594.740	455.940	18.142	5.866	5.427	160.239
565	1	255	981.500	458.500	2.828	1.128	1.128	0.000
566	23	255	547.326	454.761	21.799	6.207	4.718	23.312
567	44	255	151.318	452.273	27.799	7.603	7.368	6.162
568	1	255	450.500	455.500	2.828	1.128	1.128	0.000
569	2	255	951.000	455.000	5.657	2.596	0.981	45.000
570	28	255	488.500	452.107	22.142	6.214	5.737	138.142
571	23	255	1014.196	452.457	17.899	5.897	4.966	52.435
572	32	255	141.125	450.938	20.728	6.885	5.918	121.114
573	2	255	449.500	453.000	4.828	2.257	1.128	90.000
574	1	255	755.500	453.500	2.828	1.128	1.128	0.000
575	1	255	931.500	452.500	2.828	1.128	1.128	0.000
576	4	255	1147.000	451.000	5.657	2.257	2.257	0.000
577	24	255	758.375	447.333	26.385	7.398	4.130	21.894
578	22	255	929.727	447.409	18.142	5.783	4.844	119.358
579	1	255	752.500	449.500	2.828	1.128	1.128	0.000
580	9	255	1147.056	448.611	19.556	5.670	2.021	3.730
581	1	255	1039.500	448.500	2.828	1.128	1.128	0.000
582	9	255	1131.944	446.611	15.314	4.237	2.704	150.482
583	1	255	648.500	447.500	2.828	1.128	1.128	0.000
584	13	255	797.577	445.731	13.314	4.588	3.608	91.788
585	15	255	1218.433	443.900	20.728	7.004	2.727	105.482
586	26	255	232.192	443.577	26.042	6.354	5.210	47.257
587	5	255	1067.900	444.900	9.657	4.076	1.562	110.994
588	8	255	1111.875	444.250	13.657	5.913	1.723	78.474
589	13	255	326.269	441.731	19.556	6.316	2.621	111.001
590	6	255	329.833	444.333	10.485	4.387	1.742	122.243
591	1	255	1221.500	445.500	2.828	1.128	1.128	0.000
592	7	255	899.786	442.643	12.485	4.214	2.115	124.099
593	32	255	338.906	440.219	24.971	7.094	5.743	83.243
594	22	255	651.136	441.591	20.728	6.357	4.407	31.296
595	28	255	363.107	437.821	41.698	6.542	5.449	19.592
596	24	255	523.333	438.917	18.142	6.210	4.921	83.332
597	27	255	417.093	436.537	22.385	7.148	4.809	88.573
598	1	255	234.500	438.500	2.828	1.128	1.128	0.000
599	29	255	1049.431	434.810	20.971	6.520	5.664	146.100
600	26	255	329.885	433.846	32.627	5.838	5.671	116.422
601	1	255	1044.500	435.500	2.828	1.128	1.128	0.000
602	34	255	75.294	431.000	24.385	8.051	5.377	10.705
603	1	255	328.500	433.500	2.828	1.128	1.128	0.000
604	1	255	367.500	433.500	2.828	1.128	1.128	0.000
605	27	255	130.981	429.944	18.728	6.427	5.349	154.359
606	20	255	189.100	430.800	16.728	6.612	3.852	166.784
607	80	255	487.450	427.450	32.385	11.606	8.776	68.363
608	11	255	575.864	430.318	13.314	4.269	3.281	30.964
609	1	255	861.500	431.500	2.828	1.128	1.128	0.000
610	19	255	930.289	427.816	28.627	5.897	4.102	123.526
611	16	255	859.812	428.688	16.728	6.234	3.268	171.670
612	16	255	895.625	424.688	25.799	5.811	3.506	130.492
613	2	255	898.000	428.000	5.657	2.596	0.981	135.000
614	36	255	156.028	423.556	32.870	7.520	6.096	16.506
615	12	255	442.417	423.750	19.556	6.048	2.526	83.157
616	1	255	550.500	426.500	2.828	1.128	1.128	0.000
617	1	255	552.500	426.500	2.828	1.128	1.128	0.000
618	23	255	264.370	421.413	20.142	7.339	3.990	154.317
619	24	255	548.167	420.375	31.799	6.943	4.401	155.508
620	2	255	554.500	423.000	4.828	2.257	1.128	90.000
621	22	255	1091.909	419.818	27.213	6.603	4.242	128.184
622	18	255	391.333	420.778	14.728	5.289	4.334	31.586
623	13	255	854.654	420.423	15.314	5.363	3.086	66.380
624	16	255	255.375	419.375	16.142	5.403	3.770	34.419
625	1	255	1094.500	420.500	2.828	1.128	1.128	0.000
626	4	255	1026.000	419.000	5.657	2.257	2.257	0.000
627	50	255	336.780	414.660	46.284	9.251	6.882	35.051
628	13	255	275.115	416.654	20.142	6.120	2.704	161.303
629	1	255	285.500	417.500	2.828	1.128	1.128	0.000
630	68	255	726.191	413.515	29.799	10.067	8.600	29.277
631	1	255	287.500	416.500	2.828	1.128	1.128	0.000
632	19	255	286.079	412.921	15.314	6.007	4.028	5.582
633	1	255	274.500	413.500	2.828	1.128	1.128	0.000
634	32	255	351.281	409.281	23.799	7.283	5.594	35.588
635	17	255	924.853	410.382	26.385	5.310	4.076	30.473
636	17	255	194.029	409.206	15.556	5.285	4.095	29.650
637	2	255	761.000	408.000	5.657	2.596	0.981	135.000
638	14	255	316.000	406.214	12.485	4.264	4.181	2.771E-13
639	16	255	480.188	402.188	24.971	6.735	3.025	91.091
640	19	255	62.816	402.711	27.799	5.328	4.541	43.448
641	1	255	234.500	405.500	2.828	1.128	1.128	0.000
642	33	255	1207.955	401.015	41.456	7.178	5.854	47.601
643	32	255	233.188	401.344	24.385	7.787	5.232	4.892
644	1	255	1204.500	404.500	2.828	1.128	1.128	0.000
645	35	255	249.614	400.186	21.556	7.456	5.977	138.757
646	16	255	484.125	401.750	13.899	4.841	4.208	75.128
647	17	255	591.971	400.324	24.971	5.752	3.763	122.729
648	3	255	1104.167	403.167	5.657	2.365	1.615	135.000
649	1	255	1106.500	403.500	2.828	1.128	1.128	0.000
650	3	255	1127.833	402.500	7.657	3.213	1.189	61.845
651	29	255	730.328	399.500	21.556	7.744	4.768	84.634
652	1	255	861.500	402.500	2.828	1.128	1.128	0.000
653	20	255	1185.450	399.950	27.799	6.432	3.959	60.823
654	15	255	339.767	400.167	19.314	4.758	4.014	153.683
655	22	255	446.591	398.500	19.314	6.065	4.618	163.657
656	9	255	994.389	398.611	17.899	5.014	2.286	107.824
657	1	255	860.500	400.500	2.828	1.128	1.128	0.000
658	14	255	740.643	396.571	23.556	4.823	3.696	53.201
659	1	255	1127.500	399.500	2.828	1.128	1.128	0.000
660	29	255	55.155	395.500	21.556	6.814	5.419	111.661
661	4	255	239.000	397.500	9.899	4.441	1.147	148.283
662	1	255	242.500	398.500	2.828	1.128	1.128	0.000
663	1	255	335.500	398.500	2.828	1.128	1.128	0.000
664	1	255	735.500	398.500	2.828	1.128	1.128	0.000
665	8	255	886.250	395.000	16.142	4.419	2.305	90.000
666	10	255	579.700	394.600	14.728	5.778	2.203	13.534
667	1	255	587.500	395.500	2.828	1.128	1.128	0.000
668	1	255	591.500	393.500	2.828	1.128	1.128	0.000
669	1	255	889.500	393.500	2.828	1.128	1.128	0.000
670	34	255	312.882	389.706	21.556	7.140	6.063	163.376
671	29	255	580.914	389.845	27.799	7.598	4.860	7.505
672	2	255	253.000	390.500	4.243	2.257	1.128	0.000
673	15	255	680.367	386.567	13.899	4.829	3.955	103.704
674	22	255	755.182	386.091	34.870	6.503	4.308	60.878
675	7	255	996.786	385.786	11.314	5.325	1.674	135.000
676	22	255	334.545	378.273	16.728	5.937	4.718	86.302
677	12	255	703.750	377.833	11.899	4.164	3.669	70.195
678	4	255	844.250	378.000	9.657	3.969	1.283	107.609
679	12	255	840.667	376.417	16.142	4.251	3.594	78.019
680	1	255	836.500	377.500	2.828	1.128	1.128	0.000
681	1	255	330.500	375.500	2.828	1.128	1.128	0.000
682	25	255	1097.660	370.140	30.385	7.807	4.077	126.227
683	10	255	104.600	371.700	17.314	5.872	2.168	99.959
684	5	255	100.100	372.300	7.657	3.144	2.025	71.565
685	2	255	485.000	373.000	5.657	2.596	0.981	135.000
686	8	255	604.250	371.000	10.485	4.501	2.263	68.645
687	23	255	487.065	368.239	30.042	7.099	4.125	20.912
688	1	255	607.500	371.500	2.828	1.128	1.128	0.000
689	1	255	837.500	370.500	2.828	1.128	1.128	0.000
690	23	255	862.413	367.196	33.456	6.083	4.814	50.049
691	16	255	836.750	366.750	18.971	6.786	3.002	123.875
692	19	255	939.974	365.132	28.971	6.402	3.779	136.596
693	40	255	156.700	364.350	45.941	7.498	6.792	114.749
694	27	255	460.389	364.611	20.971	6.770	5.078	91.005
695	1	255	839.500	367.500	2.828	1.128	1.128	0.000
696	20	255	1132.750	363.650	28.042	6.426	3.963	77.494
697	1	255	103.500	366.500	2.828	1.128	1.128	0.000
698	51	255	645.500	362.912	51.355	8.637	7.518	28.762
699	14	255	1192.929	362.214	20.142	5.780	3.084	108.744
700	21	255	699.786	355.929	30.627	8.094	3.303	117.461
701	27	255	181.611	357.759	22.142	6.736	5.104	97.737
702	14	255	626.071	357.714	13.314	4.554	3.914	98.082
703	1	255	703.500	359.500	2.828	1.128	1.128	0.000
704	1	255	706.500	359.500	2.828	1.128	1.128	0.000
705	14	255	710.929	356.857	18.971	5.013	3.556	62.755
706	17	255	383.676	356.029	20.971	5.309	4.077	47.994
707	8	255	911.375	356.375	15.314	5.812	1.752	60.259
708	29	255	916.534	353.431	38.870	7.716	4.785	57.120
709	2	255	702.500	357.000	4.828	2.257	1.128	90.000
710	14	255	1034.357	354.786	23.556	5.807	3.069	150.658
711	4	255	971.500	356.000	7.071	3.216	1.583	148.283
712	41	255	156.280	350.378	34.042	7.889	6.617	80.219
713	1	255	915.500	355.500	2.828	1.128	1.128	0.000
714	4	255	967.750	353.000	9.657	3.969	1.283	107.609
715	13	255	579.962	352.192	17.314	5.581	2.966	140.200
716	5	255	1086.300	352.900	7.071	3.144	2.025	161.565
717	11	255	773.955	350.955	20.728	5.191	2.698	43.472
718	9	255	923.500	349.944	15.314	4.664	2.457	117.791
719	1	255	970.500	350.500	2.828	1.128	1.128	0.000
720	1	255	579.500	348.500	2.828	1.128	1.128	0.000
721	5	255	1085.500	348.500	10.243	5.642	1.128	0.000
722	1	255	776.500	347.500	2.828	1.128	1.128	0.000
723	23	255	673.239	343.152	18.728	6.455	4.537	69.315
724	15	255	366.700	342.500	23.799	4.477	4.266	19.903
725	21	255	520.452	341.738	31.213	5.540	4.826	155.126
726	20	255	733.250	341.850	29.456	5.685	4.479	31.242
727	36	255	171.806	340.472	32.870	7.402	6.192	142.192
728	36	255	281.806	339.222	29.799	7.496	6.115	89.941
729	21	255	891.071	338.548	33.556	5.716	4.677	121.578
730	4	255	395.000	340.000	5.657	2.257	2.257	0.000
731	15	255	708.567	338.233	26.385	8.454	2.259	41.926
732	29	255	343.810	336.086	28.042	6.875	5.370	68.155
733	81	255	714.796	334.216	45.113	12.031	8.572	61.944
734	1	255	655.500	337.500	2.828	1.128	1.128	0.000
735	3	255	482.500	335.167	7.071	3.213	1.189	151.845
736	38	255	481.658	328.763	36.042	8.713	5.553	141.281
737	19	255	135.395	330.921	15.071	5.550	4.359	167.179
738	38	255	252.895	326.184	38.385	8.278	5.845	116.860
739	1	255	253.500	332.500	2.828	1.128	1.128	0.000
740	1	255	484.500	332.500	2.828	1.128	1.128	0.000
741	9	255	970.167	331.722	13.899	5.322	2.153	12.017
742	22	255	546.909	329.045	24.385	6.806	4.115	25.621
743	11	255	610.136	329.864	11.899	4.313	3.248	25.413
744	3	255	968.500	325.833	7.071	3.213	1.189	151.845
745	23	255	721.630	322.543	20.971	5.871	4.988	114.918
746	18	255	752.500	321.778	27.799	5.724	4.004	39.603
747	1	255	546.500	324.500	2.828	1.128	1.128	0.000
748	11	255	682.227	323.409	16.142	4.646	3.014	148.283
749	2	255	549.000	323.500	4.243	2.257	1.128	0.000
750	1	255	728.500	323.500	2.828	1.128	1.128	0.000
751	18	255	520.722	320.222	15.314	5.524	4.149	31.098
752	47	255	845.628	315.245	38.042	9.188	6.513	119.949
753	1	255	1041.500	321.500	2.828	1.128	1.128	0.000
754	24	255	888.333	318.292	20.971	6.793	4.499	12.484
755	1	255	1037.500	320.500	2.828	1.128	1.128	0.000
756	1	255	850.500	318.500	2.828	1.128	1.128	0.000
757	24	255	19.125	313.667	21.556	6.439	4.746	142.052
758	20	255	357.550	314.450	16.142	5.623	4.528	168.574
759	36	255	869.500	312.611	39.456	7.711	5.944	87.912
760	36	255	332.167	310.583	34.870	7.381	6.210	74.346
761	1	255	885.500	314.500	2.828	1.128	1.128	0.000
762	8	255	952.875	307.500	15.314	6.151	1.656	113.908
763	26	255	286.192	306.731	36.284	6.807	4.863	15.603
764	23	255	500.413	307.848	17.899	5.971	4.904	152.993
765	2	255	958.500	309.000	4.828	2.257	1.128	90.000
766	1	255	875.500	308.500	2.828	1.128	1.128	0.000
767	3	255	387.500	306.500	6.243	3.385	1.128	0.000
768	1	255	494.500	306.500	2.828	1.128	1.128	0.000
769	2	255	1152.000	306.000	5.657	2.596	0.981	45.000
770	15	255	467.967	303.500	16.142	4.930	3.874	84.488
771	46	255	837.022	301.261	63.255	7.986	7.334	36.066
772	1	255	956.500	305.500	2.828	1.128	1.128	0.000
773	35	255	992.557	302.529	21.799	6.911	6.448	12.251
774	32	255	389.844	301.344	20.971	7.336	5.554	40.803
775	11	255	767.955	301.955	16.728	6.853	2.044	142.652
776	2	255	383.500	303.000	4.828	2.257	1.128	90.000
777	2	255	498.000	303.500	4.243	2.257	1.128	0.000
778	92	255	704.935	298.337	34.385	11.228	10.433	91.420
779	19	255	757.763	300.605	27.213	6.222	3.888	74.912
780	16	255	198.750	300.812	20.142	5.722	3.560	162.499
781	1	255	284.500	302.500	2.828	1.128	1.128	0.000
782	15	255	507.233	299.167	17.314	5.501	3.472	139.941
783	22	255	654.318	299.000	26.385	6.818	4.108	62.504
784	35	255	805.586	299.043	20.142	7.440	5.990	158.807
785	15	255	416.433	296.700	14.142	5.508	3.467	38.080
786	1	255	657.500	298.500	2.828	1.128	1.128	0.000
787	1	255	997.500	297.500	2.828	1.128	1.128	0.000
788	2	255	659.000	296.000	5.657	2.596	0.981	45.000
789	21	255	993.262	292.929	27.213	5.770	4.634	68.221
790	51	255	597.971	289.931	24.385	8.201	7.917	156.801
791	13	255	382.269	289.731	12.485	4.762	3.476	45.000
792	12	255	972.833	290.000	16.728	5.249	2.911	42.834
793	6	255	721.167	288.000	15.314	4.471	1.709	104.727
794	3	255	726.167	289.500	7.657	3.213	1.189	118.155
795	18	255	371.667	287.056	16.728	5.362	4.274	26.470
796	14	255	855.429	287.857	13.314	4.593	3.881	3.563
797	20	255	398.750	286.500	17.314	5.602	4.546	126.557
798	33	255	24.258	279.894	28.385	8.232	5.104	66.736
799	2	255	375.500	285.000	4.828	2.257	1.128	90.000
800	16	255	560.750	283.938	13.899	5.015	4.062	152.010
801	44	255	993.591	281.932	24.142	8.464	6.619	103.242
802	2	255	1110.000	285.500	4.243	2.257	1.128	0.000
803	15	255	1070.700	280.833	24.142	5.702	3.349	107.327
804	1	255	20.500	283.500	2.828	1.128	1.128	0.000
805	11	255	1003.500	281.045	18.728	5.143	2.723	104.759
806	37	255	1036.176	279.392	38.627	8.231	5.723	82.864
807	2	255	1204.000	283.000	5.657	2.596	0.981	135.000
808	1	255	370.500	282.500	2.828	1.128	1.128	0.000
809	9	255	471.833	281.611	9.899	3.919	2.924	159.699
810	43	255	136.360	277.826	32.870	7.845	6.979	96.420
811	10	255	540.000	279.000	20.142	4.265	2.985	129.848
812	5	255	1166.500	280.300	11.071	4.839	1.316	168.251
813	4	255	895.000	278.000	11.314	5.325	0.956	45.000
814	1	255	1074.500	279.500	2.828	1.128	1.128	0.000
815	18	255	1165.444	274.778	30.627	6.260	3.661	171.878
816	2	255	535.500	276.000	4.828	2.257	1.128	90.000
817	5	255	822.900	275.700	7.657	3.144	2.025	71.565
818	2	255	825.500	276.000	4.828	2.257	1.128	90.000
819	8	255	973.375	275.125	13.314	3.982	2.558	100.724
820	2	255	925.000	275.500	4.243	2.257	1.128	0.000
821	1	255	132.500	274.500	2.828	1.128	1.128	0.000
822	23	255	419.457	271.500	20.728	5.873	4.986	161.169
823	1	255	893.500	273.500	2.828	1.128	1.128	0.000
824	31	255	120.823	267.145	24.971	6.724	5.870	151.599
825	17	255	368.794	267.147	18.728	5.925	3.653	41.480
826	2	255	1154.500	268.000	4.828	2.257	1.128	90.000
827	2	255	423.500	267.000	4.828	2.257	1.128	90.000
828	32	255	862.906	262.688	48.527	6.767	6.021	122.854
829	8	255	1019.500	265.500	12.485	4.714	2.161	112.500
830	1	255	1021.500	267.500	2.828	1.128	1.128	0.000
831	3	255	1114.500	267.500	6.243	3.385	1.128	0.000
832	64	255	1128.203	263.531	28.971	9.456	8.618	84.768
833	1	255	1111.500	266.500	2.828	1.128	1.128	0.000
834	1	255	1117.500	265.500	2.828	1.128	1.128	0.000
835	1	255	118.500	263.500	2.828	1.128	1.128	0.000
836	1	255	752.500	263.500	2.828	1.128	1.128	0.000
837	23	255	954.109	259.457	34.284	6.168	4.748	120.713
838	6	255	1115.833	262.000	10.485	4.224	1.809	90.000
839	16	255	1117.000	260.188	28.971	7.117	2.862	20.755
840	44	255	261.750	257.500	53.255	9.555	5.863	123.306
841	18	255	319.222	260.611	16.485	5.923	3.869	108.219
842	1	255	1110.500	262.500	2.828	1.128	1.128	0.000
843	1	255	96.500	259.500	2.828	1.128	1.128	0.000
844	5	255	98.900	255.500	10.485	4.409	1.444	139.265
845	10	255	1047.900	254.400	18.142	4.489	2.836	85.184
846	35	255	335.843	252.443	43.456	7.732	5.764	36.075
847	35	255	255.443	249.814	41.213	7.183	6.204	164.239
848	28	255	416.179	249.643	39.456	6.480	5.502	107.875
849	34	255	602.118	247.059	30.971	7.952	5.444	59.422
850	42	255	490.310	244.619	29.799	7.490	7.139	135.127
851	4	255	900.000	248.500	7.657	3.216	1.583	58.283
852	14	255	290.286	247.143	12.728	4.746	3.756	24.358
853	1	255	250.500	247.500	2.828	1.128	1.128	0.000
854	11	255	389.409	245.136	20.142	7.058	1.984	11.588
855	8	255	392.875	240.500	16.728	6.511	1.565	49.578
856	18	255	840.722	239.722	30.627	5.241	4.373	162.176
857	1	255	842.500	243.500	2.828	1.128	1.128	0.000
858	60	255	223.417	237.967	46.527	9.322	8.195	77.530
859	18	255	637.722	239.778	15.314	5.524	4.149	148.902
860	15	255	1188.300	238.967	20.728	6.084	3.139	147.783
861	1	255	1189.500	241.500	2.828	1.128	1.128	0.000
862	8	255	772.250	238.250	13.657	5.666	1.798	94.731
863	1	255	348.500	239.500	2.828	1.128	1.128	0.000
864	14	255	352.286	237.714	13.899	5.122	3.480	68.561
865	39	255	273.397	235.115	32.042	7.807	6.360	124.941
866	1	255	387.500	238.500	2.828	1.128	1.128	0.000
867	63	255	529.595	234.468	28.385	8.961	8.952	71.565
868	14	255	1050.000	234.286	26.971	5.394	3.305	91.688
869	11	255	22.227	235.318	13.314	5.272	2.657	146.724
870	22	255	34.727	234.273	19.314	6.178	4.534	118.004
871	14	255	578.786	234.429	20.385	5.313	3.355	55.379
872	22	255	469.409	233.409	15.899	5.554	5.043	45.000
873	3	255	270.167	231.167	5.657	2.365	1.615	135.000
874	20	255	751.750	226.850	38.042	5.632	4.522	12.198
875	1	255	272.500	229.500	2.828	1.128	1.128	0.000
876	34	255	388.971	226.794	29.213	8.665	4.996	30.240
877	14	255	553.000	228.214	12.485	4.264	4.181	2.771E-13
878	2	255	687.000	226.500	4.243	2.257	1.128	0.000
879	2	255	938.000	226.000	5.657	2.596	0.981	45.000
880	10	255	88.500	223.600	12.728	4.199	3.032	0.000
881	1	255	689.500	224.500	2.828	1.128	1.128	0.000
882	10	255	941.200	221.500	18.971	4.752	2.679	159.800
883	4	255	389.500	221.250	8.485	3.676	1.385	50.310
884	32	255	513.688	218.469	53.012	6.539	6.231	57.140
885	10	255	841.800	219.100	17.314	4.937	2.579	26.665
886	1	255	512.500	218.500	2.828	1.128	1.128	0.000
887	22	255	876.318	212.091	30.627	5.984	4.681	136.236
888	50	255	369.800	205.420	45.113	8.987	7.084	67.068
889	6	255	843.500	207.000	12.828	6.770	1.128	90.000
890	1	255	847.500	208.500	2.828	1.128	1.128	0.000
891	2	255	905.000	207.500	4.243	2.257	1.128	0.000
892	3	255	847.167	205.500	7.657	3.213	1.189	61.845
893	38	255	905.737	202.026	49.941	7.642	6.331	3.820
894	21	255	1008.833	203.833	30.627	6.903	3.873	57.557
895	26	255	390.192	201.462	21.556	6.713	4.931	102.565
896	2	255	1218.500	205.000	4.828	2.257	1.128	90.000
897	20	255	325.750	199.500	16.142	5.582	4.562	0.000
898	1	255	580.500	201.500	2.828	1.128	1.128	0.000
899	17	255	586.382	198.912	25.213	5.507	3.931	80.557
900	30	255	74.133	198.033	25.556	6.713	5.690	100.589
901	22	255	94.045	198.318	18.142	5.997	4.671	159.940
902	30	255	123.633	197.000	20.142	6.358	6.007	67.579
903	13	255	460.885	197.269	12.485	4.253	3.892	59.036
904	21	255	873.500	193.595	30.042	7.615	3.511	67.139
905	1	255	329.500	196.500	2.828	1.128	1.128	0.000
906	28	255	395.143	193.536	34.870	6.917	5.154	42.510
907	9	255	760.056	194.500	15.314	3.901	2.937	43.939
908	6	255	918.333	193.500	11.657	4.630	1.650	90.000
909	2	255	96.500	194.000	4.828	2.257	1.128	90.000
910	4	255	1119.000	193.250	9.071	3.969	1.283	162.391
911	20	255	593.750	189.200	24.971	5.960	4.273	132.998
912	20	255	570.100	188.750	18.142	5.903	4.314	87.510
913	1	255	123.500	190.500	2.828	1.128	1.128	0.000
914	7	255	1118.500	188.786	12.485	5.205	1.712	0.000
915	46	255	792.630	179.109	47.355	8.000	7.321	109.983
916	2	255	427.000	182.000	5.657	2.596	0.981	135.000
917	38	255	429.211	174.289	23.799	7.604	6.363	33.017
918	36	255	388.167	173.944	29.213	8.281	5.535	173.464
919	1	255	423.500	176.500	2.828	1.128	1.128	0.000
920	20	255	733.250	173.300	16.728	6.025	4.226	51.397
921	22	255	67.636	172.818	23.556	8.200	3.416	24.641
922	36	255	475.361	171.111	20.728	7.372	6.218	17.029
923	18	255	357.222	168.611	14.728	5.088	4.504	64.594
924	21	255	896.214	168.310	30.385	6.319	4.231	11.068
925	22	255	216.227	167.091	16.142	5.888	4.758	74.352
926	12	255	698.083	167.583	14.142	4.926	3.102	126.551
927	2	255	388.000	168.500	4.243	2.257	1.128	0.000
928	9	255	909.944	167.500	15.314	4.675	2.451	155.213
929	10	255	601.400	162.200	15.314	4.729	2.692	111.535
930	10	255	670.100	163.300	15.556	4.062	3.134	21.255
931	4	255	908.500	164.000	7.071	3.216	1.583	148.283
932	19	255	514.711	161.974	18.142	6.914	3.499	11.146
933	1	255	604.500	161.500	2.828	1.128	1.128	0.000
934	5	255	641.500	158.900	11.899	4.833	1.317	27.892
935	1	255	667.500	159.500	2.828	1.128	1.128	0.000
936	2	255	1008.500	159.000	4.828	2.257	1.128	90.000
937	38	255	124.921	155.579	28.385	8.635	5.603	1.775
938	5	255	565.100	157.500	9.899	4.409	1.444	139.265
939	20	255	83.300	155.200	16.142	5.361	4.750	106.076
940	25	255	887.580	153.860	32.042	6.427	4.952	66.537
941	16	255	245.000	152.500	13.314	4.963	4.105	90.000
942	21	255	611.881	152.024	16.142	5.855	4.566	93.709
943	11	255	348.864	152.409	11.071	4.384	3.195	164.929
944	79	255	158.981	147.335	32.385	10.512	9.568	16.828
945	26	255	1035.231	146.308	44.284	6.303	5.253	173.013
946	32	255	1018.250	147.094	22.385	7.536	5.406	73.014
947	13	255	361.654	147.577	13.314	4.649	3.560	163.764
948	22	255	761.409	146.136	16.728	5.981	4.683	124.751
949	6	255	755.333	146.500	8.485	3.718	2.055	126.870
950	23	255	986.109	144.370	22.971	6.556	4.467	18.435
951	78	255	389.359	141.077	32.385	10.447	9.506	114.187
952	73	255	736.267	141.390	30.385	10.048	9.250	24.884
953	87	255	858.305	140.270	33.799	11.671	9.491	26.011
954	1	255	1011.500	144.500	2.828	1.128	1.128	0.000
955	14	255	814.143	141.929	16.728	4.930	3.616	143.955
956	3	255	7.833	141.500	7.657	3.213	1.189	61.845
957	27	255	12.130	139.796	22.385	7.193	4.779	62.986
958	2	255	758.500	142.000	4.828	2.257	1.128	90.000
959	9	255	247.167	140.056	11.314	5.150	2.225	49.731
960	2	255	1177.000	139.000	5.657	2.596	0.981	135.000
961	25	255	254.260	136.460	17.314	6.416	4.962	27.031
962	3	255	1173.500	138.167	7.071	3.213	1.189	28.155
963	43	255	185.965	133.430	22.385	7.947	6.890	173.803
964	9	255	720.833	133.611	14.485	6.063	1.890	95.762
965	19	255	408.553	133.711	15.314	5.294	4.569	165.211
966	2	255	700.000	135.500	4.243	2.257	1.128	0.000
967	3	255	1174.833	134.833	5.657	2.365	1.615	135.000
968	35	255	335.557	131.929	25.799	8.215	5.424	166.206
969	5	255	1186.900	130.900	9.657	4.076	1.562	110.994
970	3	255	405.500	129.500	6.828	3.385	1.128	90.000
971	21	255	284.500	127.500	15.314	5.171	5.171	0.000
972	4	255	690.000	129.250	9.071	3.969	1.283	162.391
973	1	255	1058.500	129.500	2.828	1.128	1.128	0.000
974	14	255	927.357	126.500	26.385	4.964	3.591	29.821
975	4	255	1056.500	127.000	8.828	4.514	1.128	90.000
976	47	255	322.479	122.904	43.113	9.018	6.636	104.732
977	17	255	386.441	125.676	14.728	5.176	4.181	26.118
978	2	255	688.500	127.000	4.828	2.257	1.128	90.000
979	4	255	691.000	125.250	9.899	4.428	1.150	36.091
980	34	255	954.676	122.971	28.971	7.744	5.590	137.444
981	37	255	71.959	122.716	21.314	7.614	6.188	65.947
982	2	255	289.000	124.500	4.243	2.257	1.128	0.000
983	44	255	361.727	120.318	44.284	7.604	7.368	175.575
984	2	255	709.000	123.500	4.243	2.257	1.128	0.000
985	24	255	598.875	120.500	19.556	6.242	4.895	11.471
986	23	255	938.761	118.761	28.142	7.053	4.152	137.715
987	1	255	1056.500	122.500	2.828	1.128	1.128	0.000
988	6	255	709.167	119.500	10.485	4.056	1.884	18.435
989	2	255	146.000	119.500	4.243	2.257	1.128	0.000
990	8	255	991.000	117.000	9.657	4.514	2.257	90.000
991	22	255	724.318	111.955	44.527	6.057	4.625	50.231
992	4	255	1072.000	115.750	8.485	2.887	1.764	104.872
993	1	255	993.500	115.500	2.828	1.128	1.128	0.000
994	13	255	87.962	113.115	13.314	4.243	3.901	163.632
995	3	255	718.833	113.500	7.657	3.213	1.189	61.845
996	1	255	1104.500	114.500	2.828	1.128	1.128	0.000
997	2	255	1101.500	113.000	4.828	2.257	1.128	90.000
998	2	255	723.000	112.500	4.243	2.257	1.128	0.000
999	21	255	402.357	108.738	22.142	6.206	4.309	158.825
1000	5	255	1053.300	107.900	9.657	3.732	1.706	84.848
1001	34	255	136.794	105.000	20.142	6.986	6.197	0.000
1002	21	255	105.929	101.071	16.971	5.718	4.676	70.505
1003	20	255	327.750	101.400	22.142	6.128	4.156	144.953
1004	18	255	602.167	101.222	18.971	5.715	4.010	105.012
1005	49	255	75.520	95.622	25.556	8.765	7.118	17.024
1006	24	255	869.625	94.125	18.728	6.178	4.946	100.128
1007	10	255	1182.200	94.300	14.728	5.764	2.209	138.075
1008	27	255	1029.796	88.944	23.556	6.305	5.453	133.447
1009	2	255	128.000	90.500	4.243	2.257	1.128	0.000
1010	4	255	125.500	88.000	8.828	4.514	1.128	90.000
1011	14	255	682.143	88.214	13.071	4.699	3.794	144.485
1012	7	255	888.643	86.929	15.314	4.784	1.863	10.231
1013	2	255	889.000	85.000	5.657	2.596	0.981	45.000
1014	14	255	909.143	83.857	16.142	4.872	3.659	25.055
1015	15	255	534.633	81.433	24.971	5.435	3.514	130.618
1016	1	255	891.500	83.500	2.828	1.128	1.128	0.000
1017	16	255	311.500	80.938	15.314	4.900	4.158	16.708
1018	23	255	556.543	80.065	18.142	6.424	4.559	110.276
1019	26	255	816.731	79.038	38.284	6.557	5.049	107.278
1020	16	255	84.312	75.750	18.142	5.781	3.524	22.546
1021	4	255	835.000	76.500	7.657	3.216	1.583	58.283
1022	21	255	26.119	71.071	24.385	5.802	4.608	166.768
1023	16	255	868.375	71.500	25.213	5.053	4.031	176.786
1024	6	255	1147.167	72.000	10.485	4.068	1.878	125.072
1025	24	255	846.375	68.458	27.799	7.748	3.944	78.161
1026	7	255	920.500	71.071	14.142	4.035	2.209	154.079
1027	7	255	1029.071	71.214	11.899	4.041	2.205	75.473
1028	37	255	397.581	69.068	28.385	7.999	5.890	153.195
1029	24	255	482.000	67.750	17.556	6.193	4.934	50.780
1030	1	255	851.500	70.500	2.828	1.128	1.128	0.000
1031	8	255	505.625	68.125	11.314	4.429	2.300	35.538
1032	3	255	906.167	68.833	5.657	2.365	1.615	45.000
1033	1	255	909.500	69.500	2.828	1.128	1.128	0.000
1034	5	255	917.700	68.100	7.657	3.144	2.025	161.565
1035	1	255	571.500	67.500	2.828	1.128	1.128	0.000
1036	22	255	815.773	64.409	37.113	6.108	4.586	3.777
1037	5	255	943.100	66.700	7.657	3.144	2.025	108.435
1038	22	255	346.591	64.318	16.728	5.906	4.743	22.706
1039	7	255	577.357	63.786	14.485	5.682	1.569	107.296
1040	2	255	907.000	66.500	4.243	2.257	1.128	0.000
1041	41	255	572.646	61.524	25.556	7.552	6.912	128.226
1042	15	255	1141.567	62.700	20.971	5.488	3.480	117.688
1043	3	255	351.833	63.833	5.657	2.365	1.615	135.000
1044	2	255	394.500	64.000	4.828	2.257	1.128	90.000
1045	1	255	504.500	63.500	2.828	1.128	1.128	0.000
1046	1	255	1144.500	63.500	2.828	1.128	1.128	0.000
1047	21	255	377.500	59.548	16.728	5.347	5.001	63.215
1048	16	255	696.812	54.562	18.142	7.071	2.881	103.219
1049	3	255	1220.833	57.167	5.657	2.365	1.615	45.000
1050	7	255	896.500	55.929	13.899	4.679	1.905	165.376
1051	30	255	330.633	53.067	22.971	7.521	5.079	24.214
1052	29	255	54.190	52.293	24.971	7.095	5.205	158.140
1053	1	255	701.500	53.500	2.828	1.128	1.128	0.000
1054	3	255	893.833	52.500	7.657	3.213	1.189	118.155
1055	22	255	149.727	49.136	16.728	5.749	4.872	114.160
1056	23	255	637.413	48.804	22.971	6.485	4.516	109.301
1057	34	255	885.441	47.971	40.870	7.204	6.009	42.960
1058	2	255	632.000	50.000	5.657	2.596	0.981	45.000
1059	43	255	201.267	43.174	36.870	8.236	6.648	105.553
1060	27	255	81.981	43.056	22.971	6.853	5.017	60.139
1061	2	255	77.500	46.000	4.828	2.257	1.128	90.000
1062	2	255	633.000	45.500	4.243	2.257	1.128	0.000
1063	1	255	147.500	43.500	2.828	1.128	1.128	0.000
1064	15	255	296.567	40.300	15.899	5.445	3.507	114.599
1065	28	255	530.000	40.036	22.971	6.905	5.163	154.136
1066	21	255	656.690	35.881	22.971	5.897	4.535	51.449
1067	9	255	1131.944	36.056	16.728	5.700	2.010	127.146
1068	27	255	677.685	32.537	35.456	6.637	5.180	96.640
1069	6	255	1080.667	31.833	11.314	3.431	2.226	94.213
1070	21	255	636.357	29.214	18.485	5.630	4.749	127.423
1071	1	255	658.500	31.500	2.828	1.128	1.128	0.000
1072	17	255	181.559	26.324	19.799	6.238	3.470	68.125
1073	45	255	466.656	26.056	32.284	7.995	7.166	51.146
1074	36	255	379.083	26.000	28.385	7.926	5.783	9.575
1075	44	255	432.682	22.364	32.042	9.061	6.183	119.040
1076	2	255	187.500	27.000	4.828	2.257	1.128	90.000
1077	4	255	1208.250	26.750	8.485	3.589	1.419	45.000
1078	1	255	437.500	26.500	2.828	1.128	1.128	0.000
1079	26	255	529.962	23.615	19.556	6.425	5.152	176.938
1080	4	255	184.750	23.500	8.485	3.676	1.385	39.690
1081	41	255	274.329	21.280	22.971	8.108	6.439	66.323
1082	3	255	438.167	23.500	7.657	3.213	1.189	61.845
1083	12	255	901.750	19.583	18.142	6.824	2.239	138.576
1084	5	255	906.100	21.100	9.657	4.076	1.562	110.994
1085	17	255	175.265	19.147	15.314	5.192	4.169	127.690
1086	1	255	903.500	21.500	2.828	1.128	1.128	0.000
1087	1	255	470.500	20.500	2.828	1.128	1.128	0.000
1088	17	255	704.676	16.912	29.799	4.852	4.461	118.155
1089	6	255	1011.000	19.500	12.243	6.770	1.128	0.000
1090	27	255	549.759	16.093	20.971	7.485	4.593	31.406
1091	21	255	190.310	15.357	18.728	6.037	4.429	7.768
1092	9	255	1009.278	15.611	13.314	5.834	1.964	144.412
1093	35	255	487.786	12.671	24.142	7.544	5.907	59.506
1094	15	255	56.367	10.233	16.728	5.987	3.190	173.107
1095	40	255	250.475	3.950	37.799	7.559	6.738	20.573
1096	21	255	311.119	5.024	18.142	5.879	4.548	75.208
1097	33	255	635.773	4.621	29.799	7.553	5.563	166.460
1098	17	255	403.265	2.735	16.728	5.187	4.173	119.666
1099	1	255	407.500	4.500	2.828	1.128	1.128	0.000
1100	6	255	1183.667	0.167	11.071	4.986	1.532	165.345
