 	Area	Mean	XM	YM	Perim.	Major	Minor	Angle
1	45	255	67.078	900.367	26.971	9.939	5.764	11.971
2	59	255	103.958	898.059	32.284	11.865	6.332	32.328
3	20	255	753.600	901.750	19.899	8.255	3.085	178.256
4	66	255	887.515	899.333	30.142	9.833	8.546	7.534
5	67	255	214.590	894.888	30.385	10.941	7.797	59.367
6	61	255	260.484	893.549	36.042	10.970	7.080	34.306
7	52	255	1065.154	880.673	30.385	10.705	6.185	106.502
8	51	255	609.206	882.990	27.556	10.462	6.207	12.268
9	48	255	909.938	879.417	30.042	10.081	6.062	35.013
10	54	255	22.852	876.037	30.971	8.760	7.849	40.291
11	42	255	250.548	877.310	26.385	8.354	6.401	84.395
12	64	255	812.719	876.922	28.385	10.586	7.697	161.425
13	18	255	1.167	874.167	20.485	7.927	2.891	93.954
14	83	255	163.681	872.801	33.799	11.656	9.066	92.746
15	50	255	306.520	872.660	31.799	9.876	6.446	60.181
16	95	255	914.258	863.616	38.284	13.218	9.151	113.903
17	77	255	1142.994	861.331	33.213	12.141	8.075	24.222
18	62	255	136.935	860.032	28.971	10.634	7.424	62.610
19	74	255	638.041	854.595	30.971	11.058	8.520	33.061
20	11	255	534.773	854.591	12.485	3.817	3.669	108.435
21	54	255	446.796	849.407	27.799	10.875	6.322	18.175
22	79	255	176.019	846.652	33.213	11.179	8.998	123.539
23	47	255	188.053	843.181	29.213	9.107	6.571	43.426
24	51	255	422.108	843.971	29.213	11.119	5.840	151.541
25	60	255	943.750	841.250	30.627	11.747	6.503	138.705
26	4	255	428.000	845.000	5.657	2.257	2.257	0.000
27	92	255	1035.087	838.772	34.627	12.056	9.716	61.105
28	61	255	1218.975	837.123	29.213	10.601	7.327	152.132
29	82	255	16.159	834.402	33.799	12.112	8.620	20.205
30	39	255	380.526	831.731	26.728	8.687	5.716	135.012
31	2	255	382.500	836.000	4.828	2.257	1.128	90.000
32	65	255	823.177	830.008	30.385	10.691	7.741	152.688
33	83	255	864.801	825.416	38.042	10.350	10.210	82.119
34	80	255	410.600	823.000	32.385	10.942	9.309	48.529
35	81	255	252.833	817.377	34.627	11.015	9.363	61.434
36	57	255	543.430	818.237	28.627	10.444	6.949	166.399
37	84	255	724.500	816.786	33.213	11.216	9.536	171.215
38	55	255	1017.664	816.809	26.627	9.383	7.463	10.930
39	69	255	1203.471	813.471	31.799	12.077	7.274	141.278
40	39	255	1219.013	814.321	24.385	9.298	5.340	176.424
41	59	255	30.619	809.297	28.385	8.995	8.352	66.807
42	36	255	297.583	810.278	25.213	9.035	5.073	127.825
43	74	255	559.919	808.486	36.870	12.652	7.447	157.495
44	88	255	1169.386	805.193	34.627	12.073	9.280	47.227
45	60	255	761.367	801.917	34.870	10.834	7.051	139.778
46	88	255	152.580	800.727	36.042	13.604	8.236	35.918
47	81	255	324.920	801.142	33.213	11.340	9.095	23.971
48	48	255	593.875	800.458	28.385	10.587	5.773	152.253
49	2	255	748.500	803.000	4.828	2.257	1.128	90.000
50	45	255	518.589	796.122	27.213	7.859	7.290	140.318
51	55	255	29.736	795.264	27.799	9.894	7.078	49.294
52	97	255	57.634	795.015	35.213	12.238	10.092	177.329
53	49	255	118.255	795.051	29.799	9.106	6.852	131.862
54	48	255	543.500	795.729	26.385	9.200	6.643	51.467
55	57	255	170.588	792.061	27.799	9.933	7.307	146.846
56	60	255	446.583	791.900	28.142	10.636	7.183	76.270
57	41	255	274.890	792.012	25.799	8.656	6.031	1.987
58	70	255	765.000	788.686	29.799	9.986	8.925	2.251
59	26	255	822.000	788.923	18.142	6.982	4.742	138.894
60	48	255	99.375	786.042	28.385	8.484	7.204	77.846
61	82	255	416.378	785.963	34.870	10.975	9.513	168.734
62	50	255	181.440	785.700	26.971	9.781	6.509	52.078
63	40	255	707.775	784.825	26.971	9.600	5.305	139.680
64	78	255	139.333	783.641	37.213	11.985	8.287	112.381
65	60	255	151.883	780.683	37.213	9.213	8.292	140.164
66	49	255	268.827	781.071	25.799	9.537	6.541	41.426
67	52	255	296.731	778.885	28.385	10.036	6.597	107.893
68	81	255	807.315	775.377	35.799	11.442	9.013	70.138
69	45	255	522.278	776.567	24.627	8.838	6.483	154.084
70	61	255	21.811	774.320	28.385	9.684	8.020	60.614
71	45	255	171.833	771.811	26.385	9.171	6.247	3.115
72	12	255	1.083	771.250	14.485	5.868	2.604	85.735
73	55	255	369.609	768.827	25.799	9.666	7.245	148.152
74	42	255	1142.595	768.619	23.213	8.068	6.628	3.511
75	74	255	566.324	763.108	31.799	10.840	8.692	51.590
76	42	255	50.143	760.881	27.213	10.238	5.224	30.246
77	42	255	531.024	757.000	27.799	10.792	4.955	118.795
78	72	255	1209.847	757.944	30.971	10.828	8.466	24.950
79	70	255	359.643	757.414	41.456	13.091	6.808	0.998
80	15	255	0.967	753.767	17.657	8.550	2.234	91.590
81	76	255	229.434	751.342	32.627	12.005	8.060	149.998
82	29	255	806.362	751.293	22.971	7.453	4.954	119.689
83	65	255	688.177	748.654	38.284	11.879	6.967	119.645
84	56	255	245.018	745.696	29.213	10.247	6.958	169.597
85	35	255	571.443	746.700	21.556	7.932	5.619	7.487
86	108	255	1207.296	742.731	44.527	14.543	9.456	149.622
87	32	255	388.375	744.656	23.556	8.549	4.766	160.413
88	1	255	364.500	746.500	2.828	1.128	1.128	0.000
89	28	255	460.107	742.500	21.556	7.605	4.688	116.288
90	48	255	366.021	742.438	27.799	9.469	6.454	178.732
91	79	255	183.044	739.867	31.213	10.780	9.331	41.988
92	40	255	753.950	741.625	25.213	9.258	5.501	1.053
93	59	255	76.314	738.398	32.627	10.299	7.294	137.658
94	48	255	479.542	738.812	31.213	10.344	5.908	146.170
95	58	255	194.224	736.362	30.385	9.043	8.166	87.216
96	58	255	206.741	733.414	41.456	9.135	8.084	83.515
97	86	255	604.209	732.163	36.627	12.917	8.477	82.756
98	82	255	1042.463	731.061	35.456	12.815	8.147	62.140
99	86	255	103.337	730.674	36.042	13.075	8.375	119.130
100	53	255	350.349	733.047	26.385	8.914	7.570	14.619
101	44	255	248.591	725.432	28.142	10.175	5.506	100.160
102	37	255	455.095	726.905	27.799	9.683	4.865	139.490
103	76	255	864.961	726.461	40.627	10.511	9.206	173.756
104	4	255	252.000	730.000	5.657	2.257	2.257	0.000
105	63	255	496.437	726.198	29.213	9.791	8.192	83.649
106	22	255	186.955	722.864	31.213	5.691	4.922	3.476
107	61	255	234.139	720.156	29.213	10.761	7.218	26.780
108	37	255	791.851	719.041	22.142	8.059	5.846	86.884
109	36	255	928.472	714.694	22.971	8.467	5.413	173.182
110	98	255	1088.745	710.378	37.213	13.839	9.016	9.032
111	64	255	116.938	707.078	28.385	9.893	8.237	71.522
112	44	255	262.591	707.568	25.556	7.583	7.388	106.206
113	68	255	285.294	704.544	32.042	11.871	7.294	55.543
114	4	255	1223.500	705.000	8.828	4.514	1.128	90.000
115	50	255	410.960	700.420	32.042	10.295	6.184	160.094
116	36	255	995.333	701.000	23.556	7.713	5.943	173.215
117	42	255	195.119	696.000	26.385	10.122	5.283	129.793
118	72	255	924.861	694.069	30.971	10.731	8.543	154.109
119	43	255	106.802	694.849	24.142	9.169	5.971	33.837
120	77	255	424.955	687.838	31.799	10.141	9.668	162.952
121	3	255	272.833	687.833	5.657	2.365	1.615	135.000
122	47	255	274.032	682.670	31.213	9.881	6.056	165.404
123	70	255	738.843	681.371	30.385	10.740	8.299	91.088
124	51	255	515.775	674.971	26.142	10.085	6.439	1.877
125	34	255	544.147	674.706	21.556	7.231	5.987	136.703
126	47	255	254.543	669.415	29.799	9.571	6.253	72.624
127	4	255	268.000	670.500	7.657	3.216	1.583	121.717
128	52	255	266.154	665.673	28.142	9.850	6.722	114.043
129	112	255	1179.268	665.679	38.042	13.224	10.784	9.531
130	67	255	217.530	664.276	29.799	10.916	7.815	49.871
131	72	255	567.542	661.861	35.213	10.281	8.917	5.872
132	89	255	173.118	657.904	34.627	11.853	9.560	86.954
133	59	255	428.568	658.992	31.556	10.703	7.018	75.150
134	27	255	748.944	658.130	22.385	7.381	4.658	133.539
135	2	255	754.500	660.000	4.828	2.257	1.128	90.000
136	52	255	513.423	643.904	40.627	9.618	6.883	92.724
137	61	255	193.139	643.369	30.385	11.604	6.693	146.019
138	50	255	494.560	639.320	28.385	9.764	6.520	24.046
139	49	255	453.173	638.888	26.385	9.560	6.526	179.328
140	83	255	774.139	636.090	51.355	11.994	8.811	146.490
141	46	255	239.935	634.348	35.456	8.631	6.786	117.844
142	37	255	871.041	636.905	24.971	8.331	5.655	159.239
143	83	255	793.548	629.982	45.941	13.346	7.918	92.610
144	70	255	853.643	630.957	29.799	11.164	7.983	172.587
145	45	255	380.967	628.744	31.213	8.385	6.833	151.286
146	61	255	497.041	623.926	29.213	10.047	7.730	32.466
147	69	255	709.109	621.196	34.870	12.709	6.912	120.928
148	61	255	779.369	621.074	29.799	11.765	6.601	23.757
149	70	255	333.271	617.114	30.385	11.048	8.067	11.634
150	33	255	630.652	616.955	22.971	7.505	5.599	64.796
151	31	255	7.177	613.532	22.971	8.843	4.463	25.582
152	36	255	352.639	612.472	24.385	8.322	5.508	175.318
153	38	255	285.447	611.079	28.385	7.460	6.485	28.297
154	57	255	414.781	609.325	35.213	8.685	8.356	26.510
155	57	255	1075.430	610.430	38.042	11.197	6.482	2.179
156	50	255	380.400	609.220	28.385	9.773	6.514	28.207
157	77	255	595.318	608.500	31.799	11.305	8.672	167.089
158	53	255	870.708	605.160	29.799	10.575	6.381	123.392
159	36	255	475.528	606.472	25.799	8.876	5.164	170.794
160	65	255	339.962	603.777	29.799	10.420	7.943	171.611
161	74	255	951.230	601.122	33.456	10.859	8.677	42.019
162	38	255	536.526	599.921	25.556	10.175	4.755	127.906
163	79	255	46.044	597.171	32.971	12.140	8.285	94.950
164	41	255	792.256	593.524	28.385	9.893	5.277	126.364
165	55	255	154.009	589.118	27.556	9.971	7.023	123.892
166	50	255	202.740	586.140	31.213	9.632	6.609	111.927
167	67	255	650.276	583.097	37.456	9.925	8.595	64.129
168	47	255	828.543	582.904	32.042	10.318	5.800	150.011
169	35	255	214.271	584.129	22.142	7.163	6.221	28.186
170	38	255	1068.474	582.605	23.556	8.571	5.645	0.601
171	69	255	190.210	579.283	29.799	9.885	8.888	174.139
172	61	255	991.877	577.484	28.385	9.824	7.906	77.404
173	76	255	524.553	575.684	42.870	11.206	8.635	150.101
174	2	255	526.000	581.000	5.657	2.596	0.981	135.000
175	81	255	619.241	576.377	34.627	11.531	8.944	83.386
176	91	255	774.577	576.764	35.213	12.163	9.526	177.075
177	32	255	174.594	574.781	25.556	8.212	4.961	49.376
178	50	255	561.300	576.160	25.799	9.638	6.605	143.617
179	53	255	671.406	574.972	27.556	10.278	6.566	136.240
180	78	255	70.026	571.513	31.213	10.390	9.559	5.262
181	52	255	688.923	571.962	32.042	9.551	6.932	127.347
182	71	255	812.556	569.768	35.456	11.440	7.902	152.792
183	41	255	713.427	570.305	24.385	7.843	6.656	170.556
184	60	255	358.400	567.483	27.799	9.046	8.445	84.426
185	88	255	101.000	566.159	34.042	11.836	9.467	153.331
186	39	255	608.705	566.397	32.042	8.511	5.834	103.002
187	44	255	542.977	564.295	27.799	10.187	5.500	99.137
188	31	255	1208.500	565.274	20.728	8.387	4.706	163.722
189	38	255	1005.711	564.289	24.142	8.019	6.034	169.013
190	45	255	571.256	558.989	29.556	8.172	7.011	84.651
191	63	255	807.437	558.944	29.799	9.949	8.062	66.666
192	33	255	1199.288	557.833	26.385	9.049	4.643	112.432
193	56	255	19.018	555.500	29.556	11.726	6.081	96.332
194	81	255	444.463	554.821	37.456	12.479	8.264	29.642
195	31	255	824.532	556.371	24.385	8.872	4.449	165.339
196	36	255	906.417	555.944	24.385	9.133	5.019	156.404
197	55	255	667.027	552.355	33.456	9.078	7.714	109.808
198	47	255	126.330	551.862	29.799	10.149	5.896	36.596
199	33	255	414.227	551.621	23.556	8.083	5.198	12.893
200	45	255	230.833	550.633	23.556	8.726	6.566	32.858
201	74	255	516.351	549.324	30.971	10.059	9.367	75.717
202	49	255	1015.092	546.378	30.627	9.589	6.506	151.367
203	1	255	744.500	549.500	2.828	1.128	1.128	0.000
204	45	255	746.878	544.589	30.042	10.905	5.254	158.163
205	78	255	1112.308	544.821	34.627	12.460	7.971	172.976
206	84	255	44.012	540.440	34.627	11.454	9.338	56.673
207	95	255	87.816	539.984	37.213	12.523	9.659	104.379
208	32	255	194.250	541.969	21.556	8.559	4.760	156.301
209	44	255	822.523	540.977	26.971	8.108	6.910	145.715
210	21	255	22.119	540.357	16.728	6.250	4.278	163.129
211	64	255	114.172	539.094	28.971	10.072	8.090	0.574
212	32	255	486.750	539.562	20.142	7.471	5.454	28.671
213	50	255	135.680	534.820	30.971	11.025	5.774	100.399
214	54	255	568.370	532.741	27.213	9.633	7.138	42.167
215	75	255	790.687	532.047	37.213	12.771	7.478	9.541
216	68	255	121.794	530.529	30.385	10.110	8.564	14.451
217	2	255	895.000	531.000	5.657	2.596	0.981	135.000
218	29	255	540.017	526.914	19.314	7.459	4.950	41.924
219	57	255	712.360	525.026	36.627	9.371	7.744	156.966
220	49	255	895.439	525.643	28.385	9.923	6.287	150.398
221	81	255	1125.167	522.586	32.385	10.858	9.498	10.905
222	61	255	1143.861	521.779	28.142	9.330	8.324	85.937
223	29	255	105.948	520.810	18.728	6.269	5.890	124.695
224	55	255	120.718	519.955	26.971	9.464	7.400	16.445
225	48	255	282.146	520.458	24.971	9.202	6.642	165.529
226	52	255	306.346	519.942	28.385	10.697	6.189	168.594
227	3	255	310.833	522.833	5.657	2.365	1.615	135.000
228	56	255	1132.446	511.375	29.799	10.599	6.727	120.322
229	58	255	115.448	511.138	38.042	9.782	7.549	146.814
230	49	255	142.827	509.663	26.385	8.962	6.961	1.862
231	62	255	225.613	508.694	28.142	9.694	8.143	10.483
232	46	255	577.239	507.761	26.971	9.221	6.352	174.483
233	31	255	1162.500	505.919	23.556	8.410	4.693	119.899
234	71	255	282.092	503.599	30.385	10.605	8.524	34.016
235	27	255	464.093	504.907	22.385	6.972	4.931	30.881
236	51	255	763.284	502.755	31.213	9.235	7.031	140.669
237	77	255	873.968	498.851	32.385	12.546	7.814	75.265
238	59	255	422.229	496.042	28.385	10.055	7.471	97.893
239	31	255	172.887	495.952	20.142	7.706	5.122	40.776
240	63	255	148.214	493.976	28.142	9.359	8.571	173.438
241	58	255	640.414	492.810	36.042	10.045	7.352	166.230
242	65	255	327.485	489.562	32.870	10.101	8.193	141.123
243	35	255	12.071	490.643	21.314	7.439	5.990	93.724
244	67	255	1009.336	488.276	32.627	10.359	8.235	146.514
245	44	255	290.205	482.773	29.456	10.184	5.501	149.472
246	57	255	739.500	481.061	48.284	9.477	7.658	141.573
247	1	255	743.500	485.500	2.828	1.128	1.128	0.000
248	42	255	638.310	477.976	29.799	10.208	5.239	80.826
249	89	255	1085.197	478.096	36.627	13.438	8.432	19.868
250	61	255	782.943	477.828	28.385	10.579	7.342	155.699
251	52	255	44.404	476.481	26.142	9.598	6.898	70.332
252	2	255	508.500	479.000	4.828	2.257	1.128	90.000
253	32	255	692.750	475.188	25.556	7.004	5.817	82.765
254	41	255	799.134	474.256	28.385	9.133	5.716	112.943
255	54	255	414.148	474.056	25.799	8.584	8.009	20.100
256	22	255	509.909	475.182	16.728	6.091	4.598	174.634
257	59	255	452.873	469.975	38.042	11.867	6.330	119.831
258	55	255	758.391	472.082	27.799	10.222	6.850	29.784
259	4	255	641.000	474.000	5.657	2.257	2.257	0.000
260	1	255	455.500	473.500	2.828	1.128	1.128	0.000
261	52	255	96.385	469.385	26.385	9.683	6.838	32.916
262	102	255	960.431	466.441	37.456	12.412	10.464	167.394
263	62	255	17.323	466.339	28.385	9.263	8.522	144.293
264	50	255	66.160	466.480	25.556	8.907	7.147	18.215
265	67	255	415.037	463.843	29.556	10.677	7.989	71.034
266	57	255	470.360	464.307	30.042	10.518	6.900	154.629
267	35	255	374.900	463.157	22.728	8.386	5.314	94.288
268	70	255	510.057	462.600	33.456	11.680	7.631	169.230
269	41	255	919.207	464.037	27.213	9.328	5.596	171.849
270	60	255	542.817	460.667	27.556	9.967	7.665	60.029
271	41	255	210.232	460.378	22.971	7.845	6.654	12.439
272	52	255	148.000	458.000	24.971	8.137	8.137	0.000
273	84	255	1094.333	455.226	33.799	11.680	9.157	66.110
274	41	255	613.232	451.768	27.799	9.270	5.631	130.684
275	31	255	9.790	451.790	19.556	6.902	5.719	175.059
276	71	255	316.894	450.261	29.799	10.478	8.628	165.172
277	36	255	439.278	448.111	22.385	8.055	5.690	128.063
278	15	255	504.767	447.500	16.485	6.200	3.080	90.000
279	71	255	378.289	444.204	30.627	11.021	8.202	154.543
280	41	255	510.988	445.646	23.556	8.045	6.489	11.828
281	72	255	727.278	444.542	30.627	11.027	8.314	25.698
282	51	255	53.304	445.088	27.556	11.488	5.652	13.119
283	3	255	563.167	446.167	5.657	2.365	1.615	135.000
284	53	255	558.896	441.236	34.042	11.126	6.065	1.358
285	69	255	247.341	436.152	30.385	10.906	8.055	115.002
286	75	255	447.393	436.327	31.799	11.217	8.514	18.743
287	35	255	488.157	436.786	24.142	8.642	5.157	169.638
288	90	255	1213.733	434.044	48.527	11.626	9.857	134.742
289	63	255	951.786	434.246	28.627	9.121	8.795	14.020
290	82	255	707.049	432.195	33.213	10.801	9.667	144.384
291	46	255	92.761	431.565	30.385	7.998	7.323	25.074
292	103	255	34.665	427.393	37.456	12.094	10.844	109.982
293	47	255	1105.713	430.011	33.799	9.756	6.134	173.435
294	31	255	59.016	429.887	20.142	6.838	5.772	111.576
295	45	255	1079.500	425.433	31.213	7.991	7.170	163.997
296	66	255	570.379	421.439	40.284	9.756	8.614	124.429
297	54	255	1093.426	421.407	29.213	8.525	8.065	73.123
298	67	255	593.575	421.978	29.213	10.912	7.818	164.755
299	79	255	1004.652	420.006	34.042	11.612	8.663	87.362
300	57	255	235.798	417.167	29.556	11.603	6.255	70.446
301	34	255	524.941	419.676	24.627	9.597	4.511	152.296
302	46	255	717.065	417.152	28.142	8.968	6.531	116.899
303	65	255	304.915	417.854	32.385	11.988	6.903	26.124
304	13	255	632.654	419.269	15.071	5.856	2.827	15.573
305	45	255	1122.122	415.544	31.213	9.515	6.022	77.321
306	1	255	198.500	419.500	2.828	1.128	1.128	0.000
307	43	255	1167.453	415.616	28.627	10.264	5.334	144.906
308	52	255	154.385	414.288	28.971	9.875	6.705	111.736
309	48	255	200.604	414.875	27.799	9.163	6.670	172.034
310	70	255	1101.286	414.243	32.042	10.785	8.264	33.817
311	38	255	896.000	410.789	28.971	9.761	4.957	123.451
312	40	255	78.425	409.975	23.556	9.181	5.548	163.049
313	31	255	882.016	408.823	24.385	8.711	4.531	123.508
314	38	255	651.684	406.579	21.556	7.424	6.517	45.976
315	29	255	706.466	404.638	23.556	7.979	4.628	122.912
316	2	255	887.500	409.000	4.828	2.257	1.128	90.000
317	87	255	1090.397	405.155	34.385	11.727	9.446	177.404
318	55	255	577.845	403.973	29.213	9.684	7.231	127.002
319	56	255	281.393	403.696	26.971	9.061	7.869	85.878
320	64	255	36.375	402.172	29.556	10.862	7.502	108.155
321	59	255	448.229	400.534	37.456	10.441	7.195	132.845
322	54	255	158.481	402.093	27.556	10.067	6.830	24.986
323	46	255	798.348	401.609	26.385	8.627	6.789	138.127
324	31	255	1120.403	396.177	25.556	9.122	4.327	101.382
325	73	255	10.267	395.185	41.456	10.145	9.161	87.366
326	35	255	24.386	396.443	27.213	7.766	5.738	28.601
327	56	255	171.536	394.607	37.213	9.870	7.224	115.501
328	3	255	172.833	400.167	5.657	2.365	1.615	45.000
329	44	255	315.045	397.500	26.385	8.635	6.488	170.304
330	46	255	768.457	397.109	32.042	8.864	6.608	157.390
331	94	255	436.415	392.255	35.799	12.903	9.275	133.446
332	32	255	1078.781	394.375	23.799	7.717	5.280	147.219
333	56	255	240.482	390.393	28.385	9.910	7.195	2.323
334	37	255	858.230	389.500	25.556	7.183	6.559	40.738
335	1	255	0.500	391.500	2.828	1.128	1.128	0.000
336	52	255	162.904	386.577	27.556	10.694	6.191	69.408
337	60	255	484.517	386.867	28.728	10.688	7.148	98.287
338	71	255	826.585	386.641	32.042	10.855	8.328	138.233
339	41	255	53.524	387.476	25.556	8.844	5.903	138.329
340	32	255	2.219	384.875	22.728	8.216	4.959	86.013
341	34	255	25.265	386.676	22.385	7.068	6.125	163.391
342	64	255	1201.953	384.062	33.456	10.182	8.003	82.757
343	52	255	538.462	381.692	34.627	9.956	6.650	169.088
344	32	255	577.500	383.094	21.556	7.180	5.675	0.000
345	42	255	94.667	377.667	27.799	8.412	6.357	174.623
346	46	255	633.522	376.174	29.213	8.901	6.580	90.766
347	5	255	638.100	379.700	7.657	3.144	2.025	108.435
348	48	255	433.792	376.062	24.971	8.952	6.827	148.834
349	68	255	1213.912	375.353	29.799	10.106	8.567	43.171
350	54	255	1068.593	374.278	28.971	10.226	6.723	161.306
351	73	255	257.130	372.062	30.728	10.792	8.612	93.461
352	57	255	585.535	372.658	38.284	10.682	6.794	6.809
353	39	255	672.679	371.244	25.556	8.895	5.582	147.531
354	46	255	728.478	368.739	29.213	9.654	6.067	134.783
355	31	255	1.984	368.210	22.728	9.250	4.267	87.823
356	72	255	942.792	366.486	29.799	10.134	9.046	12.646
357	39	255	238.731	364.192	23.799	8.829	5.624	26.667
358	36	255	309.972	363.611	21.899	8.620	5.318	173.526
359	30	255	754.367	361.200	21.799	8.183	4.668	155.552
360	2	255	411.000	362.500	4.243	2.257	1.128	0.000
361	43	255	890.314	358.477	27.799	10.039	5.454	88.448
362	40	255	412.700	358.375	25.799	8.489	6.000	4.456
363	32	255	1176.344	354.625	29.213	7.974	5.110	2.336
364	56	255	604.107	351.536	27.556	10.536	6.767	55.940
365	45	255	915.522	351.967	24.142	7.795	7.350	100.416
366	25	255	307.940	351.100	19.556	6.623	4.806	128.722
367	53	255	475.896	350.670	26.385	8.766	7.698	40.555
368	73	255	176.623	347.815	33.213	11.930	7.791	46.271
369	70	255	26.743	345.143	31.799	10.943	8.145	101.276
370	61	255	696.992	343.844	36.870	11.688	6.645	68.315
371	18	255	915.556	344.833	17.314	6.802	3.369	151.413
372	3	255	702.167	344.833	5.657	2.365	1.615	45.000
373	49	255	794.357	340.561	27.213	8.754	7.127	151.777
374	62	255	762.806	337.871	38.284	11.362	6.948	127.999
375	52	255	615.519	337.865	26.385	9.066	7.303	9.489
376	54	255	995.593	338.222	28.971	9.586	7.172	179.367
377	27	255	963.611	338.241	19.314	7.300	4.709	169.170
378	86	255	949.326	334.860	33.799	11.017	9.939	158.056
379	48	255	240.396	334.646	29.213	8.687	7.036	159.321
380	89	255	361.354	332.511	48.184	12.373	9.159	141.332
381	79	255	24.044	331.842	31.799	10.521	9.560	23.504
382	83	255	111.548	331.416	33.213	12.150	8.698	119.140
383	1	255	223.500	329.500	2.828	1.128	1.128	0.000
384	57	255	684.939	324.763	38.284	11.100	6.538	74.688
385	67	255	803.918	324.873	34.042	10.939	7.799	65.336
386	42	255	203.476	323.714	24.971	8.314	6.432	57.564
387	63	255	936.611	320.770	29.213	10.172	7.886	65.301
388	65	255	278.623	320.654	32.385	10.869	7.615	146.060
389	41	255	1167.744	320.598	25.213	7.915	6.596	58.294
390	4	255	284.000	323.000	5.657	2.257	2.257	0.000
391	36	255	441.222	320.861	26.385	8.724	5.254	162.367
392	60	255	89.383	318.283	27.799	9.804	7.792	39.468
393	70	255	1189.300	317.586	40.284	12.603	7.072	161.702
394	59	255	20.314	316.737	27.799	10.060	7.468	48.659
395	57	255	62.781	315.956	27.799	10.059	7.215	155.784
396	65	255	171.223	315.208	36.870	11.416	7.249	163.924
397	5	255	291.700	316.900	7.657	3.144	2.025	18.435
398	29	255	1.672	312.259	23.314	9.029	4.090	85.510
399	6	255	295.000	315.500	7.657	3.385	2.257	90.000
400	39	255	290.987	310.833	22.971	7.502	6.619	76.035
401	62	255	324.935	309.871	28.385	10.050	7.855	95.980
402	54	255	392.167	308.185	26.385	8.795	7.817	28.480
403	63	255	805.643	305.563	39.456	10.012	8.012	132.572
404	1	255	807.500	310.500	2.828	1.128	1.128	0.000
405	32	255	1196.406	306.656	21.556	7.633	5.338	105.687
406	47	255	184.032	305.457	26.385	8.761	6.831	26.031
407	56	255	145.054	305.607	27.556	10.834	6.581	23.030
408	40	255	467.275	303.400	25.556	9.615	5.297	128.033
409	2	255	1201.500	307.000	4.828	2.257	1.128	90.000
410	85	255	16.571	301.406	33.799	11.209	9.656	101.537
411	78	255	720.282	302.244	32.627	11.670	8.510	18.468
412	7	255	850.500	305.786	9.071	3.086	2.888	0.000
413	40	255	1026.275	302.150	30.627	9.232	5.517	148.885
414	64	255	165.016	301.125	31.213	10.150	8.029	130.481
415	1	255	257.500	305.500	2.828	1.128	1.128	0.000
416	62	255	233.984	298.581	38.627	9.750	8.097	75.292
417	61	255	265.336	299.418	28.385	8.994	8.636	27.964
418	54	255	635.537	297.889	30.042	12.049	5.706	51.054
419	35	255	432.843	297.243	26.385	7.441	5.989	101.057
420	67	255	820.515	295.709	29.556	9.502	8.977	140.537
421	44	255	510.068	291.659	26.142	9.321	6.010	72.076
422	43	255	219.570	291.709	33.456	8.387	6.528	143.992
423	53	255	958.632	291.198	27.213	10.018	6.736	140.022
424	66	255	732.470	289.379	30.627	11.704	7.180	28.646
425	52	255	1210.635	287.462	38.870	8.913	7.428	6.467
426	62	255	861.726	286.242	28.385	10.225	7.720	76.038
427	66	255	240.833	285.045	29.213	10.009	8.396	12.840
428	12	255	155.167	283.833	11.899	5.023	3.042	45.000
429	22	255	496.000	282.682	19.556	7.410	3.780	64.514
430	41	255	26.305	278.305	28.971	8.701	6.000	87.321
431	57	255	502.798	280.026	31.799	9.423	7.702	176.455
432	78	255	598.859	279.090	33.456	11.062	8.978	9.385
433	51	255	294.775	279.480	26.627	9.364	6.934	152.489
434	45	255	51.611	277.100	25.213	8.194	6.993	92.104
435	38	255	790.237	279.000	28.627	9.358	5.170	16.222
436	48	255	14.729	276.854	26.385	10.403	5.875	52.487
437	56	255	408.821	274.071	38.284	10.869	6.560	121.531
438	49	255	366.908	273.133	31.213	8.655	7.208	134.454
439	32	255	154.938	273.344	20.142	7.090	5.747	60.564
440	46	255	252.891	273.652	24.728	8.241	7.107	14.288
441	81	255	478.858	271.673	41.698	11.398	9.049	175.608
442	61	255	352.303	269.811	29.556	10.656	7.288	107.134
443	65	255	1007.762	267.762	40.284	10.382	7.971	143.576
444	63	255	62.230	268.849	28.971	10.151	7.902	171.769
445	48	255	109.646	268.979	24.971	8.704	7.022	59.029
446	72	255	264.625	266.319	30.971	10.341	8.865	57.521
447	45	255	241.522	264.656	33.213	8.743	6.553	65.996
448	70	255	302.914	265.343	30.385	9.810	9.086	132.987
449	64	255	91.344	263.391	37.799	11.044	7.378	85.374
450	58	255	288.862	262.034	38.870	9.909	7.453	76.010
451	66	255	601.955	262.318	41.941	11.596	7.247	158.130
452	55	255	575.373	260.900	26.971	9.823	7.129	37.196
453	34	255	640.618	261.235	25.799	9.277	4.666	154.018
454	67	255	186.963	259.052	31.799	10.562	8.076	89.750
455	38	255	840.895	257.605	26.142	7.976	6.066	102.163
456	63	255	314.992	254.976	38.527	9.557	8.393	151.088
457	66	255	269.909	252.318	38.042	10.056	8.357	91.230
458	74	255	515.324	250.365	32.042	12.465	7.559	55.062
459	35	255	620.271	252.386	25.213	7.521	5.925	151.878
460	56	255	284.339	250.768	26.971	9.243	7.714	2.722
461	35	255	366.071	251.729	20.728	7.095	6.281	103.644
462	37	255	589.230	251.446	21.556	7.700	6.118	125.660
463	61	255	701.238	249.385	31.456	10.162	7.643	143.671
464	70	255	151.529	249.000	30.385	10.806	8.248	177.886
465	21	255	1.452	247.786	20.485	9.053	2.953	80.568
466	51	255	654.402	245.539	33.799	9.549	6.800	95.409
467	32	255	804.656	247.688	21.556	8.016	5.083	119.074
468	42	255	717.762	246.452	27.213	8.827	6.058	166.963
469	58	255	183.534	242.328	32.627	10.606	6.963	126.001
470	52	255	393.250	244.115	25.556	8.509	7.781	62.591
471	50	255	340.920	243.620	24.971	9.205	6.916	164.414
472	59	255	252.263	240.534	33.456	9.115	8.241	2.329
473	59	255	99.331	240.059	26.971	9.592	7.831	156.962
474	94	255	120.362	234.606	36.042	13.413	8.923	25.295
475	48	255	738.771	235.688	25.799	8.808	6.939	53.858
476	54	255	1069.833	234.593	28.385	9.784	7.027	109.888
477	43	255	717.523	233.663	26.385	9.223	5.936	153.097
478	55	255	364.536	231.518	37.113	10.946	6.398	45.636
479	37	255	800.527	230.986	25.799	8.559	5.504	114.288
480	53	255	920.217	231.462	29.799	9.054	7.454	2.728
481	43	255	809.756	220.849	29.799	9.501	5.762	147.929
482	43	255	826.128	222.128	23.556	8.350	6.557	20.328
483	51	255	1070.069	219.480	25.799	8.242	7.879	178.735
484	77	255	326.214	216.110	33.213	12.629	7.763	72.608
485	45	255	870.789	216.633	32.870	9.076	6.313	127.863
486	54	255	136.259	212.333	26.728	9.560	7.192	99.440
487	32	255	794.812	213.406	20.971	7.298	5.583	44.907
488	44	255	186.068	210.318	37.698	8.582	6.528	128.465
489	31	255	1219.016	211.500	20.971	7.505	5.259	167.091
490	64	255	164.516	206.531	39.456	10.810	7.538	88.980
491	57	255	849.026	204.325	33.799	11.602	6.255	144.828
492	59	255	48.178	204.619	38.042	12.643	5.942	150.887
493	78	255	449.256	205.000	31.799	11.894	8.350	176.025
494	54	255	700.685	204.315	26.971	10.112	6.800	101.328
495	70	255	363.386	202.971	30.385	10.584	8.421	52.701
496	75	255	202.740	200.500	31.799	11.464	8.330	66.563
497	54	255	538.315	200.796	26.142	8.819	7.797	49.469
498	35	255	627.014	200.700	24.385	9.261	4.812	24.309
499	46	255	1163.935	199.522	27.799	8.589	6.819	157.372
500	77	255	840.084	197.799	34.042	10.930	8.970	124.778
501	4	255	683.000	200.500	7.657	3.216	1.583	121.717
502	36	255	734.667	197.250	26.627	8.510	5.386	126.091
503	86	255	325.872	195.256	35.799	13.258	8.259	21.728
504	46	255	684.022	194.565	32.042	10.069	5.817	143.571
505	61	255	24.041	190.270	35.556	11.357	6.839	100.368
506	9	255	26.611	195.833	10.485	3.919	2.924	110.301
507	40	255	353.775	192.625	29.556	9.647	5.279	79.410
508	36	255	44.556	193.861	22.728	7.625	6.012	11.682
509	37	255	58.284	191.095	25.799	9.473	4.973	63.156
510	73	255	440.911	191.349	30.385	10.872	8.549	30.878
511	37	255	67.743	190.689	28.627	9.706	4.854	60.682
512	44	255	1029.932	191.023	26.385	8.202	6.830	119.090
513	56	255	534.661	189.339	27.799	9.887	7.212	112.879
514	82	255	619.012	187.902	32.385	10.739	9.722	21.644
515	62	255	511.419	185.839	29.213	10.657	7.407	63.656
516	94	255	710.021	183.340	36.284	13.515	8.855	124.124
517	52	255	482.135	184.981	33.456	10.990	6.025	11.945
518	45	255	344.500	181.411	30.042	9.866	5.807	39.021
519	89	255	232.129	178.489	34.042	11.577	9.788	32.173
520	69	255	323.007	177.500	30.971	11.715	7.499	102.972
521	82	255	20.610	176.598	32.627	11.256	9.276	62.189
522	42	255	1082.762	177.000	32.042	8.845	6.046	53.714
523	52	255	53.135	175.000	37.456	8.830	7.498	108.102
524	70	255	296.329	174.329	29.799	10.978	8.119	98.858
525	55	255	840.045	174.973	26.971	8.897	7.871	127.302
526	37	255	951.365	173.878	26.385	8.224	5.729	132.404
527	84	255	107.536	170.321	32.971	11.429	9.358	99.826
528	35	255	36.100	170.500	24.142	8.408	5.300	54.462
529	28	255	532.536	170.750	22.142	8.698	4.099	116.293
530	41	255	762.500	169.500	32.627	9.087	5.744	122.716
531	92	255	908.674	169.946	34.971	12.236	9.573	36.165
532	65	255	744.685	165.623	38.042	12.287	6.736	87.502
533	42	255	80.286	168.548	23.556	7.999	6.686	97.248
534	38	255	483.105	169.605	25.556	9.100	5.317	166.701
535	6	255	749.167	170.333	9.657	4.134	1.848	102.933
536	64	255	676.547	166.344	28.385	9.428	8.643	22.682
537	58	255	994.603	165.897	36.870	10.571	6.986	86.245
538	42	255	318.167	165.310	24.385	8.685	6.158	117.318
539	30	255	545.000	167.433	19.314	6.297	6.066	0.000
540	72	255	724.236	165.333	29.799	9.972	9.193	15.798
541	45	255	921.767	163.611	32.627	10.042	5.706	144.706
542	36	255	92.194	160.194	26.385	8.986	5.101	52.558
543	70	255	174.243	158.814	35.456	10.492	8.495	64.111
544	72	255	983.944	158.875	33.799	12.552	7.304	164.848
545	77	255	46.760	157.292	30.971	10.393	9.434	176.385
546	62	255	136.355	157.468	28.971	9.785	8.067	94.392
547	50	255	394.580	158.480	24.971	8.774	7.256	3.036
548	36	255	17.972	158.139	21.556	7.719	5.938	169.735
549	58	255	337.569	155.328	36.627	9.058	8.152	106.463
550	86	255	726.337	154.837	33.799	10.526	10.403	166.158
551	68	255	972.824	155.676	29.799	9.668	8.955	13.611
552	22	255	1065.909	156.591	21.556	6.757	4.146	132.602
553	59	255	100.246	153.398	35.213	11.901	6.312	138.784
554	77	255	545.734	151.487	47.113	10.573	9.272	123.998
555	59	255	229.636	151.890	31.213	9.568	7.852	106.741
556	49	255	883.031	152.908	25.799	8.374	7.450	11.951
557	34	255	2.824	152.676	22.142	6.962	6.218	95.118
558	4	255	763.000	154.000	5.657	2.257	2.257	0.000
559	62	255	645.597	149.226	31.213	10.821	7.295	145.571
560	92	255	931.696	148.054	35.456	12.323	9.505	62.969
561	65	255	156.654	146.069	29.556	10.572	7.828	98.552
562	86	255	362.523	141.663	33.213	12.014	9.114	144.435
563	43	255	691.849	143.174	24.728	8.544	6.408	90.713
564	78	255	998.013	141.846	35.456	11.531	8.612	42.106
565	37	255	1134.959	143.905	25.799	9.189	5.127	155.408
566	50	255	107.360	142.080	25.899	9.870	6.450	11.165
567	54	255	3.407	138.815	28.971	10.604	6.484	55.672
568	51	255	641.088	138.833	24.971	8.220	7.900	126.355
569	97	255	186.459	135.397	35.799	12.090	10.216	52.598
570	52	255	196.808	134.769	26.971	9.653	6.859	67.730
571	60	255	656.483	133.633	36.870	9.389	8.136	155.881
572	39	255	341.372	134.423	29.213	9.843	5.045	27.854
573	58	255	222.414	129.655	27.799	10.352	7.134	40.717
574	64	255	137.266	128.891	29.799	11.692	6.970	16.595
575	65	255	256.469	126.392	41.456	10.616	7.796	70.694
576	48	255	568.750	128.625	24.971	9.103	6.714	134.449
577	42	255	366.714	128.238	24.142	8.184	6.534	121.949
578	37	255	28.284	128.392	25.556	9.502	4.958	176.585
579	40	255	402.225	126.475	26.971	9.485	5.369	138.430
580	71	255	52.683	126.049	30.971	11.494	7.865	16.469
581	66	255	239.848	120.924	29.556	10.712	7.845	111.079
582	44	255	702.705	123.091	25.556	9.407	5.955	178.380
583	54	255	208.241	119.333	26.971	9.868	6.968	52.396
584	2	255	886.500	123.000	4.828	2.257	1.128	90.000
585	34	255	885.382	118.588	25.799	8.968	4.827	127.903
586	46	255	63.022	116.152	24.971	9.011	6.500	92.314
587	91	255	10.973	114.082	35.799	13.960	8.300	2.850
588	45	255	189.589	113.900	29.213	10.689	5.360	35.994
589	48	255	691.688	107.875	31.799	11.266	5.425	100.678
590	71	255	48.880	108.725	29.799	10.611	8.520	60.232
591	48	255	110.167	110.042	27.799	8.869	6.891	143.823
592	48	255	375.292	107.438	32.627	9.675	6.317	110.818
593	2	255	695.000	112.500	4.243	2.257	1.128	0.000
594	86	255	897.349	108.547	32.971	11.776	9.298	166.070
595	33	255	548.591	105.924	25.556	7.926	5.301	144.604
596	98	255	557.827	104.153	35.799	12.405	10.059	98.350
597	59	255	334.602	103.195	28.627	10.259	7.322	53.550
598	65	255	185.500	102.623	28.971	9.314	8.886	44.119
599	103	255	220.646	100.743	36.627	11.690	11.218	97.118
600	67	255	201.575	100.022	31.799	11.869	7.187	63.258
601	64	255	754.594	100.359	46.284	10.156	8.024	122.248
602	40	255	727.550	100.750	28.627	9.973	5.107	128.644
603	73	255	814.048	98.842	31.799	12.266	7.578	44.891
604	12	255	1.250	100.417	12.485	5.179	2.950	94.837
605	56	255	165.804	98.554	27.799	9.409	7.578	48.305
606	54	255	793.556	96.796	26.971	10.107	6.803	26.991
607	76	255	18.500	95.105	32.042	11.134	8.691	34.797
608	58	255	510.224	95.155	29.799	10.810	6.832	67.998
609	1	255	289.500	98.500	2.828	1.128	1.128	0.000
610	2	255	743.000	97.500	4.243	2.257	1.128	0.000
611	33	255	926.985	93.864	26.971	7.640	5.500	133.564
612	81	255	403.500	90.833	33.213	12.903	7.993	118.246
613	58	255	360.190	90.759	28.385	9.708	7.607	102.398
614	38	255	102.789	90.105	22.385	8.091	5.980	167.431
615	74	255	188.041	85.405	30.385	11.058	8.520	146.939
616	55	255	825.300	85.736	26.971	9.741	7.189	154.305
617	33	255	798.985	84.288	33.213	7.560	5.558	57.625
618	42	255	1209.810	84.048	29.213	9.116	5.866	75.206
619	67	255	94.575	82.172	30.385	9.750	8.749	156.262
620	67	255	1140.888	82.022	34.870	11.023	7.739	107.840
621	71	255	498.190	81.021	45.113	11.796	7.664	133.551
622	20	255	1.650	81.600	17.899	6.469	3.936	78.200
623	37	255	522.797	79.689	26.142	8.013	5.879	100.425
624	4	255	526.000	84.000	5.657	2.257	2.257	0.000
625	52	255	746.654	79.673	39.113	9.502	6.968	59.019
626	46	255	1061.022	75.304	31.799	10.032	5.838	115.073
627	21	255	9.548	77.024	16.728	5.824	4.591	165.034
628	65	255	18.208	73.669	30.385	11.509	7.191	71.452
629	44	255	1021.045	75.114	33.456	8.811	6.358	176.814
630	96	255	654.115	73.635	35.799	13.324	9.174	5.878
631	86	255	979.128	73.465	33.799	11.845	9.244	173.780
632	66	255	3.470	68.985	29.556	10.540	7.973	83.146
633	25	255	557.060	68.660	25.556	8.456	3.764	137.440
634	51	255	862.382	68.853	31.213	9.463	6.862	108.050
635	1	255	583.500	72.500	2.828	1.128	1.128	0.000
636	58	255	29.828	64.966	28.870	11.096	6.655	48.284
637	56	255	324.839	64.357	31.799	9.102	7.834	113.046
638	40	255	367.300	66.675	23.556	8.147	6.251	176.390
639	57	255	1146.079	65.746	28.385	9.274	7.825	122.405
640	32	255	1030.500	63.719	23.314	8.580	4.749	101.243
641	76	255	486.724	63.487	36.870	11.187	8.650	175.798
642	65	255	816.162	61.869	39.456	9.763	8.477	129.385
643	5	255	818.300	66.900	7.071	3.144	2.025	161.565
644	34	255	625.882	64.029	22.385	7.446	5.814	159.023
645	54	255	12.000	61.907	26.728	10.710	6.419	0.000
646	74	255	406.595	58.851	31.799	10.981	8.580	88.303
647	70	255	511.129	59.400	29.799	10.121	8.806	160.596
648	64	255	553.828	58.359	34.284	10.348	7.875	142.275
649	38	255	427.079	58.553	22.142	7.800	6.203	82.713
650	61	255	796.303	58.615	29.556	10.416	7.457	2.287
651	97	255	851.366	56.366	36.042	12.722	9.708	9.164
652	62	255	949.339	55.919	29.213	9.980	7.910	76.537
653	51	255	389.912	55.108	36.870	10.426	6.228	43.017
654	54	255	666.593	55.704	32.042	10.534	6.527	160.160
655	72	255	446.097	52.556	43.698	11.164	8.212	147.610
656	64	255	175.375	52.359	31.556	11.674	6.980	91.775
657	33	255	185.409	55.015	21.556	7.393	5.683	27.635
658	81	255	239.031	52.315	32.627	11.455	9.003	62.469
659	96	255	26.750	50.021	36.627	12.895	9.479	55.485
660	65	255	484.008	50.962	29.799	11.216	7.379	8.268
661	48	255	1158.896	50.708	26.385	8.885	6.879	133.729
662	76	255	7.434	48.303	32.042	11.482	8.427	117.665
663	78	255	467.718	49.654	31.799	10.962	9.060	168.934
664	47	255	922.500	48.011	29.213	9.229	6.484	131.792
665	93	255	85.554	46.199	35.799	12.259	9.660	89.742
666	42	255	548.310	45.643	33.456	9.151	5.844	158.444
667	47	255	505.564	44.926	26.385	10.161	5.889	60.833
668	56	255	58.000	44.304	26.971	9.594	7.432	59.327
669	76	255	156.697	41.895	46.527	12.644	7.653	149.227
670	56	255	323.018	42.893	26.142	8.761	8.139	35.138
671	44	255	562.500	43.205	24.971	8.332	6.723	92.479
672	84	255	611.845	40.571	40.042	11.154	9.589	74.531
673	81	255	801.957	41.944	33.556	12.487	8.259	11.645
674	66	255	824.273	40.970	34.042	10.286	8.170	111.290
675	48	255	43.729	40.083	31.799	10.073	6.067	164.701
676	65	255	72.362	34.623	38.042	11.841	6.989	90.817
677	59	255	140.263	34.008	31.213	10.154	7.398	67.263
678	47	255	1192.074	33.777	28.971	9.545	6.269	119.380
679	72	255	1004.278	32.750	31.799	10.516	8.717	103.514
680	50	255	1090.080	31.920	29.799	9.694	6.567	142.085
681	1	255	1089.500	36.500	2.828	1.128	1.128	0.000
682	69	255	311.920	31.601	29.799	10.281	8.545	152.168
683	44	255	736.795	31.227	25.799	10.935	5.123	140.470
684	73	255	440.747	28.952	30.971	10.616	8.755	66.627
685	63	255	626.690	28.294	38.870	11.277	7.113	97.128
686	57	255	40.675	29.009	30.385	10.711	6.776	168.922
687	22	255	2.364	29.045	19.314	6.943	4.034	46.598
688	61	255	650.877	25.877	34.042	10.366	7.493	92.295
689	87	255	173.902	24.741	35.213	12.724	8.706	110.886
690	45	255	528.167	25.989	26.971	8.959	6.396	149.348
691	37	255	747.554	24.878	26.385	9.717	4.848	66.684
692	81	255	189.623	22.932	32.385	11.124	9.271	76.611
693	49	255	381.929	23.541	30.971	9.321	6.693	141.671
694	36	255	1134.333	25.056	23.556	8.646	5.301	155.824
695	60	255	23.183	22.700	30.042	10.093	7.569	158.710
696	59	255	638.941	22.212	28.627	10.830	6.936	37.278
697	65	255	158.992	21.162	29.799	11.091	7.462	146.048
698	22	255	958.227	23.227	20.142	5.674	4.936	36.276
699	34	255	1037.147	21.941	25.799	8.235	5.257	151.480
700	51	255	1073.578	20.755	28.385	9.805	6.623	138.882
701	64	255	52.594	19.844	29.799	10.241	7.957	33.370
702	58	255	293.052	18.741	35.456	9.951	7.421	57.856
703	49	255	490.929	20.194	25.556	9.396	6.640	43.435
704	54	255	547.778	20.074	26.142	8.461	8.126	97.935
705	66	255	342.394	17.348	28.971	9.505	8.841	145.135
706	57	255	406.535	17.623	28.627	10.695	6.786	172.533
707	62	255	87.565	15.758	28.385	9.989	7.903	41.897
708	42	255	611.095	16.476	22.971	8.302	6.442	14.189
709	72	255	439.264	14.208	39.213	11.684	7.846	152.842
710	9	255	445.167	16.833	11.899	3.803	3.013	135.000
711	97	255	898.820	12.881	35.799	12.218	10.109	92.349
712	54	255	1148.574	15.000	26.971	8.928	7.701	129.425
713	29	255	205.052	15.431	20.142	7.390	4.996	13.995
714	57	255	166.254	12.675	27.799	8.744	8.300	62.196
715	94	255	598.000	11.543	37.213	12.234	9.783	40.551
716	61	255	756.205	11.959	28.142	9.084	8.550	15.213
717	37	255	98.068	11.149	28.385	7.758	6.072	76.273
718	89	255	155.298	10.444	34.627	13.268	8.541	163.391
719	57	255	321.868	10.342	26.385	9.088	7.986	109.829
720	71	255	470.401	11.063	37.213	11.707	7.722	12.972
721	50	255	495.360	7.880	49.355	8.886	7.165	176.453
722	66	255	532.197	8.061	36.870	10.400	8.080	63.143
723	50	255	866.300	8.460	32.627	10.198	6.242	135.498
724	33	255	1045.470	9.985	23.556	8.140	5.162	158.738
725	82	255	39.817	7.732	34.042	12.961	8.055	46.434
726	46	255	569.696	7.891	26.627	8.682	6.746	61.613
727	33	255	204.136	8.591	22.142	8.691	4.834	28.828
728	2	255	493.500	11.000	4.828	2.257	1.128	90.000
729	57	255	125.991	7.342	29.799	11.675	6.216	167.717
730	52	255	371.596	6.538	25.799	8.636	7.667	116.732
731	65	255	962.777	4.885	47.113	10.331	8.011	8.566
732	43	255	427.244	3.640	26.385	8.466	6.467	163.444
733	49	255	442.031	2.643	26.385	9.016	6.920	40.062
734	53	255	601.632	3.594	25.556	9.251	7.294	8.758
735	66	255	1125.288	2.591	32.627	11.525	7.292	164.282
736	1	255	1129.500	6.500	2.828	1.128	1.128	0.000
737	38	255	68.868	1.158	33.799	9.704	4.986	3.324
738	59	255	578.551	1.737	29.314	11.707	6.417	1.296
739	35	255	272.729	1.129	22.728	8.736	5.101	179.501
740	30	255	352.067	0.900	22.728	8.874	4.305	178.688
741	18	255	772.833	1.278	25.556	8.091	2.833	9.696
742	17	255	22.029	-0.147	23.071	10.639	2.035	2.515
743	4	255	143.000	-0.500	8.243	4.514	1.128	0.000
