 	Area	Mean	XM	YM	Perim.	Major	Minor	Angle
1	86	255	196.477	897.860	33.213	11.101	9.864	18.654
2	62	255	344.484	899.500	29.799	10.103	7.813	158.838
3	138	255	517.725	895.891	56.527	17.826	9.857	114.184
4	15	255	527.633	901.433	18.485	7.167	2.665	162.897
5	43	255	681.058	900.988	27.899	11.953	4.581	5.765
6	70	255	751.643	899.900	32.142	12.363	7.209	2.508
7	50	255	767.540	900.120	27.556	10.194	6.245	177.004
8	13	255	810.500	901.654	12.485	5.181	3.195	0.000
9	65	255	884.162	898.792	28.971	9.226	8.971	104.206
10	54	255	963.352	899.722	26.728	9.728	7.068	22.510
11	1	255	1112.500	902.500	2.828	1.128	1.128	0.000
12	20	255	1163.100	901.850	21.899	8.868	2.871	0.440
13	49	255	425.663	899.031	25.556	10.280	6.069	170.241
14	123	255	727.947	896.077	40.870	15.083	10.383	33.979
15	69	255	1057.688	893.123	30.385	10.796	8.137	102.983
16	59	255	284.941	893.212	27.556	9.470	7.933	124.006
17	63	255	1206.183	892.341	30.870	9.113	8.802	121.064
18	65	255	1193.331	891.562	29.799	9.744	8.494	30.716
19	64	255	30.500	889.000	28.142	9.812	8.305	23.968
20	247	255	1215.277	881.885	63.598	23.204	13.553	71.311
21	69	255	96.326	886.413	31.556	12.309	7.137	84.523
22	47	255	400.649	888.564	23.799	8.791	6.807	165.524
23	40	255	598.300	888.400	22.142	7.427	6.857	5.972
24	55	255	887.209	884.191	27.799	9.287	7.540	42.912
25	57	255	216.904	882.991	31.213	8.908	8.147	64.769
26	77	255	453.747	878.877	31.556	10.676	9.183	97.664
27	91	255	766.236	878.566	35.213	12.221	9.481	58.533
28	65	255	1106.715	878.823	28.971	10.076	8.214	85.319
29	113	255	396.013	876.580	40.042	12.906	11.148	127.643
30	60	255	877.817	876.067	28.385	10.237	7.463	80.606
31	159	255	520.261	860.274	81.941	32.255	6.276	87.832
32	69	255	959.109	874.804	31.213	11.642	7.546	22.303
33	94	255	987.340	873.351	35.456	12.425	9.632	43.700
34	79	255	118.601	870.513	33.799	13.123	7.665	87.184
35	92	255	921.348	872.348	34.971	11.888	9.853	21.071
36	48	255	403.042	868.562	30.385	9.369	6.523	26.559
37	63	255	414.929	868.151	28.042	9.806	8.180	30.479
38	64	255	834.797	867.672	30.870	9.846	8.276	136.010
39	54	255	479.648	865.074	26.385	9.678	7.105	128.795
40	49	255	974.949	866.031	28.385	8.848	7.051	38.934
41	34	255	529.559	863.529	23.799	8.417	5.143	148.730
42	79	255	958.513	861.373	32.385	11.894	8.457	68.625
43	68	255	440.926	859.824	34.870	11.371	7.614	143.125
44	62	255	758.323	862.000	28.385	9.544	8.271	173.256
45	73	255	803.966	857.788	30.385	11.026	8.430	81.228
46	73	255	997.281	857.952	34.042	10.761	8.637	6.506
47	51	255	787.951	855.716	25.556	8.235	7.885	159.792
48	31	255	971.081	853.371	20.142	6.906	5.716	54.564
49	62	255	12.468	849.758	30.971	11.896	6.636	102.228
50	51	255	755.108	852.539	26.142	8.849	7.338	14.071
51	196	255	851.628	848.281	59.355	19.596	12.735	4.361
52	38	255	284.447	851.263	21.556	7.600	6.366	28.349
53	79	255	41.044	849.171	32.971	10.100	9.959	163.826
54	74	255	989.405	848.297	31.213	11.592	8.128	150.350
55	151	255	1002.526	844.944	53.113	14.101	13.634	84.954
56	62	255	1023.081	847.145	28.627	9.774	8.077	127.524
57	3	255	0.500	849.500	6.828	3.385	1.128	90.000
58	55	255	1170.245	846.482	26.971	9.005	7.776	71.696
59	86	255	945.709	844.826	33.799	10.878	10.066	70.632
60	64	255	770.250	841.625	29.799	11.192	7.281	72.401
61	79	255	865.854	841.842	32.042	10.464	9.613	40.875
62	88	255	934.909	841.352	34.385	11.973	9.358	58.570
63	75	255	912.380	838.913	30.971	10.286	9.284	68.549
64	122	255	105.098	836.877	40.870	13.509	11.498	153.812
65	59	255	961.720	839.195	28.385	9.380	8.009	29.826
66	61	255	523.418	836.074	29.799	10.320	7.526	95.000
67	100	255	755.650	835.880	37.799	13.883	9.171	12.768
68	125	255	854.772	834.860	40.627	13.423	11.857	165.610
69	98	255	1014.888	834.551	36.627	12.405	10.059	102.666
70	69	255	122.775	833.370	30.385	11.294	7.779	90.491
71	93	255	175.909	833.177	35.213	11.630	10.181	9.480
72	38	255	491.000	833.447	24.385	8.390	5.767	158.633
73	60	255	877.117	831.933	28.385	8.876	8.607	159.052
74	51	255	417.088	829.343	26.971	8.903	7.294	160.541
75	10	255	819.000	831.300	10.485	4.198	3.033	180.000
76	60	255	363.033	826.300	32.385	9.399	8.128	118.545
77	47	255	759.777	827.755	24.728	8.151	7.342	161.694
78	62	255	768.629	824.274	27.799	9.320	8.470	32.009
79	76	255	448.053	823.276	37.213	13.781	7.022	164.469
80	62	255	181.097	821.645	28.627	10.372	7.611	88.363
81	28	255	305.036	824.429	18.728	6.818	5.229	8.517
82	57	255	683.079	822.482	26.971	9.858	7.362	1.692
83	75	255	781.607	819.953	32.627	11.950	7.991	111.633
84	41	255	460.207	821.720	24.728	7.496	6.964	108.797
85	47	255	472.819	821.074	24.385	7.874	7.600	156.686
86	70	255	327.443	817.629	33.213	12.991	6.860	62.132
87	65	255	829.238	819.408	29.213	10.940	7.565	33.326
88	64	255	335.703	817.656	28.971	10.054	8.105	88.820
89	43	255	306.616	817.012	25.556	9.655	5.671	132.964
90	67	255	902.351	815.097	29.799	9.937	8.585	17.072
91	81	255	866.833	813.340	32.627	10.629	9.703	93.335
92	116	255	757.621	811.457	41.456	13.228	11.165	70.187
93	118	255	463.017	810.661	39.456	12.712	11.819	42.619
94	66	255	621.076	811.288	31.799	11.872	7.078	100.646
95	41	255	773.037	813.159	22.728	8.757	5.962	162.788
96	53	255	795.840	810.594	26.385	9.799	6.887	121.103
97	94	255	305.585	807.394	34.627	11.171	10.714	5.667
98	69	255	436.645	808.486	29.799	10.735	8.184	141.510
99	74	255	738.473	808.514	32.042	10.122	9.308	129.999
100	73	255	812.555	808.404	30.971	10.326	9.001	53.979
101	2	255	0.500	810.000	4.828	2.257	1.128	90.000
102	3	255	519.167	809.833	5.657	2.365	1.615	45.000
103	58	255	726.448	805.741	26.971	10.101	7.311	82.981
104	89	255	475.287	802.669	35.213	13.004	8.714	92.362
105	59	255	1028.585	804.161	28.971	9.989	7.520	122.435
106	15	255	519.767	804.967	17.314	5.201	3.672	137.181
107	63	255	860.722	803.262	28.385	9.329	8.599	34.103
108	61	255	1208.320	803.746	28.385	9.361	8.297	24.637
109	38	255	450.711	802.342	21.556	7.224	6.698	120.275
110	49	255	676.235	802.031	26.971	8.216	7.594	95.721
111	67	255	822.410	799.276	28.971	9.365	9.109	4.745
112	106	255	201.670	796.208	38.385	14.144	9.542	92.176
113	37	255	187.068	797.419	23.556	8.869	5.312	135.075
114	44	255	465.545	797.114	23.556	7.562	7.408	91.993
115	61	255	511.648	796.008	29.556	10.797	7.193	72.546
116	4	255	519.750	799.250	7.657	3.192	1.596	108.435
117	55	255	715.664	796.827	29.799	8.945	7.829	3.429
118	67	255	812.306	795.351	28.971	9.714	8.782	56.183
119	58	255	519.086	783.879	53.698	20.474	3.607	88.212
120	73	255	375.774	790.527	30.971	10.906	8.523	29.194
121	72	255	439.875	790.236	31.213	10.181	9.005	21.208
122	57	255	1167.325	789.360	27.213	8.919	8.137	38.228
123	77	255	23.032	788.318	31.799	10.057	9.748	164.796
124	79	255	185.158	787.778	32.385	10.916	9.215	40.314
125	80	255	52.987	786.400	32.627	10.981	9.276	58.766
126	82	255	798.622	786.280	32.971	11.395	9.163	86.617
127	71	255	535.810	784.444	32.042	11.524	7.844	54.589
128	88	255	761.068	783.614	34.042	10.651	10.519	96.210
129	77	255	210.175	781.435	32.385	10.868	9.021	24.822
130	134	255	443.515	778.403	46.870	17.014	10.028	83.444
131	45	255	779.944	782.567	23.556	7.990	7.171	167.793
132	69	255	482.877	780.326	29.799	9.905	8.870	175.631
133	61	255	470.320	779.041	28.385	10.083	7.703	79.705
134	65	255	986.208	777.823	28.971	10.064	8.223	0.057
135	109	255	6.005	773.913	44.284	18.308	7.581	48.141
136	89	255	314.444	774.365	35.456	13.070	8.670	113.312
137	57	255	451.746	774.254	27.314	8.835	8.214	45.004
138	63	255	242.151	769.897	29.799	10.448	7.677	105.059
139	54	255	299.907	771.556	26.385	8.893	7.731	112.089
140	49	255	1220.765	771.929	24.728	8.480	7.357	100.026
141	72	255	479.764	768.708	31.456	11.049	8.297	138.261
142	17	255	518.618	771.971	15.899	5.270	4.107	153.652
143	56	255	14.339	769.304	28.385	9.352	7.624	11.145
144	84	255	493.738	765.393	33.799	10.884	9.827	95.836
145	68	255	471.206	764.750	29.799	10.104	8.569	75.544
146	62	255	1116.629	766.500	29.556	11.114	7.103	3.772
147	36	255	42.750	765.500	21.314	7.510	6.103	106.397
148	11	255	518.227	767.045	15.314	4.434	3.159	112.892
149	56	255	997.446	764.446	26.728	9.552	7.464	101.726
150	78	255	647.744	762.782	31.799	10.493	9.465	27.440
151	47	255	664.415	762.713	28.385	9.549	6.267	38.423
152	39	255	182.038	761.090	22.142	8.070	6.154	74.306
153	83	255	688.452	759.596	32.971	11.829	8.934	71.912
154	48	255	724.667	761.771	28.385	9.378	6.517	179.935
155	44	255	950.750	760.477	23.556	8.174	6.854	26.607
156	59	255	238.907	757.941	28.385	9.011	8.337	0.531
157	80	255	985.263	756.125	32.385	10.895	9.349	82.428
158	7	255	518.786	760.071	9.071	4.154	2.146	8.350
159	93	255	103.683	754.263	34.385	11.484	10.311	175.436
160	4	255	518.500	757.000	7.071	3.216	1.583	148.283
161	64	255	1119.797	751.219	28.627	9.761	8.348	5.170
162	86	255	606.547	750.081	33.799	11.539	9.490	31.695
163	55	255	673.282	751.136	26.971	9.101	7.695	36.362
164	62	255	1204.968	749.790	29.213	10.390	7.598	25.610
165	19	255	525.237	749.237	15.314	6.080	3.979	135.000
166	62	255	295.935	746.371	32.627	10.385	7.602	163.059
167	92	255	680.891	745.337	35.799	11.724	9.991	67.764
168	72	255	733.903	746.931	34.627	13.562	6.760	155.000
169	104	255	507.048	745.385	38.627	14.170	9.345	10.627
170	66	255	816.439	742.530	28.971	9.497	8.848	38.118
171	64	255	836.547	742.344	28.385	9.428	8.643	22.682
172	73	255	1181.171	741.568	31.799	11.568	8.034	30.138
173	78	255	1009.179	738.231	33.213	12.305	8.071	155.061
174	73	255	455.527	736.774	30.385	10.161	9.147	83.976
175	116	255	501.647	735.974	42.284	15.296	9.656	155.947
176	46	255	298.217	736.674	23.799	8.095	7.235	35.401
177	33	255	972.106	737.530	20.142	8.182	5.135	170.705
178	62	255	389.532	733.565	28.971	9.189	8.591	179.825
179	130	255	354.285	729.046	54.284	17.641	9.383	78.957
180	81	255	753.784	732.019	32.627	10.595	9.734	30.241
181	56	255	1198.821	732.964	28.385	8.734	8.164	11.184
182	66	255	31.879	731.545	29.799	10.212	8.229	21.066
183	52	255	190.442	731.269	27.213	10.853	6.100	45.678
184	82	255	290.146	731.085	33.456	12.064	8.654	158.198
185	15	255	524.700	733.567	13.899	5.405	3.533	105.014
186	60	255	938.767	729.083	34.971	11.356	6.727	75.192
187	56	255	96.893	729.054	33.213	9.387	7.596	133.878
188	68	255	713.132	729.162	34.042	11.311	7.655	24.363
189	54	255	498.333	727.667	26.385	9.241	7.440	166.469
190	91	255	513.731	726.819	42.284	14.134	8.197	150.773
191	64	255	682.047	726.828	35.213	9.757	8.351	87.194
192	73	255	967.760	726.925	30.971	10.521	8.835	82.353
193	99	255	39.551	725.318	39.456	13.937	9.045	19.541
194	54	255	336.407	726.019	26.385	9.471	7.259	29.606
195	85	255	1189.253	722.782	34.042	11.168	9.691	39.376
196	70	255	283.486	721.100	31.213	10.922	8.160	77.555
197	39	255	946.423	722.321	22.728	9.275	5.354	94.252
198	62	255	980.806	721.548	30.627	12.169	6.487	60.270
199	60	255	173.417	719.667	27.799	9.454	8.081	21.050
200	38	255	292.684	720.474	22.142	7.261	6.664	80.853
201	59	255	484.127	719.686	27.556	9.109	8.247	58.306
202	60	255	77.333	717.183	27.556	9.967	7.665	29.971
203	49	255	840.541	717.418	24.385	8.773	7.111	178.721
204	73	255	315.377	714.692	30.627	10.785	8.618	141.868
205	129	255	518.492	705.849	65.799	30.417	5.400	89.270
206	70	255	764.671	715.471	31.213	10.535	8.460	148.043
207	43	255	106.593	714.058	23.556	8.142	6.724	122.271
208	87	255	425.546	712.960	33.799	10.786	10.270	150.154
209	53	255	812.840	712.934	25.556	8.433	8.002	165.442
210	60	255	985.450	712.017	35.456	9.718	7.861	163.874
211	60	255	1206.683	710.783	29.213	10.137	7.536	125.323
212	40	255	604.300	711.575	22.142	7.295	6.982	144.277
213	82	255	307.146	706.683	34.870	13.460	7.757	48.425
214	85	255	793.453	708.335	32.971	11.704	9.247	169.938
215	76	255	136.382	707.079	32.627	11.783	8.212	129.808
216	49	255	379.357	708.071	25.314	8.640	7.221	112.500
217	60	255	464.683	705.733	28.385	9.496	8.045	128.561
218	72	255	651.500	703.931	40.284	10.216	8.974	94.824
219	66	255	455.121	703.106	29.556	10.043	8.367	170.130
220	35	255	416.986	702.900	21.314	7.204	6.186	56.158
221	66	255	871.682	700.545	28.971	9.234	9.100	149.295
222	62	255	934.435	700.339	31.213	9.586	8.235	147.426
223	51	255	107.010	699.441	28.385	8.946	7.259	126.421
224	70	255	832.843	698.514	32.627	12.328	7.230	125.209
225	53	255	981.217	699.481	26.627	9.031	7.472	119.102
226	66	255	187.773	697.924	28.971	10.364	8.108	106.471
227	45	255	1133.944	699.167	24.971	8.489	6.750	14.189
228	67	255	1210.649	697.172	32.042	12.095	7.053	76.146
229	39	255	811.577	697.705	22.971	8.000	6.207	153.430
230	74	255	1083.905	695.568	31.799	10.944	8.609	104.069
231	53	255	697.330	696.179	26.142	9.829	6.865	171.134
232	41	255	412.280	694.524	24.385	8.281	6.304	51.608
233	44	255	420.818	695.136	23.799	8.737	6.412	134.244
234	68	255	438.471	693.882	32.627	10.407	8.319	124.419
235	52	255	948.269	695.019	25.799	10.040	6.594	35.769
236	89	255	259.500	691.949	34.627	12.427	9.119	70.008
237	69	255	127.920	689.674	31.213	10.983	7.999	66.299
238	184	255	930.038	686.239	63.012	16.866	13.890	76.393
239	44	255	749.477	687.750	23.556	8.174	6.854	63.393
240	96	255	518.500	679.917	54.870	23.614	5.176	90.168
241	83	255	1001.994	686.006	34.385	10.533	10.033	27.142
242	44	255	310.955	686.250	24.142	8.574	6.534	107.513
243	57	255	475.219	686.096	27.556	9.739	7.452	33.473
244	69	255	820.297	684.833	29.799	9.698	9.059	123.742
245	100	255	918.040	682.850	36.284	11.746	10.840	44.100
246	59	255	953.602	684.602	27.799	9.368	8.019	54.960
247	32	255	700.688	684.000	20.142	7.154	5.695	140.128
248	69	255	718.413	678.935	34.042	10.618	8.274	119.829
249	38	255	937.632	679.947	22.142	7.921	6.108	79.139
250	47	255	38.053	679.606	25.556	8.147	7.346	154.046
251	52	255	365.904	678.385	25.213	8.781	7.540	62.634
252	82	255	761.915	678.183	32.385	10.692	9.765	30.316
253	65	255	226.023	677.608	28.627	10.337	8.006	142.197
254	99	255	963.692	672.955	36.042	11.989	10.514	67.155
255	70	255	632.929	672.400	30.627	10.194	8.743	45.741
256	47	255	24.670	670.606	26.385	8.756	6.834	70.468
257	64	255	432.625	667.969	28.971	10.531	7.738	103.410
258	40	255	578.625	666.475	26.385	8.208	6.205	145.606
259	50	255	757.720	664.660	24.385	8.157	7.804	160.134
260	58	255	518.414	660.690	42.042	14.930	4.946	91.546
261	46	255	592.957	664.239	24.971	8.512	6.881	115.121
262	93	255	678.392	659.769	34.284	12.190	9.714	127.270
263	46	255	737.674	659.870	29.213	8.615	6.799	135.603
264	68	255	909.735	660.559	29.799	10.309	8.399	15.897
265	54	255	925.185	660.611	26.728	9.650	7.125	74.326
266	61	255	1091.549	659.500	29.556	11.070	7.016	93.024
267	93	255	447.177	658.070	34.627	12.036	9.838	116.758
268	47	255	206.713	658.926	26.385	8.037	7.446	154.618
269	60	255	339.967	657.500	29.799	10.080	7.578	164.878
270	41	255	15.866	656.598	23.314	8.737	5.975	173.378
271	81	255	1146.512	655.340	32.385	11.062	9.323	173.034
272	103	255	1131.044	653.112	36.870	11.789	11.125	139.354
273	38	255	213.684	654.211	22.971	7.556	6.403	4.313
274	61	255	416.090	653.762	28.385	9.773	7.947	18.688
275	41	255	201.720	652.671	23.556	8.411	6.207	122.244
276	54	255	913.556	651.278	27.799	9.599	7.163	120.450
277	85	255	630.782	650.076	35.456	11.829	9.149	157.941
278	79	255	925.665	649.310	35.213	11.588	8.680	75.932
279	65	255	16.838	648.500	29.556	9.462	8.746	108.187
280	66	255	518.076	643.955	44.385	19.686	4.269	87.590
281	69	255	1184.254	646.645	30.385	10.645	8.253	29.159
282	58	255	162.414	645.293	27.556	9.892	7.465	96.719
283	87	255	1071.247	642.868	33.799	11.398	9.719	31.571
284	84	255	838.560	640.667	33.456	11.118	9.620	151.548
285	69	255	912.529	641.065	29.799	10.130	8.673	50.060
286	86	255	948.570	641.860	35.456	13.054	8.388	14.296
287	53	255	751.858	636.915	32.042	8.599	7.848	60.340
288	76	255	140.789	634.697	32.042	10.024	9.653	45.331
289	101	255	583.361	634.936	39.213	15.288	8.412	3.455
290	62	255	892.710	632.387	29.213	10.891	7.248	141.626
291	54	255	737.259	629.778	27.213	10.258	6.703	65.143
292	70	255	1013.171	629.900	30.627	10.156	8.776	133.696
293	54	255	867.296	628.889	28.385	9.506	7.233	140.825
294	40	255	332.875	629.175	22.971	8.360	6.092	34.504
295	3	255	517.500	630.500	6.243	3.385	1.128	0.000
296	58	255	1142.379	626.069	27.556	10.104	7.308	28.869
297	81	255	1004.401	624.031	32.385	10.464	9.856	56.555
298	63	255	1103.119	624.024	29.213	10.572	7.587	46.157
299	3	255	517.833	625.833	5.657	2.365	1.615	135.000
300	50	255	845.080	623.240	30.971	8.790	7.242	9.290
301	45	255	8.633	620.811	24.971	8.010	7.153	102.275
302	92	255	315.424	617.543	35.213	11.536	10.154	76.289
303	47	255	448.011	619.074	25.799	8.385	7.137	58.944
304	59	255	884.466	618.585	35.213	9.832	7.640	135.618
305	72	255	992.042	617.222	32.627	10.596	8.652	15.936
306	89	255	701.871	615.545	33.799	11.334	9.998	66.248
307	69	255	726.978	616.123	29.799	10.186	8.625	106.194
308	48	255	796.646	616.625	24.971	9.868	6.194	158.056
309	80	255	822.425	612.600	32.627	11.662	8.734	77.786
310	65	255	1111.746	615.100	33.799	11.493	7.201	17.202
311	51	255	562.284	611.324	26.728	9.996	6.496	109.430
312	74	255	1011.230	611.041	32.627	11.485	8.204	165.524
313	57	255	1221.377	609.675	30.142	11.453	6.337	84.055
314	72	255	1099.569	608.611	42.042	10.049	9.122	112.644
315	80	255	185.938	607.750	32.971	11.916	8.548	93.569
316	66	255	732.818	607.076	29.799	10.453	8.039	29.898
317	114	255	857.640	605.044	39.213	12.340	11.762	142.328
318	62	255	842.984	605.742	30.385	10.221	7.723	165.223
319	99	255	981.965	604.864	37.213	12.803	9.845	28.381
320	58	255	517.414	600.172	47.456	16.102	4.586	87.946
321	30	255	723.400	605.200	19.899	7.392	5.167	175.920
322	65	255	751.331	603.085	29.799	9.883	8.374	165.048
323	55	255	1038.918	603.173	26.385	9.252	7.569	50.461
324	66	255	1148.788	603.561	29.556	9.631	8.726	80.930
325	94	255	892.223	599.553	37.698	13.628	8.782	120.135
326	30	255	525.333	600.700	22.385	10.133	3.769	132.650
327	74	255	14.027	598.932	34.284	10.579	8.906	5.347
328	85	255	877.076	599.324	34.385	12.865	8.412	24.839
329	57	255	1194.044	598.658	27.556	9.868	7.354	121.465
330	43	255	330.081	598.384	27.213	10.080	5.431	24.005
331	53	255	315.802	596.217	25.799	8.563	7.881	127.728
332	57	255	379.061	597.623	27.556	9.715	7.471	7.839
333	56	255	1073.196	595.446	28.971	10.347	6.891	92.634
334	43	255	235.244	596.035	22.971	8.259	6.629	61.607
335	54	255	2.741	592.833	29.556	10.520	6.535	99.505
336	45	255	184.056	594.456	24.142	9.420	6.083	77.096
337	55	255	497.118	594.773	28.385	11.159	6.276	152.231
338	127	255	222.602	590.618	50.770	18.250	8.860	140.039
339	63	255	275.516	593.706	28.385	9.203	8.716	52.765
340	86	255	801.093	591.616	34.627	10.507	10.421	161.748
341	62	255	1127.419	591.694	28.385	9.228	8.554	118.977
342	95	255	135.900	589.574	35.213	12.434	9.728	0.191
343	59	255	403.432	590.025	28.142	9.468	7.935	27.627
344	90	255	683.111	588.611	34.870	11.600	9.878	61.660
345	43	255	1044.477	589.663	24.142	8.575	6.385	47.179
346	1	255	519.500	592.500	2.828	1.128	1.128	0.000
347	55	255	67.409	586.482	26.728	9.571	7.317	97.452
348	41	255	311.207	587.329	23.556	7.300	7.151	100.765
349	65	255	642.331	586.115	29.213	11.151	7.422	127.044
350	59	255	1022.381	586.381	27.213	9.368	8.019	51.521
351	31	255	442.145	584.984	20.142	6.744	5.853	62.073
352	67	255	915.440	585.306	30.385	11.171	7.637	168.890
353	62	255	91.048	582.823	28.385	9.656	8.175	106.192
354	77	255	252.240	582.461	31.799	10.684	9.176	79.097
355	39	255	333.295	583.679	22.971	7.778	6.384	81.288
356	46	255	359.348	583.674	24.142	8.376	6.993	156.779
357	61	255	739.369	582.057	33.456	11.314	6.865	150.793
358	69	255	689.645	581.283	29.799	10.033	8.756	51.383
359	55	255	194.209	581.664	26.971	9.690	7.227	167.270
360	85	255	662.429	579.406	32.385	11.433	9.466	95.909
361	83	255	1012.416	578.440	36.042	12.574	8.404	66.265
362	52	255	575.327	580.538	24.971	9.285	7.130	168.575
363	52	255	850.962	579.923	26.971	8.418	7.865	144.935
364	50	255	1101.280	578.460	24.971	9.159	6.951	108.106
365	79	255	544.335	576.551	32.870	10.679	9.419	130.749
366	69	255	878.036	576.949	31.213	10.993	7.992	59.566
367	63	255	1165.024	577.310	29.213	10.039	7.990	35.573
368	100	255	1211.710	576.470	36.042	11.637	10.942	158.100
369	98	255	443.704	575.163	39.456	14.965	8.338	154.699
370	38	255	564.579	577.763	22.142	8.119	5.959	158.521
371	63	255	406.897	575.008	33.799	10.099	7.943	107.859
372	60	255	428.983	574.733	29.213	10.561	7.234	116.756
373	35	255	610.157	573.443	24.971	7.697	5.790	138.489
374	58	255	50.586	572.034	29.799	9.038	8.171	165.696
375	54	255	834.278	572.722	26.971	9.920	6.931	35.956
376	60	255	905.733	572.183	28.971	10.889	7.016	57.120
377	43	255	137.756	572.035	22.971	8.259	6.629	118.393
378	54	255	1021.370	570.852	27.556	9.449	7.277	18.541
379	50	255	232.640	570.100	25.899	9.771	6.515	0.606
380	43	255	248.570	569.640	22.971	7.929	6.905	4.882
381	78	255	481.654	566.026	31.799	10.252	9.687	68.923
382	60	255	845.917	565.517	27.556	9.167	8.334	71.620
383	59	255	574.517	564.161	26.971	9.471	7.932	11.954
384	72	255	42.111	561.944	34.042	10.680	8.584	58.991
385	64	255	3.828	561.344	31.556	9.633	8.459	130.449
386	51	255	171.265	561.755	26.627	9.351	6.945	13.356
387	28	255	522.607	562.607	20.142	6.652	5.359	78.961
388	66	255	585.939	559.803	30.385	10.809	7.775	67.437
389	91	255	1197.236	560.588	35.799	12.792	9.057	6.469
390	2	255	616.500	563.000	4.828	2.257	1.128	90.000
391	31	255	274.661	559.113	20.142	7.552	5.226	87.166
392	53	255	422.255	559.387	26.385	8.981	7.514	153.932
393	50	255	614.560	558.740	26.142	8.369	7.607	146.375
394	115	255	56.474	555.604	38.870	12.688	11.541	165.920
395	75	255	116.553	556.913	30.385	10.184	9.376	97.466
396	77	255	130.201	556.656	32.385	11.831	8.286	107.404
397	59	255	907.958	558.686	29.556	11.124	6.753	176.736
398	53	255	753.123	557.330	26.142	9.260	7.287	164.562
399	78	255	367.615	553.449	31.799	11.200	8.868	71.461
400	1	255	516.500	558.500	2.828	1.128	1.128	0.000
401	59	255	193.568	552.415	33.456	9.301	8.077	158.396
402	45	255	940.189	551.656	27.799	8.040	7.126	16.015
403	45	255	991.856	551.744	24.142	9.171	6.247	99.879
404	62	255	1002.016	551.452	32.042	10.257	7.696	145.663
405	55	255	222.755	550.464	27.213	9.162	7.643	41.001
406	62	255	234.468	549.016	29.556	11.194	7.052	75.315
407	52	255	774.596	550.635	26.728	9.157	7.231	89.823
408	44	255	314.068	549.682	23.799	7.700	7.276	178.290
409	60	255	325.267	549.300	28.385	9.709	7.868	144.490
410	62	255	764.403	549.290	28.627	9.474	8.332	126.002
411	1	255	517.500	551.500	2.828	1.128	1.128	0.000
412	42	255	409.714	547.357	24.385	8.911	6.001	21.250
413	58	255	341.569	545.741	27.213	9.112	8.105	43.613
414	81	255	612.117	543.809	33.799	12.756	8.085	75.642
415	51	255	1016.735	546.676	26.385	10.152	6.396	164.908
416	68	255	85.956	543.985	30.627	11.081	7.814	51.929
417	43	255	171.593	545.267	24.385	7.841	6.983	170.163
418	38	255	181.947	544.053	22.627	8.107	5.968	45.001
419	57	255	446.325	543.149	27.556	10.230	7.095	100.243
420	6	255	517.000	546.500	7.657	3.385	2.257	90.000
421	93	255	267.565	541.253	34.971	12.653	9.359	80.204
422	76	255	577.526	542.026	30.971	10.362	9.339	78.468
423	112	255	1006.232	541.098	39.213	13.175	10.824	12.161
424	34	255	1195.794	541.294	22.971	6.873	6.299	45.790
425	125	255	190.316	538.148	41.456	15.039	10.583	178.356
426	44	255	214.250	540.182	23.556	7.944	7.052	15.077
427	76	255	323.816	538.816	31.213	10.721	9.026	134.998
428	35	255	389.929	538.557	22.385	7.981	5.584	127.659
429	47	255	436.989	538.777	24.385	7.980	7.499	25.153
430	6	255	517.000	540.500	11.657	3.909	1.954	116.565
431	62	255	142.629	538.048	28.971	10.257	7.696	161.121
432	77	255	174.058	536.812	33.456	10.657	9.200	16.881
433	2	255	1115.500	541.000	4.828	2.257	1.128	90.000
434	67	255	342.425	534.007	29.213	10.078	8.465	121.987
435	45	255	636.500	534.478	24.971	8.187	6.999	18.978
436	79	255	786.234	531.791	35.456	10.592	9.496	37.119
437	54	255	805.296	533.315	29.213	9.610	7.154	133.552
438	77	255	1114.773	531.292	34.042	12.532	7.823	55.159
439	1	255	516.500	535.500	2.828	1.128	1.128	0.000
440	98	255	652.378	530.418	36.385	12.713	9.815	134.517
441	76	255	382.724	529.355	31.799	11.629	8.321	116.896
442	82	255	405.561	528.756	35.799	12.802	8.155	111.305
443	92	255	850.761	529.804	36.042	11.311	10.356	132.692
444	53	255	184.009	530.142	27.213	9.322	7.239	176.495
445	40	255	593.225	530.575	22.971	7.359	6.921	35.810
446	37	255	671.473	528.311	25.556	7.362	6.399	164.789
447	65	255	1127.869	527.669	36.284	10.246	8.078	22.948
448	66	255	458.439	527.652	28.971	9.310	9.026	26.182
449	35	255	364.214	527.843	21.314	7.172	6.213	95.072
450	51	255	628.755	527.147	24.971	8.273	7.849	145.555
451	64	255	199.484	525.125	28.385	9.903	8.229	29.352
452	54	255	945.389	524.130	29.556	9.274	7.413	113.430
453	74	255	505.392	524.689	31.799	11.741	8.025	24.804
454	48	255	442.688	523.500	30.971	8.178	7.474	32.877
455	80	255	425.887	521.038	34.627	12.315	8.271	76.403
456	42	255	601.643	523.524	23.556	8.046	6.647	28.849
457	63	255	152.262	521.817	28.385	9.984	8.034	14.861
458	53	255	699.991	521.160	32.042	8.743	7.718	143.025
459	40	255	121.125	521.725	23.314	7.448	6.838	104.927
460	2	255	517.500	524.000	4.828	2.257	1.128	90.000
461	87	255	366.787	516.351	35.698	13.406	8.263	33.954
462	3	255	517.500	519.500	6.243	3.385	1.128	0.000
463	34	255	22.735	514.676	20.728	7.507	5.767	73.800
464	37	255	755.797	513.392	22.385	7.648	6.159	132.789
465	72	255	816.153	512.000	30.385	10.737	8.538	65.488
466	44	255	950.841	513.045	26.385	8.198	6.833	99.826
467	43	255	311.360	512.291	25.556	9.899	5.531	2.030
468	63	255	6.833	510.262	28.971	10.768	7.449	170.433
469	52	255	705.404	509.731	25.799	9.255	7.154	24.450
470	56	255	1131.375	510.107	26.385	9.604	7.424	146.339
471	54	255	356.852	507.389	28.385	9.256	7.428	85.255
472	59	255	982.975	507.229	26.971	9.465	7.937	118.217
473	87	255	200.040	507.144	36.385	13.820	8.015	10.932
474	60	255	1164.067	506.417	28.627	10.838	7.049	34.924
475	77	255	57.734	505.851	35.456	13.408	7.312	13.013
476	47	255	931.606	503.862	25.213	8.672	6.901	36.813
477	92	255	100.826	501.239	34.971	11.466	10.216	88.609
478	62	255	850.000	501.806	28.385	10.537	7.492	64.751
479	26	255	431.385	503.269	18.142	7.100	4.663	164.437
480	58	255	744.534	500.914	26.385	9.047	8.163	179.151
481	1	255	517.500	503.500	2.828	1.128	1.128	0.000
482	94	255	1128.309	497.011	37.213	12.253	9.768	161.161
483	55	255	1046.809	496.973	26.971	9.023	7.761	49.596
484	69	255	352.297	497.036	30.385	10.654	8.246	13.928
485	55	255	1210.536	495.336	27.556	9.824	7.128	88.137
486	39	255	24.936	497.064	22.142	8.198	6.057	166.995
487	56	255	427.357	495.339	26.728	9.686	7.361	100.052
488	63	255	490.024	495.913	29.213	9.433	8.504	162.597
489	90	255	63.444	491.678	41.113	15.599	7.346	125.686
490	41	255	363.622	494.134	26.142	8.874	5.883	133.334
491	49	255	475.969	492.908	28.627	9.626	6.481	23.076
492	42	255	1168.595	493.595	23.799	9.294	5.754	160.184
493	2	255	517.000	495.500	4.243	2.257	1.128	0.000
494	74	255	704.365	490.270	31.213	10.897	8.646	70.947
495	66	255	955.561	491.121	33.213	9.868	8.516	107.393
496	48	255	802.875	490.625	24.728	8.709	7.018	154.880
497	68	255	207.676	487.353	29.799	10.061	8.606	43.210
498	67	255	439.828	487.440	29.213	9.816	8.690	167.618
499	81	255	326.500	485.340	32.627	10.820	9.531	66.737
500	121	255	343.921	484.566	47.698	13.298	11.585	157.696
501	66	255	1166.470	486.182	29.799	9.450	8.892	168.223
502	51	255	151.029	486.265	24.971	8.748	7.423	136.458
503	83	255	367.295	484.620	32.385	11.247	9.396	12.097
504	105	255	975.900	483.605	40.042	16.242	8.231	149.632
505	39	255	692.295	483.654	24.971	7.658	6.485	139.748
506	92	255	817.543	482.467	35.799	13.692	8.555	13.006
507	80	255	83.625	480.688	33.213	12.370	8.234	149.452
508	44	255	680.477	482.318	24.385	9.747	5.748	24.963
509	54	255	416.259	480.611	27.556	10.014	6.866	147.327
510	64	255	646.000	480.000	28.385	9.588	8.499	90.000
511	54	255	295.963	478.593	27.213	9.952	6.908	136.092
512	61	255	655.746	478.221	28.385	9.645	8.053	60.556
513	72	255	314.569	477.083	31.556	10.542	8.696	93.818
514	56	255	967.179	477.750	26.971	8.972	7.947	126.390
515	49	255	103.929	477.337	24.728	8.501	7.339	172.344
516	70	255	179.914	475.886	29.556	10.518	8.474	82.298
517	80	255	151.425	474.788	32.627	10.635	9.578	135.834
518	77	255	943.968	475.188	31.799	11.538	8.497	46.675
519	88	255	38.023	472.557	33.799	10.773	10.401	52.061
520	102	255	289.176	471.500	36.627	13.115	9.902	90.000
521	71	255	341.317	472.908	33.799	10.786	8.381	9.492
522	102	255	512.480	471.588	37.456	12.452	10.429	115.009
523	75	255	955.193	473.060	31.213	10.246	9.320	145.706
524	89	255	9.635	471.028	35.799	12.750	8.888	114.512
525	1	255	518.500	476.500	2.828	1.128	1.128	0.000
526	72	255	1215.153	472.583	31.799	10.243	8.950	17.044
527	86	255	418.558	470.663	33.456	11.169	9.804	44.086
528	73	255	699.226	472.514	32.142	12.553	7.404	173.501
529	85	255	352.806	469.547	33.799	11.001	9.838	87.019
530	54	255	369.556	470.889	25.799	9.470	7.260	150.676
531	88	255	686.580	469.307	37.799	11.527	9.721	153.461
532	37	255	552.419	470.689	22.142	7.031	6.700	137.841
533	61	255	828.893	468.156	36.042	9.953	7.803	149.864
534	72	255	741.014	467.292	30.385	10.499	8.731	155.607
535	42	255	307.595	467.262	22.971	7.546	7.086	3.020
536	38	255	847.447	467.579	21.556	7.146	6.771	123.690
537	58	255	1029.069	465.621	26.971	9.015	8.192	106.240
538	57	255	86.272	464.307	27.556	9.784	7.417	31.083
539	151	255	341.315	460.142	52.770	17.990	10.687	50.534
540	46	255	363.348	462.717	33.456	8.721	6.716	151.876
541	47	255	550.819	462.011	27.213	8.544	7.004	117.746
542	107	255	1079.547	460.734	37.698	12.549	10.857	27.343
543	54	255	471.815	462.407	26.728	9.300	7.393	10.395
544	45	255	818.389	462.922	24.142	9.411	6.088	7.085
545	68	255	788.662	460.029	29.799	10.027	8.634	81.641
546	42	255	21.167	459.571	23.556	8.316	6.431	57.098
547	52	255	300.981	458.596	26.142	8.166	8.108	120.640
548	113	255	516.412	455.252	40.284	13.440	10.705	101.436
549	52	255	36.115	457.327	30.142	9.285	7.130	166.614
550	36	255	1037.361	456.806	20.971	7.146	6.415	41.701
551	97	255	1143.562	453.902	36.870	14.008	8.817	49.879
552	63	255	176.341	453.770	28.385	10.390	7.720	66.315
553	64	255	356.750	450.125	30.385	10.839	7.518	109.047
554	86	255	304.512	449.081	35.213	10.609	10.322	34.322
555	40	255	1021.750	450.575	25.213	8.968	5.679	131.636
556	88	255	82.636	448.250	33.799	11.524	9.723	71.898
557	56	255	694.571	447.536	30.385	9.748	7.314	119.144
558	1	255	697.500	452.500	2.828	1.128	1.128	0.000
559	61	255	462.500	447.287	30.385	9.185	8.456	153.553
560	38	255	1035.395	448.289	22.385	7.515	6.438	37.845
561	63	255	52.611	446.452	28.971	10.701	7.496	43.848
562	69	255	106.457	447.457	30.971	11.979	7.334	7.814
563	61	255	952.352	444.074	34.627	9.338	8.317	25.528
564	1	255	516.500	446.500	2.828	1.128	1.128	0.000
565	68	255	35.471	439.779	29.799	11.151	7.765	130.856
566	49	255	445.745	439.520	25.799	9.233	6.757	133.639
567	83	255	486.910	437.813	32.971	12.524	8.438	84.324
568	61	255	430.336	438.090	34.042	10.185	7.625	122.634
569	67	255	1064.903	438.410	29.213	10.194	8.368	145.272
570	56	255	69.304	437.554	26.728	9.452	7.543	4.775
571	52	255	79.308	436.904	25.556	8.661	7.644	50.465
572	1	255	515.500	440.500	2.828	1.128	1.128	0.000
573	91	255	1218.599	435.863	33.799	11.403	10.161	7.415
574	85	255	329.194	433.853	32.627	10.856	9.969	15.870
575	75	255	203.287	432.807	31.213	10.883	8.775	47.533
576	92	255	1083.717	431.924	35.456	11.970	9.786	67.337
577	70	255	462.171	429.186	30.627	10.785	8.264	118.080
578	66	255	499.061	429.576	30.385	11.060	7.598	30.363
579	45	255	1188.833	430.211	23.556	8.108	7.067	174.110
580	32	255	666.406	429.250	21.799	7.317	5.569	56.713
581	62	255	991.000	427.532	28.971	10.244	7.706	76.328
582	100	255	1161.050	426.350	37.213	11.949	10.656	102.382
583	75	255	865.940	426.233	32.627	12.189	7.834	147.165
584	59	255	54.280	425.636	27.213	9.116	8.241	126.440
585	46	255	614.000	426.587	23.556	8.252	7.098	0.000
586	84	255	137.321	423.476	33.799	11.545	9.264	95.300
587	85	255	157.959	424.088	33.799	12.213	8.861	0.903
588	50	255	732.880	424.760	30.627	8.829	7.211	51.077
589	69	255	1203.384	424.428	29.556	9.427	9.319	64.565
590	88	255	307.750	422.205	35.213	13.504	8.297	42.293
591	77	255	354.006	421.656	32.627	12.797	7.661	128.072
592	63	255	674.214	423.452	29.213	10.387	7.722	5.986
593	88	255	281.795	420.364	45.113	11.097	10.096	164.853
594	81	255	902.290	419.907	44.870	10.959	9.410	151.901
595	69	255	266.616	417.732	30.385	10.143	8.661	15.766
596	63	255	451.675	417.516	30.385	11.384	7.046	36.769
597	42	255	742.714	414.857	29.799	8.211	6.513	104.715
598	84	255	337.952	412.131	33.698	13.088	8.172	142.923
599	81	255	622.673	413.093	32.385	10.475	9.845	126.150
600	72	255	1149.083	411.944	31.799	11.263	8.139	128.582
601	34	255	644.000	409.059	37.456	8.167	5.301	61.416
602	76	255	40.750	407.461	31.799	11.454	8.448	73.672
603	53	255	1195.613	408.953	26.385	8.401	8.033	97.669
604	62	255	369.210	407.048	28.627	10.405	7.587	57.736
605	73	255	1089.336	407.158	31.799	10.254	9.064	83.585
606	1	255	639.500	410.500	2.828	1.128	1.128	0.000
607	12	255	796.083	408.833	14.728	4.104	3.723	137.678
608	48	255	297.062	405.958	26.142	9.167	6.667	38.522
609	65	255	462.085	404.362	31.799	10.246	8.077	88.901
610	36	255	276.333	403.972	22.971	7.894	5.807	97.765
611	1	255	513.500	407.500	2.828	1.128	1.128	0.000
612	65	255	350.885	400.931	28.971	10.276	8.054	106.537
613	7	255	514.357	402.786	10.485	4.110	2.168	67.500
614	36	255	605.750	399.333	22.971	7.810	5.869	170.318
615	65	255	947.146	398.315	29.799	10.159	8.147	2.521
616	56	255	1173.179	398.696	26.971	8.963	7.955	16.385
617	65	255	267.946	397.177	28.627	9.900	8.360	21.959
618	52	255	258.135	396.635	26.385	9.561	6.925	118.252
619	79	255	153.703	395.728	32.385	10.893	9.234	173.551
620	80	255	333.738	394.887	34.042	10.803	9.429	166.902
621	52	255	515.077	389.038	46.385	19.759	3.351	91.457
622	36	255	658.694	393.500	21.556	7.837	5.849	39.684
623	107	255	368.481	390.958	37.213	13.628	9.997	169.762
624	43	255	39.244	390.360	23.314	7.492	7.307	78.609
625	53	255	857.425	390.613	26.971	9.766	6.910	19.303
626	31	255	1181.629	391.177	20.142	7.099	5.560	6.249
627	45	255	208.367	389.344	24.385	8.757	6.543	172.969
628	78	255	401.846	386.128	31.799	10.502	9.457	28.143
629	91	255	460.060	383.027	36.870	14.061	8.240	142.673
630	51	255	183.657	383.912	25.556	8.430	7.703	144.355
631	47	255	83.926	380.734	25.556	9.841	6.081	80.429
632	45	255	485.344	381.678	24.385	8.855	6.470	120.775
633	51	255	755.598	381.284	30.627	9.519	6.822	179.312
634	55	255	117.555	379.155	26.385	9.081	7.711	94.962
635	55	255	790.391	379.264	26.971	9.738	7.191	67.157
636	70	255	1105.729	379.857	30.971	11.165	7.983	9.199
637	78	255	938.115	377.628	31.213	10.037	9.895	175.234
638	74	255	38.622	375.824	32.385	11.545	8.161	62.720
639	57	255	770.991	375.623	39.456	10.614	6.838	56.652
640	47	255	1178.691	376.032	27.799	8.624	6.939	95.480
641	207	255	515.379	358.901	82.527	32.589	8.087	93.095
642	63	255	1020.484	373.294	27.799	9.203	8.716	52.765
643	51	255	91.284	373.598	26.385	8.995	7.219	177.668
644	39	255	675.038	372.782	22.142	7.899	6.286	94.968
645	85	255	824.971	369.888	32.385	10.522	10.285	120.282
646	74	255	729.243	368.446	31.213	10.476	8.994	92.539
647	75	255	1116.567	368.153	32.385	10.141	9.416	95.351
648	49	255	849.847	368.684	26.385	8.581	7.271	168.488
649	150	255	1141.847	363.673	64.184	20.280	9.417	175.742
650	51	255	905.598	363.618	27.556	10.261	6.328	80.300
651	56	255	90.125	361.554	26.971	9.530	7.482	119.702
652	57	255	152.096	362.061	28.385	9.480	7.656	165.976
653	76	255	300.579	359.553	32.627	11.376	8.506	63.908
654	38	255	423.421	360.474	22.142	7.494	6.456	119.437
655	67	255	103.948	358.425	29.799	10.418	8.189	13.500
656	67	255	197.575	358.500	29.556	9.723	8.773	127.470
657	76	255	45.750	357.447	31.213	10.809	8.952	164.278
658	51	255	212.578	357.343	26.627	8.631	7.523	4.462
659	68	255	138.691	356.118	29.799	9.981	8.674	153.740
660	18	255	526.667	357.944	15.899	6.488	3.532	80.768
661	40	255	451.000	357.000	23.314	8.116	6.275	1.683
662	32	255	1114.312	355.781	22.385	6.602	6.171	131.403
663	186	255	1145.022	351.425	61.598	17.403	13.608	173.807
664	66	255	254.833	352.621	30.971	10.113	8.310	131.831
665	62	255	149.806	351.565	29.213	10.342	7.633	140.910
666	73	255	461.021	349.692	31.799	11.983	7.756	63.146
667	86	255	180.570	347.605	33.456	11.261	9.724	41.489
668	73	255	232.336	346.295	31.799	10.717	8.673	68.461
669	45	255	523.744	348.611	24.142	8.170	7.013	162.904
670	46	255	102.304	347.283	24.971	7.831	7.479	7.425
671	69	255	823.167	344.964	30.042	10.108	8.691	131.621
672	61	255	899.287	345.746	27.799	9.139	8.499	5.533
673	85	255	472.818	344.135	33.456	10.519	10.289	68.721
674	72	255	1134.000	342.750	30.627	10.562	8.680	33.955
675	61	255	1103.598	341.943	27.556	9.489	8.185	175.716
676	39	255	2.397	339.910	26.971	9.764	5.086	86.644
677	54	255	401.259	340.074	31.213	8.792	7.820	111.733
678	53	255	551.745	340.896	27.556	9.053	7.454	65.092
679	43	255	86.174	340.500	23.799	7.954	6.883	6.482
680	84	255	744.083	339.286	33.456	11.956	8.946	34.710
681	58	255	1148.586	338.621	29.799	9.725	7.594	146.999
682	40	255	465.475	338.375	22.385	7.541	6.754	27.524
683	2	255	515.000	341.500	4.243	2.257	1.128	0.000
684	78	255	968.000	337.949	32.971	12.855	7.726	165.303
685	54	255	208.370	337.111	25.799	9.736	7.062	149.204
686	58	255	318.776	336.586	27.799	9.591	7.700	126.069
687	97	255	1161.840	334.046	52.184	11.751	10.510	137.508
688	81	255	77.228	334.833	33.799	10.723	9.618	115.880
689	44	255	519.364	335.955	25.556	8.788	6.375	122.817
690	49	255	567.031	335.806	24.971	8.568	7.281	51.444
691	81	255	101.389	333.809	33.213	11.075	9.312	12.062
692	70	255	223.329	333.343	30.971	11.072	8.050	87.753
693	105	255	899.938	331.490	43.941	17.441	7.665	56.624
694	74	255	276.176	333.432	31.799	11.149	8.451	152.939
695	69	255	335.891	333.225	30.627	10.005	8.781	64.033
696	33	255	475.742	333.833	20.142	7.342	5.723	60.521
697	85	255	31.947	329.947	33.456	11.502	9.410	157.674
698	105	255	160.643	329.224	37.456	14.117	9.470	26.371
699	56	255	242.000	330.714	27.556	8.901	8.011	20.792
700	66	255	466.318	328.591	29.213	9.718	8.648	83.722
701	61	255	489.123	328.975	28.385	9.663	8.038	86.435
702	101	255	511.421	326.639	37.456	12.666	10.153	90.444
703	67	255	302.142	326.724	29.799	10.010	8.522	45.540
704	48	255	499.021	327.438	25.556	8.951	6.828	36.802
705	52	255	980.000	327.615	26.971	9.147	7.238	0.000
706	67	255	1138.157	325.933	30.627	10.227	8.341	81.120
707	99	255	372.934	322.864	36.042	12.262	10.280	113.851
708	34	255	519.441	324.765	22.728	8.421	5.141	90.853
709	57	255	66.939	322.395	26.385	8.878	8.175	81.105
710	29	255	1042.259	324.397	20.728	7.493	4.928	167.069
711	58	255	221.983	321.086	28.385	10.055	7.344	115.654
712	82	255	25.207	318.305	32.627	10.707	9.751	88.698
713	37	255	184.419	320.041	21.899	8.011	5.881	28.810
714	49	255	1125.337	318.173	27.213	10.234	6.096	137.077
715	66	255	269.697	317.045	30.284	11.266	7.459	35.530
716	174	255	479.713	314.966	50.284	16.522	13.409	157.449
717	39	255	732.833	317.808	23.556	8.808	5.637	78.430
718	53	255	1187.708	317.311	27.314	8.830	7.643	56.894
719	58	255	60.155	315.414	27.799	8.752	8.438	62.355
720	79	255	631.272	314.994	32.142	10.820	9.296	101.503
721	74	255	164.568	314.419	31.213	10.866	8.671	159.708
722	46	255	344.609	314.587	24.385	8.676	6.751	117.078
723	62	255	80.177	314.032	28.142	9.338	8.454	1.516
724	63	255	130.563	313.008	28.627	10.693	7.501	126.252
725	53	255	1036.783	314.255	26.142	9.129	7.392	39.382
726	21	255	71.452	314.643	21.799	6.076	4.401	163.598
727	66	255	899.439	311.439	30.142	9.847	8.534	70.776
728	94	255	677.309	309.415	35.213	11.575	10.340	38.327
729	65	255	849.669	309.685	29.213	10.268	8.060	38.170
730	65	255	1021.377	308.762	28.971	10.032	8.250	2.166
731	51	255	238.676	306.775	26.385	9.660	6.722	91.996
732	84	255	302.821	307.238	33.213	10.756	9.943	22.060
733	66	255	441.409	307.136	29.799	9.314	9.022	37.027
734	43	255	1002.919	308.314	28.042	9.193	5.955	169.002
735	59	255	107.636	306.873	27.556	10.053	7.473	29.882
736	59	255	156.042	306.788	27.556	9.214	8.153	64.528
737	75	255	258.860	306.153	31.799	10.073	9.480	35.432
738	60	255	497.800	306.533	27.556	9.540	8.008	111.285
739	58	255	183.828	305.397	27.556	9.357	7.892	68.510
740	48	255	889.458	305.812	25.213	8.968	6.815	137.076
741	63	255	74.405	302.421	28.971	11.173	7.179	93.034
742	50	255	476.500	302.700	27.556	9.967	6.387	78.937
743	79	255	1041.589	302.449	32.385	10.512	9.568	144.821
744	88	255	63.023	301.432	33.213	11.622	9.641	64.847
745	55	255	386.645	303.355	27.213	10.253	6.830	173.026
746	54	255	431.000	301.611	31.799	8.944	7.687	93.661
747	77	255	484.344	300.513	31.799	10.549	9.293	81.818
748	78	255	457.179	299.026	31.799	11.534	8.611	45.243
749	73	255	667.925	298.418	31.799	11.280	8.240	89.268
750	50	255	703.380	300.340	25.556	9.422	6.757	13.432
751	52	255	736.827	299.808	26.385	8.590	7.708	92.675
752	76	255	48.382	299.079	30.971	11.643	8.311	171.482
753	42	255	540.214	296.952	28.971	10.480	5.103	102.041
754	88	255	1019.909	298.125	34.870	11.867	9.442	154.813
755	12	255	514.167	298.583	13.899	4.804	3.180	129.386
756	112	255	100.571	289.929	39.456	14.333	9.949	74.145
757	50	255	435.660	293.220	25.556	8.488	7.500	153.213
758	64	255	604.375	293.094	31.799	11.584	7.034	168.603
759	52	255	1040.269	292.000	25.556	8.247	8.028	90.000
760	1	255	513.500	294.500	2.828	1.128	1.128	0.000
761	99	255	242.530	288.399	36.870	12.743	9.892	157.626
762	73	255	84.801	288.281	31.799	11.639	7.986	157.167
763	74	255	187.689	288.284	30.971	10.254	9.188	100.209
764	128	255	392.539	284.844	44.284	17.675	9.221	62.104
765	93	255	509.274	286.651	36.627	11.664	10.152	97.266
766	36	255	879.889	289.389	21.899	7.951	5.765	123.704
767	83	255	1129.873	288.114	32.385	10.815	9.771	53.318
768	71	255	51.599	288.134	30.385	11.436	7.905	17.668
769	47	255	408.202	288.074	24.728	8.561	6.990	83.674
770	63	255	454.071	285.389	28.971	9.208	8.711	96.474
771	59	255	745.737	285.381	28.042	9.695	7.748	162.226
772	50	255	871.700	283.380	27.799	11.139	5.715	28.876
773	75	255	116.820	282.313	32.385	12.409	7.696	170.097
774	83	255	552.211	279.416	34.042	13.166	8.027	131.470
775	40	255	888.900	281.050	23.799	8.024	6.347	116.163
776	65	255	1090.223	279.762	30.627	10.510	7.874	135.625
777	63	255	1177.690	279.992	29.799	10.655	7.528	87.221
778	37	255	1006.500	280.500	22.142	7.575	6.219	117.081
779	47	255	68.032	278.436	24.142	8.713	6.869	25.895
780	33	255	1059.924	278.409	23.799	7.737	5.431	111.563
781	80	255	1134.000	276.575	33.799	10.983	9.274	41.046
782	49	255	82.071	276.173	25.799	9.254	6.742	118.099
783	55	255	709.464	275.682	26.971	9.146	7.656	84.512
784	89	255	39.084	273.624	34.627	11.417	9.925	44.684
785	83	255	288.030	271.560	33.799	12.667	8.343	91.521
786	80	255	490.812	271.250	32.042	10.627	9.585	112.441
787	50	255	412.960	271.760	24.971	8.784	7.247	47.636
788	33	255	427.409	273.470	20.728	7.387	5.688	172.546
789	86	255	447.698	271.105	35.213	11.190	9.785	175.319
790	89	255	107.601	268.657	34.627	11.235	10.087	21.164
791	84	255	170.131	268.190	41.698	11.494	9.305	62.374
792	64	255	514.875	269.609	29.799	9.334	8.730	12.350
793	72	255	375.736	264.917	34.042	10.690	8.576	141.250
794	58	255	904.948	266.138	27.213	9.916	7.448	172.560
795	75	255	949.260	263.833	31.213	10.356	9.221	111.541
796	67	255	1180.455	263.351	30.627	10.694	7.977	114.669
797	161	255	90.630	259.208	50.870	18.582	11.031	96.794
798	82	255	1042.244	262.488	34.627	10.767	9.696	167.769
799	111	255	834.374	261.581	40.042	12.590	11.226	5.542
800	62	255	132.339	262.161	28.385	9.747	8.099	165.269
801	37	255	99.527	261.662	22.728	7.522	6.263	86.157
802	58	255	405.810	260.517	32.042	13.353	5.530	31.961
803	88	255	317.057	258.750	34.870	10.891	10.288	115.799
804	57	255	666.272	257.588	29.213	9.930	7.309	21.393
805	63	255	111.310	256.929	28.728	9.639	8.322	151.631
806	62	255	178.758	256.532	29.556	9.527	8.286	57.868
807	86	255	369.140	254.256	40.042	13.252	8.263	87.564
808	68	255	1025.118	253.824	43.698	10.077	8.592	133.993
809	46	255	54.413	255.022	24.971	8.460	6.923	37.537
810	68	255	351.500	253.926	30.042	10.152	8.528	38.115
811	66	255	989.955	253.818	29.456	10.315	8.147	137.037
812	62	255	140.952	253.048	28.971	10.115	7.804	23.403
813	70	255	380.100	251.271	30.385	10.904	8.174	146.419
814	46	255	938.848	248.783	24.971	8.694	6.737	55.814
815	64	255	1198.156	246.781	29.213	9.668	8.429	15.986
816	43	255	1103.081	245.872	25.799	8.959	6.111	146.201
817	54	255	167.407	245.556	26.728	9.376	7.333	4.556
818	111	255	128.275	241.428	38.627	13.096	10.792	0.326
819	81	255	371.068	242.093	33.556	11.663	8.843	126.730
820	44	255	149.841	242.773	27.799	10.088	5.553	175.585
821	51	255	1158.186	242.735	26.385	9.303	6.980	175.689
822	62	255	49.661	241.194	28.728	9.809	8.048	154.135
823	40	255	979.250	241.425	22.971	8.000	6.366	3.984
824	55	255	964.773	239.264	26.971	9.095	7.700	145.324
825	71	255	1054.880	236.613	40.527	10.542	8.575	85.342
826	41	255	233.890	238.549	22.728	7.581	6.886	61.114
827	41	255	380.256	238.500	22.728	7.882	6.623	138.304
828	65	255	922.546	237.869	30.042	10.550	7.845	162.184
829	17	255	17.794	238.794	14.728	5.201	4.162	135.000
830	41	255	772.890	237.476	22.971	7.716	6.765	156.157
831	1	255	528.500	239.500	2.828	1.128	1.128	0.000
832	213	255	322.359	229.477	72.912	21.295	12.735	6.932
833	81	255	338.500	234.611	33.799	11.152	9.248	12.646
834	70	255	1072.614	232.443	37.456	9.802	9.093	151.817
835	67	255	157.410	232.022	29.799	10.888	7.835	126.523
836	56	255	837.786	232.911	28.385	9.764	7.303	46.163
837	19	255	304.974	230.395	24.142	7.940	3.047	103.174
838	41	255	611.598	230.646	25.799	7.904	6.604	145.303
839	65	255	1111.685	227.777	28.971	10.272	8.057	87.038
840	59	255	179.517	227.347	27.556	9.815	7.654	27.514
841	49	255	125.643	224.724	25.556	8.967	6.957	89.186
842	41	255	656.793	224.695	23.556	7.765	6.723	56.572
843	50	255	337.240	221.200	32.627	8.132	7.829	86.287
844	90	255	410.144	219.989	35.213	12.445	9.208	112.644
845	51	255	851.618	221.696	26.385	9.821	6.612	30.617
846	72	255	398.764	219.833	31.213	12.277	7.467	133.544
847	33	255	7.803	218.742	20.385	6.887	6.101	170.932
848	64	255	238.562	216.766	29.799	10.816	7.534	118.932
849	61	255	922.402	214.500	28.385	9.990	7.775	131.514
850	150	255	938.847	207.600	57.598	15.795	12.091	13.353
851	44	255	303.318	211.386	24.142	8.355	6.705	17.331
852	67	255	579.948	208.873	28.971	10.250	8.323	169.094
853	84	255	783.083	206.929	33.799	11.812	9.054	34.910
854	86	255	863.267	205.826	33.213	10.994	9.960	25.357
855	78	255	841.577	205.436	31.799	11.694	8.493	157.603
856	66	255	1207.773	203.894	31.213	10.725	7.835	56.489
857	46	255	310.130	204.522	24.142	8.108	7.223	0.533
858	40	255	3.750	203.275	23.556	8.026	6.345	1.145
859	61	255	65.189	202.598	29.556	9.683	8.021	77.465
860	2	255	511.500	206.000	4.828	2.257	1.128	90.000
861	48	255	590.333	201.583	26.728	9.664	6.324	87.002
862	53	255	878.142	200.726	27.213	9.797	6.888	175.914
863	42	255	298.095	199.500	23.556	9.272	5.767	35.888
864	14	255	829.500	199.643	13.314	5.102	3.494	18.937
865	58	255	41.414	197.086	27.556	10.112	7.303	31.352
866	58	255	728.517	197.328	27.556	9.652	7.651	18.312
867	58	255	601.069	193.017	34.870	9.233	7.998	33.207
868	136	255	865.309	190.691	47.113	17.911	9.668	142.209
869	68	255	1116.853	192.485	32.042	11.728	7.383	57.110
870	67	255	452.739	192.769	30.385	10.583	8.061	135.144
871	80	255	511.938	191.862	33.456	10.631	9.581	59.581
872	93	255	833.403	188.876	35.556	13.181	8.983	106.386
873	75	255	188.207	188.233	33.213	12.041	7.931	68.060
874	73	255	799.486	189.747	31.213	10.641	8.735	172.309
875	44	255	74.614	186.500	24.142	7.743	7.235	23.975
876	70	255	1058.214	184.143	30.627	10.203	8.735	95.103
877	21	255	1222.643	185.881	18.485	8.352	3.201	88.016
878	4	255	503.000	188.000	5.657	2.257	2.257	0.000
879	45	255	113.811	184.056	24.385	8.535	6.713	26.508
880	85	255	157.947	182.582	33.213	10.613	10.197	71.721
881	53	255	221.368	183.821	28.971	8.991	7.505	31.042
882	58	255	765.138	183.621	27.556	9.506	7.769	101.337
883	80	255	861.163	181.562	32.042	10.835	9.401	163.610
884	65	255	902.577	182.408	28.971	9.527	8.687	32.242
885	3	255	325.167	185.167	5.657	2.365	1.615	135.000
886	46	255	850.370	182.065	24.971	8.465	6.919	107.013
887	44	255	138.114	180.636	24.142	8.315	6.737	156.255
888	67	255	1139.784	178.933	29.799	9.964	8.561	47.264
889	42	255	47.762	179.357	22.971	8.776	6.094	146.257
890	38	255	606.737	178.421	22.142	7.375	6.560	22.004
891	72	255	755.389	175.069	30.385	10.617	8.634	121.703
892	136	255	114.515	169.603	46.870	18.131	9.550	97.241
893	51	255	568.971	174.951	25.799	9.131	7.112	156.844
894	60	255	10.900	172.233	28.385	9.884	7.729	83.853
895	81	255	224.377	170.772	34.728	13.609	7.578	88.202
896	59	255	1184.839	172.398	27.556	9.952	7.548	122.986
897	74	255	906.068	169.608	30.971	11.226	8.393	94.106
898	41	255	205.378	170.646	24.385	8.711	5.993	23.661
899	48	255	725.250	167.812	25.556	8.844	6.910	113.182
900	47	255	848.691	169.032	25.314	8.817	6.788	102.055
901	53	255	1102.047	168.217	26.971	10.278	6.566	2.210
902	99	255	47.884	165.763	36.627	12.554	10.040	7.838
903	20	255	195.950	166.850	21.556	7.632	3.337	130.308
904	51	255	1021.716	166.912	29.799	8.499	7.640	61.725
905	276	255	834.565	162.120	86.912	21.014	16.723	179.928
906	62	255	180.371	163.065	28.971	10.726	7.360	107.650
907	43	255	302.500	164.430	23.556	8.523	6.424	124.710
908	55	255	206.555	161.864	27.799	10.225	6.849	100.307
909	94	255	322.989	161.617	34.971	11.416	10.484	103.421
910	78	255	633.333	159.782	33.799	12.563	7.905	107.045
911	5	255	854.100	164.300	7.657	3.144	2.025	71.565
912	53	255	976.632	162.594	25.556	9.251	7.294	8.758
913	37	255	1062.608	162.203	22.971	7.412	6.356	156.467
914	106	255	504.547	159.415	38.042	12.243	11.024	155.085
915	92	255	196.359	158.870	37.213	13.436	8.718	159.420
916	36	255	1221.722	159.778	23.899	8.326	5.506	94.323
917	60	255	1020.117	157.283	29.213	9.136	8.362	131.707
918	76	255	107.842	155.118	31.799	10.408	9.297	39.770
919	85	255	61.700	153.794	33.213	11.138	9.717	12.490
920	87	255	152.489	150.695	35.213	13.420	8.254	107.069
921	32	255	210.781	153.906	20.142	6.665	6.113	177.458
922	74	255	946.095	152.068	31.213	9.994	9.427	3.341
923	66	255	960.773	151.576	33.799	10.386	8.091	100.803
924	71	255	565.599	149.401	29.556	9.785	9.239	134.994
925	12	255	0.917	148.500	15.657	6.944	2.200	90.000
926	49	255	125.235	148.255	25.556	9.135	6.830	50.360
927	82	255	309.024	147.110	33.799	10.716	9.743	4.841
928	1	255	511.500	151.500	2.828	1.128	1.128	0.000
929	12	255	856.583	147.000	17.314	6.570	2.326	120.076
930	61	255	1107.877	146.352	27.556	9.904	7.842	121.221
931	83	255	82.657	144.849	33.456	11.923	8.864	47.721
932	92	255	176.739	144.989	36.627	14.349	8.164	149.165
933	110	255	994.782	144.718	41.456	14.575	9.609	12.618
934	42	255	823.857	144.738	24.385	8.270	6.466	154.424
935	56	255	743.089	142.232	28.385	9.974	7.149	85.789
936	77	255	843.721	140.513	32.627	10.993	8.919	55.002
937	1	255	861.500	145.500	2.828	1.128	1.128	0.000
938	92	255	107.239	138.196	35.213	11.657	10.048	129.673
939	1	255	511.500	142.500	2.828	1.128	1.128	0.000
940	82	255	623.720	135.037	32.385	10.971	9.516	86.549
941	73	255	658.349	135.418	31.213	10.707	8.681	82.350
942	2	255	512.500	139.000	4.828	2.257	1.128	90.000
943	50	255	1101.860	135.760	29.799	8.804	7.231	144.037
944	1	255	375.500	138.500	2.828	1.128	1.128	0.000
945	68	255	557.426	134.456	33.213	9.590	9.028	156.342
946	47	255	1017.074	135.564	25.556	8.637	6.928	18.030
947	70	255	1062.486	133.871	29.213	10.260	8.687	127.236
948	54	255	4.593	132.444	27.799	10.118	6.795	49.180
949	47	255	535.543	133.755	25.556	8.810	6.792	33.716
950	106	255	708.160	131.396	37.213	13.063	10.332	33.420
951	44	255	1002.682	132.455	23.314	8.009	6.995	45.914
952	5	255	197.300	134.100	7.071	3.144	2.025	18.435
953	32	255	201.031	130.156	22.728	7.516	5.421	70.105
954	101	255	610.490	129.342	36.627	12.211	10.531	115.980
955	58	255	192.172	128.828	31.456	9.521	7.756	43.068
956	54	255	209.074	128.667	26.385	9.253	7.430	55.705
957	41	255	65.037	127.915	22.728	8.436	6.188	77.652
958	1	255	511.500	131.500	2.828	1.128	1.128	0.000
959	56	255	524.768	126.839	27.556	10.534	6.769	75.610
960	61	255	773.008	126.516	28.385	10.080	7.705	71.052
961	102	255	499.539	124.608	38.284	14.871	8.733	128.993
962	107	255	578.827	124.986	37.456	12.759	10.677	49.461
963	42	255	1126.548	126.476	24.142	7.696	6.949	106.195
964	45	255	82.744	125.967	23.799	7.755	7.388	71.470
965	80	255	332.262	123.375	33.213	12.691	8.026	94.485
966	64	255	163.234	124.656	28.385	9.530	8.551	59.102
967	88	255	13.580	122.977	33.799	11.448	9.787	34.757
968	1	255	512.500	127.500	2.828	1.128	1.128	0.000
969	65	255	1095.715	121.562	29.213	9.870	8.385	71.932
970	5	255	512.300	123.900	9.657	3.732	1.706	84.848
971	46	255	692.804	122.522	26.385	8.759	6.687	179.827
972	72	255	992.708	121.056	31.556	10.734	8.540	85.655
973	30	255	144.533	118.933	19.899	7.207	5.300	94.209
974	67	255	114.246	116.351	29.556	10.385	8.214	167.163
975	3	255	512.167	119.167	5.657	2.365	1.615	135.000
976	42	255	861.238	115.262	30.385	7.724	6.923	21.529
977	1	255	971.500	119.500	2.828	1.128	1.128	0.000
978	47	255	564.968	114.202	24.971	8.622	6.940	59.443
979	73	255	1122.541	113.555	34.042	11.435	8.128	145.949
980	76	255	324.697	111.382	32.042	10.916	8.864	115.632
981	3	255	511.500	115.500	6.828	3.385	1.128	90.000
982	45	255	31.167	111.700	24.142	8.394	6.825	10.162
983	34	255	171.000	111.206	20.142	6.986	6.197	90.000
984	63	255	892.960	111.437	30.385	11.915	6.732	9.244
985	22	255	1.636	107.773	19.899	8.350	3.355	103.781
986	65	255	100.546	108.192	29.556	11.456	7.224	179.987
987	49	255	1073.194	108.439	24.728	8.364	7.459	10.618
988	42	255	138.071	107.500	22.971	7.951	6.726	8.853E-14
989	2	255	512.000	110.000	5.657	2.596	0.981	45.000
990	98	255	592.796	105.224	36.627	12.113	10.301	51.096
991	82	255	995.780	102.098	37.213	12.927	8.076	95.965
992	46	255	12.348	105.000	24.971	8.545	6.854	174.449
993	51	255	345.775	102.500	26.385	9.831	6.605	56.661
994	62	255	533.419	102.871	30.385	9.727	8.116	0.429
995	99	255	500.924	101.894	37.799	14.894	8.463	174.649
996	63	255	656.960	99.944	29.213	9.869	8.128	71.602
997	49	255	919.173	100.765	29.799	8.502	7.338	43.474
998	62	255	1121.000	100.855	28.142	9.165	8.613	90.000
999	72	255	466.361	99.875	30.385	11.010	8.326	177.274
1000	74	255	334.162	98.324	30.385	10.418	9.044	18.497
1001	38	255	161.711	98.368	22.971	7.320	6.610	122.698
1002	13	255	623.269	100.346	12.485	5.453	3.036	168.690
1003	64	255	13.234	95.297	28.627	9.602	8.487	161.757
1004	65	255	1186.823	95.623	29.799	10.835	7.638	35.828
1005	68	255	97.559	93.912	30.042	10.560	8.199	131.615
1006	65	255	671.869	94.131	29.799	11.167	7.411	146.614
1007	135	255	1063.967	88.567	59.598	17.231	9.975	96.979
1008	141	255	528.890	89.684	44.042	14.549	12.340	173.419
1009	42	255	627.690	92.333	26.971	8.730	6.126	169.033
1010	40	255	1095.125	93.100	23.556	8.317	6.123	178.600
1011	30	255	854.233	91.667	22.971	6.523	5.855	167.482
1012	67	255	280.007	89.560	30.385	10.142	8.411	177.484
1013	24	255	348.708	91.458	21.556	6.605	4.626	20.048
1014	37	255	890.446	90.608	23.799	7.255	6.493	130.910
1015	75	255	659.113	87.753	33.213	10.135	9.422	14.373
1016	44	255	1005.818	89.636	24.142	8.543	6.558	26.774
1017	50	255	1198.180	88.900	26.385	10.718	5.940	144.829
1018	72	255	543.653	87.833	31.799	12.085	7.586	30.838
1019	97	255	187.253	83.428	35.213	11.531	10.710	51.844
1020	71	255	330.134	85.190	31.799	10.874	8.313	7.212
1021	13	255	510.500	86.346	13.899	5.375	3.079	83.630
1022	47	255	757.968	85.777	24.142	8.375	7.145	4.952
1023	49	255	168.071	83.827	24.385	8.065	7.736	23.112
1024	52	255	350.942	81.885	28.385	8.673	7.634	148.143
1025	69	255	1178.413	80.920	30.385	10.727	8.190	56.674
1026	88	255	138.000	80.000	32.971	10.585	10.585	0.000
1027	68	255	600.618	79.471	30.385	10.792	8.023	88.679
1028	59	255	719.890	79.958	27.799	10.450	7.189	156.410
1029	42	255	1190.381	79.976	24.142	8.238	6.491	119.750
1030	6	255	510.500	82.000	7.657	3.385	2.257	0.000
1031	55	255	1083.027	77.391	28.627	9.479	7.388	117.043
1032	79	255	123.677	75.994	32.042	11.756	8.556	141.191
1033	82	255	107.439	74.561	32.627	10.887	9.590	8.430
1034	20	255	510.350	75.750	21.899	9.158	2.781	94.147
1035	46	255	668.674	76.435	24.485	7.804	7.505	36.870
1036	18	255	633.500	76.833	14.485	5.349	4.285	0.000
1037	21	255	675.071	75.929	16.485	6.629	4.034	74.182
1038	80	255	770.312	74.025	33.213	10.471	9.728	22.371
1039	107	255	9.201	71.762	37.456	13.054	10.437	134.431
1040	3	255	639.167	76.833	5.657	2.365	1.615	45.000
1041	56	255	1009.125	72.982	32.870	10.569	6.746	48.039
1042	58	255	272.207	71.845	27.556	9.087	8.127	30.856
1043	53	255	540.009	70.500	25.799	9.352	7.216	53.935
1044	60	255	167.333	69.933	28.971	9.916	7.704	27.011
1045	96	255	642.427	68.344	37.213	13.324	9.174	165.091
1046	76	255	1180.697	68.316	30.627	10.767	8.987	168.057
1047	51	255	74.480	68.147	25.799	9.278	6.999	149.125
1048	45	255	195.700	67.544	25.556	8.708	6.580	5.116
1049	9	255	510.167	68.056	10.485	4.196	2.731	83.953
1050	55	255	1192.845	66.173	28.627	10.222	6.851	152.614
1051	87	255	129.374	63.868	33.213	11.714	9.457	155.773
1052	69	255	367.225	63.138	29.799	9.661	9.093	77.186
1053	52	255	409.577	64.538	29.213	9.445	7.010	2.391
1054	45	255	617.033	62.633	24.971	8.786	6.521	99.325
1055	46	255	183.870	62.022	24.971	9.498	6.167	52.686
1056	32	255	291.844	62.625	20.971	6.832	5.964	45.347
1057	12	255	511.250	61.250	19.314	7.395	2.066	89.769
1058	105	255	849.157	59.510	36.627	11.759	11.369	174.542
1059	75	255	1077.220	60.047	31.213	10.149	9.409	60.514
1060	21	255	1222.833	59.929	22.485	9.289	2.879	89.017
1061	66	255	1056.091	59.530	29.799	10.251	8.198	138.245
1062	73	255	159.158	56.021	31.556	10.956	8.484	70.930
1063	42	255	13.714	56.024	23.314	8.459	6.322	170.603
1064	73	255	310.103	54.089	31.799	10.388	8.948	116.509
1065	1	255	329.500	57.500	2.828	1.128	1.128	0.000
1066	64	255	725.109	52.969	30.971	11.048	7.376	158.555
1067	45	255	69.522	52.900	24.142	8.389	6.830	101.389
1068	58	255	104.500	52.897	28.142	9.418	7.841	33.963
1069	78	255	1141.385	51.154	31.799	10.658	9.318	95.717
1070	95	255	652.563	49.932	35.456	11.789	10.260	127.038
1071	55	255	431.355	50.264	28.385	10.592	6.611	53.218
1072	40	255	1065.300	51.225	22.728	7.560	6.737	133.517
1073	39	255	41.603	50.141	22.142	7.271	6.830	36.379
1074	53	255	132.538	50.047	26.971	9.659	6.987	3.742
1075	42	255	700.976	48.976	23.314	8.412	6.357	8.199
1076	88	255	849.409	45.591	34.042	10.896	10.283	176.616
1077	90	255	147.100	42.844	34.627	11.572	9.903	91.566
1078	42	255	1169.476	44.595	22.971	8.084	6.615	127.649
1079	76	255	361.632	42.000	31.799	10.286	9.407	57.150
1080	88	255	512.636	41.602	33.456	10.741	10.431	151.833
1081	90	255	772.200	42.067	35.456	13.216	8.671	24.710
1082	59	255	441.551	41.127	28.142	9.566	7.853	146.267
1083	65	255	1114.838	40.685	29.799	11.027	7.506	138.694
1084	45	255	1032.767	37.967	23.799	8.089	7.083	27.588
1085	73	255	69.240	34.541	32.627	12.518	7.425	142.080
1086	49	255	718.929	36.541	24.728	8.639	7.221	19.656
1087	104	255	453.981	31.183	37.799	13.259	9.987	87.163
1088	142	255	736.451	28.887	46.527	17.322	10.438	37.046
1089	42	255	592.095	29.833	23.799	8.836	6.052	40.211
1090	45	255	999.500	30.500	23.314	7.569	7.569	0.000
1091	80	255	468.675	27.225	35.456	11.407	8.930	92.195
1092	58	255	8.741	28.241	26.971	9.146	8.074	154.753
1093	72	255	578.000	25.681	30.627	10.216	8.973	133.254
1094	84	255	1006.321	23.536	34.042	11.786	9.074	32.917
1095	102	255	103.010	21.775	37.799	12.961	10.020	72.705
1096	42	255	872.762	22.833	26.385	8.645	6.186	139.527
1097	19	255	1.289	21.816	18.485	7.730	3.129	90.650
1098	73	255	829.445	19.158	30.385	10.868	8.553	118.595
1099	67	255	428.858	18.112	29.213	9.931	8.590	176.923
1100	77	255	1065.045	17.643	31.456	10.766	9.106	17.762
1101	46	255	484.674	17.739	24.385	8.352	7.012	128.523
1102	35	255	380.871	17.357	21.556	7.027	6.342	129.267
1103	42	255	403.167	17.286	22.971	7.925	6.748	177.529
1104	49	255	886.786	17.031	24.971	8.291	7.525	81.446
1105	1	255	509.500	19.500	2.828	1.128	1.128	0.000
1106	1	255	510.500	17.500	2.828	1.128	1.128	0.000
1107	40	255	4.975	13.050	22.971	7.480	6.808	33.218
1108	54	255	301.537	11.630	28.971	9.837	6.989	101.096
1109	53	255	1101.142	12.821	25.556	8.437	7.998	148.004
1110	72	255	77.319	10.250	30.627	9.919	9.242	13.678
1111	50	255	444.380	11.260	25.314	8.419	7.562	91.879
1112	54	255	587.944	10.019	28.385	9.469	7.261	132.817
1113	2	255	510.000	13.500	4.243	2.257	1.128	0.000
1114	79	255	196.816	8.386	34.042	12.482	8.058	33.100
1115	49	255	120.378	7.071	26.385	9.489	6.575	33.138
1116	1	255	509.500	10.500	2.828	1.128	1.128	0.000
1117	70	255	839.143	4.429	31.556	11.457	7.779	99.737
1118	77	255	476.968	3.240	32.385	10.617	9.234	40.287
1119	53	255	70.368	3.708	26.385	8.764	7.700	1.401
1120	63	255	91.532	2.754	28.728	9.834	8.157	25.668
1121	3	255	510.167	6.167	5.657	2.365	1.615	135.000
1122	54	255	105.000	2.167	26.385	10.065	6.831	167.496
1123	39	255	404.603	1.859	23.556	8.581	5.787	36.733
1124	60	255	500.583	1.650	30.142	12.119	6.304	175.157
1125	60	255	806.350	1.933	28.728	11.704	6.527	177.120
1126	29	255	15.672	1.017	20.728	7.544	4.894	176.847
1127	53	255	1080.104	1.311	29.314	12.310	5.482	0.141
1128	3	255	714.500	0.500	6.828	3.385	1.128	90.000
1129	3	255	510.833	-0.167	5.657	2.365	1.615	135.000
1130	2	255	1.000	-0.500	4.243	2.257	1.128	0.000
