 	Area	Mean	XM	YM	Perim.	Major	Minor	Angle
1	49	255	21.561	899.071	24.728	8.891	7.017	61.023
2	15	255	279.433	901.633	15.071	6.053	3.155	169.441
3	64	255	473.266	899.594	32.385	11.671	6.982	11.863
4	56	255	922.411	899.179	27.556	9.798	7.277	33.400
5	45	255	563.611	896.056	30.971	8.087	7.085	26.117
6	76	255	745.171	896.658	33.799	12.514	7.733	170.328
7	45	255	777.100	895.767	30.971	7.964	7.194	148.811
8	89	255	1112.927	888.455	36.385	13.483	8.405	90.392
9	66	255	165.697	887.394	29.213	10.764	7.807	145.216
10	61	255	640.320	885.418	29.799	10.362	7.495	39.793
11	58	255	318.552	881.241	29.556	10.501	7.033	75.661
12	33	255	1123.409	879.803	23.556	7.336	5.728	154.718
13	78	255	912.679	877.064	32.627	11.451	8.673	125.544
14	56	255	9.964	876.643	26.385	8.511	8.378	124.242
15	73	255	351.390	871.856	29.799	10.226	9.090	120.334
16	32	255	748.219	874.156	20.142	7.003	5.818	177.998
17	40	255	917.975	864.625	27.213	9.520	5.349	170.955
18	48	255	1105.708	863.375	30.042	9.573	6.384	169.158
19	50	255	170.420	859.280	26.971	8.497	7.493	83.239
20	61	255	1165.287	855.893	29.799	9.186	8.455	2.340
21	34	255	481.000	855.471	21.314	7.358	5.883	50.572
22	41	255	498.915	856.256	22.728	8.308	6.283	174.190
23	46	255	798.478	847.783	24.385	8.867	6.606	130.509
24	58	255	416.759	847.155	31.799	11.363	6.499	173.135
25	55	255	450.609	844.027	31.213	9.239	7.580	95.511
26	41	255	386.622	845.280	26.971	9.979	5.231	146.494
27	3	255	453.500	848.500	6.243	3.385	1.128	0.000
28	35	255	512.900	843.443	23.899	7.412	6.012	128.970
29	38	255	220.816	843.447	22.142	7.921	6.109	71.565
30	3	255	392.167	845.833	5.657	2.365	1.615	45.000
31	62	255	1145.403	841.161	28.385	9.688	8.148	149.822
32	52	255	77.788	841.019	24.971	8.670	7.636	133.811
33	52	255	185.154	841.154	25.556	8.650	7.654	45.000
34	54	255	358.444	839.500	28.627	8.467	8.120	162.258
35	31	255	591.371	840.694	23.556	7.472	5.282	160.997
36	72	255	491.278	835.625	45.698	10.682	8.582	133.442
37	50	255	127.340	835.360	25.799	9.515	6.690	177.615
38	41	255	1215.134	832.256	22.385	7.681	6.797	89.425
39	46	255	95.413	829.717	27.213	9.462	6.190	116.421
40	2	255	97.000	834.500	4.243	2.257	1.128	0.000
41	38	255	557.816	831.053	26.971	8.839	5.474	6.515
42	48	255	995.542	828.708	28.627	9.476	6.450	112.347
43	41	255	588.256	829.866	23.314	7.431	7.025	29.426
44	60	255	503.333	826.950	29.213	9.695	7.880	10.815
45	50	255	531.600	827.120	24.728	8.586	7.415	105.247
46	70	255	645.129	825.643	30.971	10.634	8.381	88.882
47	35	255	848.014	823.557	24.385	7.782	5.726	130.481
48	66	255	26.212	820.288	28.971	9.504	8.842	55.027
49	39	255	597.577	819.603	23.556	7.471	6.647	17.311
50	79	255	878.867	817.867	31.213	10.368	9.702	45.000
51	30	255	1202.200	813.600	21.314	8.360	4.569	86.008
52	49	255	34.847	811.459	32.042	8.576	7.275	46.877
53	58	255	626.121	810.034	34.284	11.179	6.606	134.253
54	104	255	110.135	807.346	38.284	14.641	9.044	157.613
55	42	255	323.524	809.524	24.385	7.856	6.807	32.313
56	45	255	397.122	806.122	27.799	9.129	6.276	18.797
57	46	255	1220.978	805.761	24.728	8.268	7.084	69.288
58	64	255	303.719	803.125	35.799	9.091	8.963	7.061
59	69	255	1022.790	803.022	32.042	11.498	7.641	139.886
60	75	255	838.553	797.020	34.627	10.269	9.299	63.324
61	11	255	1010.955	800.136	11.314	3.994	3.507	18.435
62	63	255	859.421	795.389	28.385	9.219	8.701	144.712
63	40	255	393.200	795.325	22.142	7.545	6.750	127.672
64	37	255	1199.068	795.905	24.385	8.935	5.273	15.041
65	30	255	1011.033	794.767	21.556	6.352	6.013	140.310
66	70	255	120.086	790.943	33.213	10.196	8.741	102.332
67	50	255	330.780	790.960	24.971	8.458	7.527	122.311
68	56	255	429.000	790.000	26.142	9.049	7.880	134.998
69	57	255	828.781	788.974	36.284	10.239	7.088	147.474
70	60	255	1084.150	788.383	27.213	8.834	8.648	31.890
71	32	255	463.156	788.906	20.142	6.994	5.825	4.454
72	72	255	1154.444	786.472	33.456	11.018	8.321	104.564
73	30	255	621.267	785.500	20.728	7.755	4.926	106.038
74	63	255	771.389	784.833	38.284	9.967	8.048	120.057
75	95	255	199.932	782.732	34.627	12.203	9.912	11.325
76	51	255	271.520	782.402	26.042	9.619	6.751	139.520
77	1	255	1004.500	786.500	2.828	1.128	1.128	0.000
78	67	255	1004.007	781.007	30.627	11.045	7.724	134.153
79	46	255	736.348	779.891	27.556	8.517	6.877	124.615
80	79	255	113.057	778.171	32.385	10.383	9.688	113.394
81	46	255	1080.739	775.674	23.799	8.352	7.012	141.477
82	30	255	80.033	775.767	20.142	6.807	5.611	23.801
83	23	255	668.891	776.848	16.728	5.993	4.886	166.534
84	73	255	807.130	768.610	42.870	10.782	8.621	158.128
85	60	255	208.767	768.483	32.385	9.300	8.214	99.834
86	52	255	332.942	762.788	30.385	9.001	7.356	143.752
87	56	255	520.429	762.179	26.385	9.475	7.525	22.488
88	38	255	478.711	758.684	26.142	7.653	6.322	101.490
89	50	255	765.600	758.360	24.971	8.853	7.191	172.988
90	49	255	167.112	756.806	24.971	8.172	7.634	118.276
91	2	255	545.000	760.000	5.657	2.596	0.981	135.000
92	49	255	545.276	754.316	30.627	10.859	5.746	138.464
93	52	255	93.673	753.442	28.385	10.513	6.298	78.603
94	50	255	816.080	754.040	27.799	9.589	6.639	145.200
95	26	255	260.154	755.769	22.142	8.081	4.096	14.827
96	49	255	648.439	752.173	28.971	9.605	6.495	124.925
97	55	255	923.555	745.627	34.627	9.548	7.334	72.574
98	57	255	837.833	743.711	37.456	9.583	7.573	99.038
99	57	255	56.149	740.675	28.385	9.603	7.557	115.307
100	29	255	365.500	739.293	18.728	6.836	5.401	90.000
101	80	255	93.612	734.788	31.556	10.782	9.447	114.976
102	97	255	103.974	733.716	34.971	11.875	10.400	65.507
103	37	255	130.608	735.365	21.556	6.949	6.779	105.767
104	53	255	216.406	733.991	26.385	9.423	7.162	86.646
105	45	255	1045.433	734.544	25.799	8.422	6.803	107.611
106	59	255	165.839	730.449	28.385	10.560	7.114	62.700
107	12	255	716.500	729.333	13.899	5.292	2.887	64.903
108	80	255	1066.388	725.112	32.385	11.511	8.849	1.148
109	59	255	126.805	723.415	28.142	9.725	7.725	71.044
110	95	255	193.374	720.300	35.799	11.182	10.817	116.747
111	36	255	925.917	720.639	24.385	7.174	6.389	90.173
112	70	255	988.586	719.257	33.213	10.247	8.698	105.087
113	71	255	345.951	717.965	30.142	10.850	8.332	105.493
114	176	255	69.506	713.119	53.598	17.969	12.471	17.109
115	35	255	133.357	716.643	22.385	7.438	5.991	163.556
116	49	255	542.929	714.520	31.213	9.437	6.611	125.081
117	1	255	544.500	718.500	2.828	1.128	1.128	0.000
118	73	255	100.432	706.733	32.042	12.429	7.478	52.733
119	39	255	749.295	707.269	24.142	8.099	6.131	136.335
120	1	255	750.500	711.500	2.828	1.128	1.128	0.000
121	79	255	1097.791	705.133	32.627	10.680	9.418	84.416
122	32	255	1195.250	708.438	21.556	8.097	5.032	167.654
123	90	255	1185.311	701.978	33.799	11.246	10.190	23.590
124	74	255	358.865	700.743	30.627	9.844	9.571	77.099
125	54	255	899.611	700.056	26.385	9.981	6.888	126.015
126	26	255	594.731	700.423	20.142	6.947	4.765	12.449
127	57	255	182.096	697.763	28.627	9.959	7.288	161.175
128	36	255	1029.361	697.611	24.971	8.779	5.221	129.557
129	71	255	88.937	694.021	36.042	12.960	6.975	66.797
130	89	255	29.848	694.590	34.385	11.839	9.572	7.241
131	56	255	109.571	691.518	26.971	9.555	7.462	71.582
132	62	255	203.016	691.613	31.213	10.525	7.500	167.464
133	25	255	542.180	689.980	19.314	7.925	4.017	78.628
134	39	255	745.500	688.372	26.728	10.568	4.699	92.159
135	90	255	654.311	686.244	35.456	12.424	9.223	137.221
136	54	255	974.889	686.870	31.799	8.802	7.811	175.770
137	71	255	642.430	684.627	33.556	12.472	7.248	94.703
138	66	255	877.455	683.924	35.213	10.810	7.774	123.991
139	62	255	388.081	681.226	29.456	10.868	7.263	137.518
140	46	255	718.717	682.348	27.799	9.462	6.190	164.971
141	2	255	749.500	685.000	4.828	2.257	1.128	90.000
142	52	255	570.442	680.212	33.213	9.928	6.669	0.617
143	20	255	606.250	681.750	15.314	5.142	4.953	45.003
144	3	255	669.833	680.833	5.657	2.365	1.615	135.000
145	45	255	669.322	675.789	30.627	9.197	6.230	140.185
146	43	255	885.221	675.105	28.627	9.188	5.959	102.226
147	5	255	228.700	677.100	7.657	3.144	2.025	161.565
148	1	255	889.500	677.500	2.828	1.128	1.128	0.000
149	46	255	227.957	672.065	29.213	9.026	6.489	141.399
150	67	255	101.381	670.754	29.213	10.308	8.276	126.743
151	40	255	710.625	672.100	29.213	8.089	6.296	175.441
152	18	255	773.444	672.222	19.556	5.453	4.203	59.650
153	25	255	957.740	672.260	20.142	7.210	4.415	159.265
154	11	255	607.500	669.864	18.971	5.939	2.358	161.328
155	92	255	1092.804	666.424	35.213	10.920	10.727	80.117
156	54	255	549.907	666.852	26.385	9.525	7.219	38.795
157	60	255	1060.567	666.733	33.456	11.114	6.874	10.431
158	72	255	587.819	664.069	32.385	11.250	8.148	88.168
159	39	255	801.192	665.397	25.799	8.355	5.943	161.824
160	52	255	827.481	663.673	28.627	9.567	6.920	89.935
161	64	255	24.172	661.812	29.556	10.714	7.606	118.047
162	69	255	882.181	657.790	36.870	12.135	7.240	83.540
163	57	255	861.254	658.289	27.556	9.368	7.747	102.886
164	42	255	201.738	658.071	23.556	8.385	6.378	153.937
165	68	255	735.044	656.662	30.042	10.869	7.965	143.494
166	81	255	1059.673	654.796	32.385	10.840	9.514	122.423
167	68	255	323.706	655.559	31.556	11.279	7.676	176.582
168	36	255	1187.139	651.306	29.799	7.466	6.139	72.841
169	98	255	562.908	648.408	42.527	13.268	9.405	141.674
170	4	255	254.500	651.750	7.071	2.734	1.863	0.000
171	1	255	566.500	652.500	2.828	1.128	1.128	0.000
172	65	255	253.777	646.377	33.213	11.164	7.413	148.218
173	42	255	82.929	646.048	28.971	8.678	6.162	71.207
174	53	255	426.009	647.368	27.556	11.198	6.026	160.322
175	1	255	326.500	646.500	2.828	1.128	1.128	0.000
176	1	255	330.500	644.500	2.828	1.128	1.128	0.000
177	31	255	327.016	640.565	19.556	6.528	6.046	94.830
178	40	255	690.900	638.200	26.142	9.943	5.122	110.055
179	46	255	364.978	636.978	25.213	9.401	6.230	132.667
180	87	255	814.960	635.443	37.456	11.105	9.975	24.546
181	43	255	1121.849	637.547	24.971	8.261	6.627	174.417
182	70	255	335.243	633.671	34.870	10.926	8.158	160.784
183	7	255	339.071	637.643	10.485	4.265	2.090	138.421
184	51	255	407.833	634.500	28.385	10.314	6.296	115.997
185	66	255	295.121	633.470	29.799	10.389	8.089	39.236
186	35	255	944.757	633.500	22.142	7.906	5.636	121.964
187	63	255	142.563	631.960	29.213	11.115	7.217	49.586
188	57	255	207.272	633.412	26.728	9.844	7.372	166.133
189	60	255	190.167	630.400	31.799	8.970	8.517	27.702
190	42	255	74.881	629.714	22.971	7.985	6.697	29.060
191	85	255	257.429	625.324	33.556	11.898	9.096	12.256
192	57	255	449.377	623.693	31.799	11.458	6.334	153.579
193	2	255	455.000	625.500	4.243	2.257	1.128	0.000
194	49	255	498.276	620.378	26.971	10.333	6.038	176.591
195	35	255	975.414	617.757	23.556	8.713	5.115	135.965
196	52	255	1155.962	617.346	27.799	10.146	6.526	157.851
197	57	255	462.500	616.623	36.627	9.655	7.517	8.752
198	101	255	692.698	614.550	36.627	12.926	9.949	139.187
199	57	255	233.816	614.588	27.556	10.205	7.111	20.322
200	66	255	518.455	610.333	43.213	11.400	7.371	87.241
201	69	255	628.804	609.862	38.971	10.326	8.508	99.638
202	35	255	1077.643	611.471	23.556	7.404	6.019	91.098
203	37	255	409.959	609.203	25.213	8.893	5.297	125.525
204	60	255	555.833	608.267	35.698	10.751	7.106	154.693
205	36	255	654.194	609.194	21.314	7.172	6.391	13.570
206	59	255	434.636	605.975	28.385	10.391	7.230	94.014
207	1	255	347.500	608.500	2.828	1.128	1.128	0.000
208	50	255	347.000	603.400	30.971	10.404	6.119	46.347
209	2	255	414.500	608.000	4.828	2.257	1.128	90.000
210	37	255	671.068	603.149	22.142	8.087	5.825	93.497
211	84	255	288.690	598.929	36.870	12.807	8.351	56.146
212	49	255	58.276	601.133	25.314	9.582	6.511	1.829
213	72	255	380.917	597.486	29.799	10.698	8.569	151.300
214	47	255	161.053	594.457	24.142	8.653	6.915	28.677
215	54	255	404.981	593.222	25.556	8.589	8.005	152.044
216	41	255	1189.402	591.841	26.971	9.791	5.332	124.562
217	2	255	1191.000	596.500	4.243	2.257	1.128	0.000
218	80	255	740.800	590.688	32.627	11.144	9.141	27.854
219	38	255	366.711	592.000	24.385	8.271	5.849	162.388
220	72	255	278.556	588.764	31.799	9.828	9.328	92.656
221	100	255	319.200	584.470	36.870	13.647	9.329	123.211
222	69	255	341.312	585.022	38.627	11.344	7.744	121.684
223	51	255	863.637	584.931	31.799	9.014	7.204	105.783
224	8	255	347.125	586.750	13.314	5.292	1.925	118.212
225	36	255	114.972	584.083	24.728	8.707	5.265	160.879
226	79	255	596.601	581.386	47.698	10.520	9.561	74.081
227	53	255	405.085	581.349	25.799	8.936	7.552	62.366
228	78	255	525.423	581.346	32.385	10.997	9.031	179.729
229	43	255	631.640	576.849	28.385	8.640	6.336	138.595
230	54	255	1194.259	575.815	31.799	9.327	7.371	148.566
231	33	255	970.015	577.076	20.971	8.457	4.969	150.194
232	43	255	186.826	573.895	32.385	9.225	5.935	92.710
233	59	255	362.619	573.331	28.142	10.212	7.356	91.161
234	60	255	240.067	571.467	36.284	10.326	7.398	88.399
235	61	255	1076.270	572.402	29.799	9.194	8.448	81.620
236	7	255	1204.500	572.929	11.899	4.559	1.955	38.562
237	45	255	345.056	570.700	24.142	8.494	6.746	16.656
238	63	255	493.754	566.976	38.042	9.972	8.044	77.207
239	58	255	384.931	567.914	30.627	10.235	7.215	14.040
240	1	255	395.500	571.500	2.828	1.128	1.128	0.000
241	26	255	445.692	567.192	18.728	6.779	4.883	108.925
242	23	255	550.239	565.761	19.314	7.554	3.877	111.535
243	42	255	735.405	564.167	29.556	9.479	5.641	10.590
244	1	255	1039.500	565.500	2.828	1.128	1.128	0.000
245	34	255	1037.706	560.882	23.556	7.056	6.135	114.570
246	58	255	372.259	555.241	35.213	9.647	7.655	134.113
247	1	255	375.500	560.500	2.828	1.128	1.128	0.000
248	39	255	422.218	556.321	25.556	8.311	5.975	140.705
249	61	255	1083.713	554.795	31.213	12.586	6.171	162.369
250	41	255	262.305	553.476	27.213	9.935	5.254	32.754
251	56	255	361.607	549.821	29.799	9.096	7.839	104.679
252	39	255	437.885	551.833	23.314	7.625	6.512	2.816
253	47	255	859.479	550.011	34.042	10.440	5.732	142.125
254	76	255	41.855	547.974	31.799	10.980	8.813	54.226
255	57	255	276.781	546.675	27.556	9.715	7.470	159.750
256	84	255	588.357	546.607	32.385	11.389	9.391	9.360
257	47	255	633.394	547.606	24.385	8.573	6.980	16.759
258	28	255	548.714	543.250	22.385	6.754	5.278	108.175
259	65	255	726.715	539.454	43.113	9.830	8.419	31.816
260	54	255	823.204	540.056	27.213	9.820	7.002	46.739
261	50	255	1202.900	538.720	24.971	8.749	7.276	131.728
262	106	255	471.472	530.943	38.870	14.149	9.539	120.509
263	60	255	484.650	530.417	39.213	10.659	7.167	95.330
264	70	255	922.886	531.686	29.799	10.374	8.591	8.125
265	70	255	131.343	528.400	31.213	11.056	8.061	112.434
266	40	255	438.175	527.500	35.213	8.548	5.958	67.364
267	50	255	537.960	529.620	26.385	9.473	6.720	156.019
268	51	255	597.441	525.500	32.627	8.976	7.235	83.064
269	62	255	698.032	524.694	40.284	10.356	7.623	134.731
270	65	255	62.238	525.115	31.213	12.360	6.696	23.486
271	60	255	104.383	522.217	27.556	9.474	8.064	168.090
272	63	255	35.246	517.468	41.456	9.943	8.067	96.098
273	27	255	797.870	520.389	20.728	6.491	5.296	21.435
274	79	255	1057.551	518.032	33.799	12.728	7.903	41.428
275	70	255	251.600	518.143	31.799	12.029	7.409	20.204
276	52	255	460.788	515.442	29.213	9.563	6.923	127.690
277	46	255	468.761	514.761	26.385	9.483	6.176	94.365
278	53	255	1017.292	513.840	39.456	10.618	6.355	123.267
279	75	255	537.380	513.860	30.385	10.357	9.221	107.890
280	58	255	409.569	512.966	32.042	8.885	8.311	25.062
281	55	255	592.645	506.009	30.385	8.834	7.927	129.502
282	31	255	511.306	503.790	23.556	8.546	4.619	94.712
283	89	255	614.433	499.635	42.870	14.296	7.927	115.238
284	29	255	1081.948	504.293	21.314	7.337	5.033	13.361
285	24	255	150.458	500.542	18.728	6.792	4.499	56.394
286	35	255	247.271	499.443	21.556	7.810	5.706	128.851
287	89	255	569.287	496.624	36.042	11.114	10.196	117.340
288	34	255	919.529	498.765	21.556	7.106	6.092	46.599
289	2	255	174.500	499.000	4.828	2.257	1.128	90.000
290	57	255	855.026	494.377	32.627	9.765	7.432	104.706
291	101	255	1142.401	493.510	35.799	11.973	10.741	128.837
292	39	255	172.372	494.603	24.385	7.621	6.516	0.721
293	24	255	185.708	495.958	20.142	8.395	3.640	11.517
294	57	255	1110.114	493.132	27.799	10.904	6.656	134.611
295	85	255	1093.794	487.747	34.971	12.765	8.478	82.018
296	27	255	364.352	490.204	18.728	6.304	5.453	124.594
297	53	255	1199.311	488.236	31.456	11.441	5.898	148.295
298	85	255	95.582	485.982	34.870	12.792	8.461	169.706
299	1	255	368.500	490.500	2.828	1.128	1.128	0.000
300	38	255	838.211	485.658	24.142	8.533	5.670	139.556
301	82	255	242.049	481.366	47.113	10.421	10.019	79.919
302	41	255	772.085	477.061	30.627	8.651	6.034	139.885
303	66	255	149.864	476.288	30.627	10.945	7.678	127.841
304	66	255	200.955	474.061	43.698	11.134	7.548	126.748
305	2	255	892.500	479.000	4.828	2.257	1.128	90.000
306	60	255	218.417	473.967	31.213	9.932	7.692	144.312
307	44	255	888.523	475.114	30.385	8.995	6.228	168.535
308	53	255	590.406	472.934	31.213	9.917	6.804	141.505
309	73	255	483.651	472.404	30.385	10.223	9.092	155.723
310	33	255	398.894	470.258	28.627	7.528	5.582	136.614
311	46	255	711.087	469.630	30.042	8.522	6.873	29.472
312	85	255	36.665	465.524	34.042	12.513	8.649	140.833
313	82	255	88.768	465.427	38.042	10.738	9.723	67.900
314	47	255	1057.564	466.883	24.728	9.291	6.441	3.349
315	45	255	137.456	462.633	28.385	9.260	6.188	135.136
316	50	255	610.980	462.920	29.213	10.703	5.948	150.284
317	43	255	698.756	462.616	30.971	8.882	6.164	88.286
318	32	255	1043.156	459.375	22.971	7.742	5.262	8.476
319	51	255	432.245	456.186	28.385	10.548	6.156	168.356
320	68	255	4.000	454.544	29.556	9.685	8.939	45.877
321	36	255	249.639	453.250	22.971	7.518	6.097	140.930
322	72	255	292.778	452.264	40.870	10.516	8.717	173.183
323	4	255	646.750	456.250	7.657	3.192	1.596	161.565
324	63	255	917.373	452.548	28.971	10.402	7.711	126.974
325	53	255	528.255	451.330	31.456	9.159	7.368	41.667
326	29	255	646.603	451.983	22.142	8.472	4.358	140.887
327	59	255	1101.839	450.771	28.385	10.467	7.177	24.131
328	53	255	593.104	446.387	27.213	8.898	7.584	52.140
329	87	255	738.925	442.672	34.971	13.283	8.340	99.020
330	66	255	870.379	444.455	33.456	10.225	8.219	158.163
331	98	255	1133.602	443.735	36.385	13.427	9.293	176.314
332	8	255	985.375	445.375	9.071	3.538	2.879	135.000
333	72	255	1220.167	441.500	31.799	10.358	8.851	104.036
334	60	255	552.767	437.900	43.941	11.342	6.735	57.049
335	35	255	928.043	440.814	22.971	8.609	5.176	17.850
336	42	255	1049.357	440.000	25.799	9.009	5.936	174.287
337	50	255	32.580	438.540	26.142	9.131	6.972	27.591
338	83	255	824.331	436.560	33.213	11.331	9.327	155.882
339	69	255	305.717	436.500	30.627	11.134	7.890	152.405
340	35	255	689.043	433.386	28.042	8.922	4.995	135.958
341	43	255	1130.314	433.058	34.627	8.981	6.096	123.091
342	93	255	396.349	426.898	35.213	11.935	9.921	102.163
343	77	255	651.214	427.539	31.799	11.835	8.284	27.353
344	78	255	837.090	425.295	31.799	10.269	9.671	22.058
345	65	255	471.792	422.869	32.627	10.266	8.062	26.918
346	33	255	1091.076	420.500	22.971	8.003	5.250	125.592
347	60	255	784.433	419.217	27.556	9.585	7.970	163.030
348	80	255	134.325	416.125	33.799	13.097	7.777	65.560
349	49	255	629.051	416.969	30.627	10.660	5.853	159.855
350	65	255	100.746	414.623	29.556	9.184	9.011	33.649
351	47	255	27.457	412.117	30.627	9.823	6.092	141.429
352	60	255	3.217	408.450	34.627	11.021	6.932	94.162
353	47	255	1213.564	408.309	36.042	9.304	6.432	121.234
354	48	255	1027.958	401.854	33.456	10.100	6.051	104.060
355	60	255	279.083	401.050	42.870	10.605	7.203	111.237
356	44	255	431.136	403.636	24.728	8.969	6.246	29.355
357	83	255	532.608	402.560	31.799	11.421	9.253	168.311
358	61	255	66.730	401.598	31.213	12.001	6.472	169.034
359	57	255	266.167	400.833	28.385	10.360	7.005	45.001
360	55	255	415.518	397.100	40.627	10.696	6.547	96.126
361	32	255	469.625	397.344	23.799	9.633	4.230	124.359
362	46	255	959.348	398.870	27.213	10.441	5.610	22.661
363	48	255	399.125	394.521	26.142	9.575	6.383	98.757
364	56	255	144.357	392.750	28.385	10.296	6.925	74.260
365	42	255	828.143	393.333	27.799	9.313	5.742	66.360
366	73	255	61.144	388.199	30.971	10.870	8.551	96.291
367	56	255	550.446	385.768	33.799	10.091	7.066	119.710
368	77	255	320.578	384.786	32.627	11.281	8.691	76.568
369	3	255	553.167	390.167	5.657	2.365	1.615	135.000
370	57	255	1083.465	382.868	39.698	10.277	7.062	121.924
371	40	255	845.625	384.100	24.142	8.020	6.350	132.737
372	47	255	561.011	382.713	27.799	8.864	6.751	169.719
373	2	255	564.000	386.500	4.243	2.257	1.128	0.000
374	40	255	204.025	381.150	22.728	8.312	6.127	81.800
375	64	255	32.594	378.750	28.971	10.422	7.819	44.490
376	62	255	602.403	375.726	32.870	11.152	7.079	64.746
377	41	255	1024.671	378.451	26.971	10.858	4.808	5.729
378	38	255	428.421	370.237	22.142	7.275	6.651	75.373
379	31	255	856.597	369.629	22.142	7.843	5.033	158.150
380	38	255	1024.026	369.947	27.213	10.542	4.590	3.028
381	47	255	108.160	366.989	24.385	8.160	7.333	30.402
382	59	255	350.331	366.212	28.042	10.774	6.973	49.704
383	48	255	1174.146	365.354	24.971	9.268	6.594	117.376
384	88	255	641.750	363.352	33.456	11.793	9.501	134.939
385	55	255	52.827	359.627	31.799	11.216	6.244	125.259
386	3	255	54.167	365.167	5.657	2.365	1.615	135.000
387	2	255	668.000	363.000	5.657	2.596	0.981	135.000
388	75	255	289.100	356.540	32.385	12.231	7.808	74.781
389	34	255	666.971	359.059	22.142	7.475	5.791	148.353
390	97	255	813.448	357.325	35.213	11.663	10.590	137.104
391	50	255	1163.940	352.180	26.385	10.292	6.186	130.751
392	71	255	427.542	349.035	34.042	11.944	7.569	50.302
393	103	255	169.840	344.510	36.627	11.562	11.342	136.853
394	49	255	935.378	344.092	28.385	9.476	6.584	124.131
395	4	255	937.500	348.250	8.485	3.676	1.385	129.690
396	65	255	878.515	342.838	29.556	9.496	8.715	158.104
397	59	255	333.602	339.805	28.142	9.735	7.717	17.867
398	42	255	1053.929	339.095	27.556	8.773	6.095	160.286
399	2	255	1057.000	342.500	4.243	2.257	1.128	0.000
400	39	255	38.756	338.756	22.728	7.293	6.808	134.997
401	39	255	409.423	335.782	24.728	9.587	5.179	82.832
402	43	255	1106.267	335.523	23.314	7.771	7.046	137.609
403	57	255	842.518	331.553	42.870	10.145	7.154	78.881
404	116	255	96.629	325.991	38.042	12.829	11.513	51.143
405	68	255	529.897	326.235	30.042	11.619	7.451	40.735
406	40	255	1122.050	323.925	25.213	8.561	5.949	114.967
407	55	255	1168.045	322.627	27.799	9.379	7.466	162.754
408	74	255	56.297	319.878	30.971	10.233	9.207	107.104
409	55	255	164.827	321.464	27.556	10.123	6.918	14.918
410	41	255	358.720	320.159	23.556	7.951	6.565	17.268
411	38	255	216.737	316.105	25.556	9.288	5.209	107.880
412	92	255	590.043	314.565	38.870	12.493	9.376	148.095
413	40	255	690.100	314.525	24.385	9.232	5.517	157.420
414	46	255	275.522	313.217	25.213	9.429	6.212	29.763
415	43	255	718.872	313.174	28.971	9.285	5.897	148.253
416	1	255	722.500	316.500	2.828	1.128	1.128	0.000
417	67	255	1154.037	310.590	42.627	11.570	7.373	13.214
418	56	255	854.250	307.036	39.941	10.145	7.028	54.802
419	49	255	86.153	305.888	30.385	10.010	6.232	140.935
420	75	255	1033.660	303.740	45.113	11.680	8.176	137.364
421	40	255	464.025	303.700	25.556	9.567	5.323	141.934
422	36	255	720.139	303.250	23.556	7.331	6.253	90.393
423	61	255	213.434	300.746	29.456	9.580	8.107	148.384
424	41	255	864.890	299.768	26.385	9.619	5.427	127.184
425	26	255	37.577	301.385	18.142	7.272	4.552	166.282
426	49	255	539.173	295.929	37.456	10.002	6.237	132.248
427	61	255	573.992	294.320	27.556	9.212	8.431	97.142
428	75	255	471.327	293.633	31.213	11.459	8.333	24.808
429	56	255	252.536	290.464	32.627	11.107	6.419	140.171
430	71	255	317.317	289.021	31.213	11.542	7.832	123.443
431	73	255	708.596	290.075	35.213	10.609	8.761	113.975
432	42	255	879.071	288.143	27.556	8.518	6.278	165.224
433	36	255	1040.583	287.694	22.142	7.466	6.139	11.643
434	64	255	45.594	283.438	32.042	10.834	7.521	37.053
435	67	255	203.873	282.754	29.556	10.376	8.222	85.741
436	62	255	279.258	282.565	40.042	9.047	8.726	85.756
437	2	255	836.500	285.000	4.828	2.257	1.128	90.000
438	45	255	835.967	279.656	28.385	10.271	5.578	131.071
439	10	255	0.900	279.000	13.657	5.848	2.177	90.000
440	100	255	466.880	277.170	37.213	13.648	9.329	156.745
441	74	255	964.432	275.892	30.385	10.414	9.047	110.069
442	74	255	1095.284	275.176	31.213	10.238	9.203	41.250
443	46	255	803.087	272.630	33.799	9.144	6.405	94.308
444	51	255	823.225	268.127	31.556	9.427	6.888	114.117
445	2	255	825.500	273.000	4.828	2.257	1.128	90.000
446	35	255	1020.843	268.957	24.142	8.836	5.043	152.704
447	29	255	719.328	268.397	18.728	7.121	5.185	170.031
448	44	255	492.614	266.727	26.971	10.117	5.537	4.681
449	86	255	101.244	261.395	36.042	13.394	8.175	121.289
450	51	255	977.775	262.539	32.870	8.699	7.464	25.452
451	66	255	342.970	259.394	29.213	10.707	7.848	156.843
452	50	255	441.980	258.680	28.971	8.976	7.093	136.905
453	70	255	523.800	255.414	45.113	9.587	9.297	22.758
454	62	255	248.500	253.048	28.627	10.534	7.494	124.276
455	1	255	296.500	256.500	2.828	1.128	1.128	0.000
456	69	255	5.978	251.428	30.627	11.655	7.538	41.131
457	52	255	297.154	252.135	29.213	10.447	6.338	163.684
458	42	255	1128.024	249.500	24.385	8.075	6.622	176.105
459	87	255	236.086	246.362	33.213	11.800	9.387	57.571
460	75	255	591.913	245.313	34.627	12.479	7.652	118.548
461	6	255	627.000	248.833	9.071	3.718	2.055	0.000
462	27	255	848.796	246.611	18.728	6.575	5.229	151.091
463	47	255	624.713	244.160	30.042	9.641	6.207	173.301
464	36	255	322.111	243.222	21.556	7.092	6.464	128.362
465	85	255	975.653	240.571	33.213	12.060	8.974	77.459
466	68	255	150.544	236.456	30.142	11.732	7.380	81.370
467	45	255	729.567	237.567	29.213	9.116	6.285	159.156
468	81	255	1117.660	235.352	32.385	11.531	8.944	76.888
469	65	255	512.623	235.515	28.971	9.486	8.725	77.718
470	86	255	714.512	232.570	52.527	12.496	8.763	77.215
471	48	255	204.917	234.750	25.799	8.268	7.392	161.565
472	52	255	334.981	232.096	25.556	8.442	7.843	59.431
473	93	255	375.995	231.048	35.213	12.685	9.335	10.060
474	58	255	869.931	230.759	27.213	9.705	7.609	117.987
475	77	255	132.058	227.474	30.971	10.332	9.489	6.495
476	58	255	995.138	227.379	30.385	10.739	6.877	132.074
477	68	255	674.676	222.706	49.698	11.564	7.487	89.387
478	37	255	933.338	221.770	24.971	8.664	5.437	131.516
479	45	255	504.722	220.567	30.385	8.743	6.553	72.697
480	48	255	367.583	220.021	26.627	9.648	6.335	149.434
481	50	255	1117.520	219.740	33.213	10.701	5.949	144.561
482	3	255	1122.167	222.167	5.657	2.365	1.615	135.000
483	46	255	56.891	217.239	24.385	8.253	7.096	24.564
484	48	255	1154.188	217.625	26.142	9.650	6.334	149.839
485	58	255	79.241	215.466	28.385	8.973	8.230	55.249
486	42	255	1048.476	216.048	27.799	8.041	6.651	136.250
487	28	255	981.250	212.179	21.314	7.820	4.559	113.950
488	1	255	232.500	215.500	2.828	1.128	1.128	0.000
489	43	255	232.384	211.523	26.385	10.149	5.395	31.076
490	44	255	564.341	211.841	30.385	7.813	7.171	61.957
491	44	255	118.818	207.568	28.385	8.662	6.468	137.953
492	1	255	120.500	211.500	2.828	1.128	1.128	0.000
493	42	255	1180.429	207.405	24.385	8.031	6.659	76.247
494	49	255	714.602	205.051	33.213	9.637	6.474	122.301
495	49	255	938.949	204.439	28.042	9.039	6.903	139.920
496	57	255	416.412	203.658	26.385	9.618	7.546	153.819
497	67	255	804.724	201.694	44.527	10.970	7.776	55.257
498	3	255	508.833	205.833	5.657	2.365	1.615	135.000
499	39	255	205.372	201.038	30.042	7.690	6.457	55.690
500	69	255	340.688	201.109	33.213	12.401	7.084	26.372
501	30	255	509.633	201.533	21.556	7.846	4.868	163.780
502	58	255	1151.862	200.052	34.627	10.778	6.852	161.325
503	26	255	1081.500	197.692	18.485	6.389	5.181	90.000
504	53	255	29.840	195.123	31.799	10.504	6.424	10.257
505	6	255	398.000	195.500	7.657	3.385	2.257	90.000
506	61	255	397.057	189.615	34.385	11.714	6.630	129.103
507	79	255	490.842	188.816	33.213	11.308	8.895	63.401
508	92	255	538.174	187.065	34.627	12.387	9.456	149.977
509	75	255	845.513	184.513	31.799	11.310	8.443	62.201
510	53	255	1080.066	179.330	32.627	10.173	6.633	105.771
511	1	255	1083.500	184.500	2.828	1.128	1.128	0.000
512	37	255	813.068	176.527	22.728	7.687	6.128	75.775
513	71	255	655.444	173.866	30.385	10.115	8.938	73.519
514	57	255	538.728	174.096	26.971	9.593	7.565	26.393
515	37	255	1087.986	169.500	29.213	7.006	6.724	114.908
516	48	255	395.417	163.688	34.627	8.647	7.068	81.710
517	88	255	1009.318	161.898	45.941	13.483	8.310	124.181
518	47	255	1161.032	164.223	24.142	8.375	7.145	4.952
519	77	255	74.162	160.916	32.385	11.954	8.201	10.308
520	57	255	1184.430	160.816	27.799	9.533	7.613	161.486
521	40	255	707.400	157.450	28.971	9.260	5.500	124.698
522	1	255	709.500	162.500	2.828	1.128	1.128	0.000
523	55	255	1053.045	156.355	29.213	11.451	6.116	117.794
524	67	255	779.828	155.575	36.042	9.828	8.680	38.550
525	42	255	1163.857	157.190	23.314	8.306	6.438	178.959
526	57	255	1072.904	154.114	35.213	8.922	8.134	130.760
527	29	255	247.328	155.121	19.556	6.641	5.560	160.361
528	47	255	459.968	149.266	28.385	8.963	6.677	41.127
529	48	255	661.167	147.021	32.042	11.199	5.457	75.113
530	32	255	1094.594	149.188	20.971	7.877	5.173	65.956
531	6	255	666.000	150.000	9.657	3.988	1.916	71.565
532	97	255	439.160	144.356	35.213	11.328	10.902	79.654
533	31	255	47.823	145.565	20.142	7.221	5.466	62.179
534	55	255	1150.573	143.700	26.385	8.836	7.926	26.091
535	47	255	1110.415	143.968	34.042	10.231	5.849	1.345
536	54	255	253.148	140.389	28.385	9.232	7.448	113.512
537	94	255	867.936	138.223	35.213	11.954	10.012	101.810
538	62	255	488.161	137.661	27.799	9.747	8.099	75.269
539	48	255	765.646	138.229	35.213	10.807	5.655	114.930
540	60	255	1201.117	137.000	35.799	9.051	8.441	103.613
541	65	255	37.054	134.331	28.142	9.592	8.628	81.098
542	26	255	1150.462	135.692	19.314	7.251	4.566	127.416
543	55	255	418.591	133.100	36.385	10.118	6.921	103.716
544	1	255	1206.500	137.500	2.828	1.128	1.128	0.000
545	62	255	733.484	131.871	31.213	9.925	7.954	144.866
546	54	255	53.389	131.389	26.971	9.775	7.034	78.718
547	58	255	349.672	131.121	27.556	9.715	7.601	146.463
548	27	255	1000.056	130.611	18.728	6.232	5.516	17.919
549	3	255	706.833	130.833	5.657	2.365	1.615	135.000
550	17	255	1.206	126.912	18.485	7.235	2.992	92.111
551	37	255	705.527	126.095	25.213	8.316	5.665	122.175
552	70	255	781.643	121.071	30.627	10.465	8.516	59.866
553	6	255	717.667	120.333	8.485	3.140	2.433	135.000
554	28	255	504.893	117.071	23.556	6.334	5.628	35.765
555	76	255	988.237	111.342	35.456	12.656	7.646	138.623
556	1	255	716.500	115.500	2.828	1.128	1.128	0.000
557	62	255	327.935	109.468	29.799	11.897	6.635	64.197
558	84	255	379.452	109.464	32.971	11.549	9.261	87.302
559	1	255	993.500	112.500	2.828	1.128	1.128	0.000
560	83	255	911.030	105.114	34.627	13.723	7.701	125.078
561	38	255	937.921	107.132	22.142	8.275	5.847	67.937
562	30	255	360.367	106.367	24.385	7.477	5.108	100.204
563	90	255	440.278	104.278	34.627	10.844	10.567	17.158
564	1	255	711.500	106.500	2.828	1.128	1.128	0.000
565	41	255	370.744	98.720	23.556	7.899	6.609	26.185
566	74	255	990.838	96.473	37.456	12.703	7.417	26.221
567	45	255	359.144	96.567	29.213	8.569	6.687	50.674
568	46	255	574.913	92.696	30.042	8.501	6.890	156.626
569	48	255	473.875	91.979	26.385	8.810	6.937	151.786
570	69	255	313.109	89.514	29.799	10.884	8.072	101.517
571	82	255	488.280	88.683	33.556	11.647	8.964	89.942
572	31	255	366.113	89.242	21.556	6.670	5.918	125.057
573	47	255	826.351	87.160	26.385	8.989	6.657	73.542
574	56	255	350.393	86.964	26.385	8.767	8.133	158.032
575	63	255	739.262	87.087	35.556	12.035	6.665	170.924
576	3	255	744.833	90.167	5.657	2.365	1.615	45.000
577	31	255	981.210	85.274	26.385	8.294	4.759	132.566
578	57	255	13.693	84.974	26.971	9.551	7.599	143.291
579	46	255	1017.565	83.522	31.456	10.100	5.799	136.917
580	51	255	1075.559	82.029	32.385	9.511	6.827	129.618
581	2	255	1077.000	87.500	4.243	2.257	1.128	0.000
582	66	255	876.258	81.515	35.799	11.646	7.216	89.810
583	70	255	1095.686	80.757	47.456	11.603	7.682	11.329
584	135	255	1151.263	77.707	49.941	18.097	9.498	132.575
585	43	255	899.105	78.151	32.627	8.745	6.261	151.455
586	43	255	476.872	76.988	28.385	8.577	6.383	117.932
587	59	255	610.517	78.178	28.142	10.277	7.310	35.151
588	63	255	921.198	75.532	27.799	9.122	8.794	75.766
589	63	255	31.690	74.865	28.971	9.966	8.049	3.583
590	107	255	49.481	71.724	36.627	12.477	10.919	118.680
591	44	255	288.659	71.545	29.799	8.368	6.695	111.107
592	60	255	247.183	69.233	27.799	9.533	8.014	102.215
593	90	255	495.178	67.656	35.213	12.263	9.345	73.885
594	35	255	375.529	66.500	24.971	8.423	5.291	141.628
595	52	255	309.635	66.673	33.213	9.636	6.871	168.333
596	53	255	780.443	65.217	29.456	11.185	6.033	151.043
597	40	255	1061.225	63.575	25.556	8.939	5.697	159.481
598	53	255	589.519	60.292	26.627	8.553	7.890	55.879
599	45	255	152.567	58.856	34.042	10.408	5.505	141.065
600	83	255	1081.849	58.464	34.042	11.849	8.919	124.552
601	55	255	607.845	58.045	26.142	8.526	8.214	123.356
602	52	255	1018.231	57.827	32.042	8.630	7.672	101.075
603	74	255	494.932	52.270	30.971	11.323	8.321	98.789
604	59	255	926.534	52.347	28.042	11.139	6.744	134.642
605	38	255	991.632	51.500	26.971	9.319	5.192	112.303
606	60	255	1063.367	52.833	34.042	11.471	6.660	148.009
607	48	255	310.938	51.875	26.385	8.259	7.400	132.647
608	64	255	847.000	51.375	28.142	9.618	8.472	75.043
609	49	255	82.296	50.602	26.627	8.205	7.604	88.088
610	56	255	405.089	50.893	26.385	9.348	7.628	149.318
611	35	255	514.643	50.471	22.142	7.742	5.756	113.481
612	1	255	993.500	54.500	2.828	1.128	1.128	0.000
613	53	255	70.142	50.047	25.556	8.638	7.812	39.285
614	90	255	276.267	49.089	33.799	11.381	10.068	0.846
615	30	255	328.600	48.967	20.971	8.059	4.739	122.209
616	81	255	464.475	47.549	33.213	11.635	8.864	67.198
617	84	255	817.179	48.143	32.385	10.757	9.943	128.871
618	53	255	587.425	47.198	29.213	9.310	7.248	156.164
619	3	255	1112.500	50.167	7.071	3.213	1.189	151.845
620	54	255	1110.259	44.981	30.385	9.337	7.363	137.865
621	82	255	921.415	43.024	32.627	11.801	8.847	149.143
622	41	255	654.280	41.793	27.556	9.480	5.507	162.730
623	36	255	974.306	36.167	23.799	7.166	6.397	5.875
624	1	255	976.500	39.500	2.828	1.128	1.128	0.000
625	98	255	414.520	34.163	36.627	13.810	9.035	25.001
626	71	255	133.444	32.683	31.213	11.051	8.180	114.740
627	63	255	160.595	32.897	29.213	9.783	8.199	57.180
628	39	255	363.321	33.218	24.142	7.445	6.670	165.823
629	76	255	197.000	31.605	30.971	10.469	9.243	0.000
630	50	255	294.140	32.500	29.213	8.578	7.421	150.915
631	70	255	1096.814	30.771	41.698	10.950	8.140	157.145
632	61	255	329.779	30.631	27.799	8.987	8.642	4.319
633	38	255	691.895	30.921	22.971	8.409	5.753	109.543
634	64	255	871.578	29.844	33.213	10.741	7.586	102.115
635	35	255	1136.700	30.700	22.971	7.016	6.352	137.746
636	58	255	610.155	27.672	28.385	9.536	7.744	130.190
637	20	255	1.750	27.200	15.899	6.168	4.128	80.604
638	70	255	420.314	20.614	31.799	11.972	7.445	24.221
639	34	255	759.824	17.559	22.971	7.681	5.636	102.904
640	55	255	19.573	15.518	27.556	9.573	7.316	100.908
641	66	255	723.227	15.394	29.213	9.423	8.917	141.574
642	27	255	882.796	14.463	20.385	6.684	5.143	132.151
643	57	255	245.904	12.658	34.042	10.541	6.885	153.406
644	61	255	628.221	12.123	27.799	9.478	8.194	140.200
645	95	255	837.279	10.100	37.213	13.317	9.083	97.634
646	37	255	1031.338	13.473	24.971	7.680	6.134	38.435
647	51	255	131.010	11.382	26.971	10.318	6.294	60.089
648	69	255	552.978	11.558	30.385	9.900	8.874	4.150
649	37	255	427.365	10.176	22.385	7.774	6.060	54.932
650	68	255	372.426	8.824	30.385	11.618	7.452	19.267
651	40	255	757.425	8.525	22.142	7.927	6.425	49.305
652	62	255	1132.726	6.984	28.728	9.853	8.012	148.594
653	20	255	927.250	7.350	15.314	5.297	4.807	48.508
654	49	255	322.337	4.765	24.971	8.846	7.053	83.440
655	26	255	170.077	3.077	20.971	6.484	5.105	69.824
656	39	255	285.526	1.295	25.556	9.034	5.497	2.452
657	37	255	475.527	2.419	22.728	8.759	5.378	174.987
658	40	255	240.400	1.375	31.799	9.898	5.146	177.454
659	12	255	1151.917	0.417	14.485	5.276	2.896	151.699
660	5	255	410.700	-0.100	7.657	3.144	2.025	18.435
661	5	255	414.300	-0.100	7.071	3.144	2.025	161.565
662	5	255	1189.500	-0.500	10.243	5.642	1.128	0.000
