 	Area	Mean	XM	YM	Perim.	Major	Minor	Angle
1	14	255	9.714	901.714	13.899	5.744	3.103	6.047
2	48	255	128.062	893.000	24.971	9.205	6.639	139.120
3	38	255	692.289	887.605	21.556	7.411	6.529	125.943
4	48	255	194.042	884.188	27.799	9.403	6.499	89.560
5	55	255	715.682	879.282	26.385	8.915	7.855	57.881
6	53	255	870.028	880.349	26.971	11.078	6.091	156.438
7	52	255	171.481	867.442	25.556	9.795	6.760	161.910
8	40	255	620.675	865.675	23.556	9.452	5.388	165.329
9	57	255	1172.991	864.377	29.456	9.774	7.426	36.422
10	83	255	402.934	860.127	34.042	12.589	8.394	155.488
11	54	255	804.519	860.426	26.385	9.688	7.097	159.049
12	37	255	1027.392	860.203	21.556	7.406	6.361	27.157
13	70	255	885.871	858.514	29.799	10.260	8.687	37.236
14	37	255	842.419	857.419	22.142	7.055	6.678	134.997
15	64	255	487.453	847.484	28.971	9.835	8.285	47.040
16	48	255	1113.042	844.500	26.971	8.043	7.599	134.891
17	38	255	681.474	839.579	22.142	7.374	6.561	109.656
18	32	255	808.844	827.969	19.899	6.780	6.009	51.782
19	31	255	985.565	828.371	21.314	8.376	4.712	157.685
20	31	255	654.177	825.500	22.728	8.215	4.805	125.991
21	33	255	1083.348	821.076	20.971	7.634	5.504	109.325
22	1	255	1081.500	817.500	2.828	1.128	1.128	0.000
23	32	255	559.062	808.031	22.385	8.701	4.683	122.911
24	64	255	1153.281	807.109	29.213	9.874	8.253	151.531
25	70	255	1082.943	799.643	30.385	10.659	8.362	145.676
26	60	255	524.483	783.433	28.385	10.762	7.099	128.457
27	30	255	621.133	783.867	18.728	6.529	5.850	45.001
28	59	255	546.398	773.178	27.556	10.506	7.150	73.893
29	69	255	299.616	767.239	30.627	10.731	8.187	60.358
30	64	255	222.375	767.344	29.213	9.592	8.495	176.287
31	58	255	1037.983	768.345	27.556	10.196	7.243	9.657
32	46	255	923.043	765.130	27.799	11.126	5.264	117.100
33	37	255	657.176	758.149	22.142	7.086	6.648	134.356
34	64	255	583.344	754.234	29.799	10.693	7.621	167.461
35	45	255	285.589	752.700	24.971	9.351	6.128	119.621
36	51	255	69.265	750.304	25.556	9.781	6.639	116.588
37	63	255	1149.500	741.627	28.971	9.118	8.797	90.000
38	40	255	846.300	741.000	22.142	8.070	6.311	0.000
39	47	255	470.436	738.032	24.142	8.713	6.869	64.105
40	55	255	361.227	736.245	26.971	9.029	7.756	32.988
41	38	255	895.289	733.579	22.728	8.731	5.541	45.630
42	42	255	65.429	713.333	24.971	9.423	5.675	124.473
43	33	255	432.803	712.500	20.385	7.218	5.821	128.316
44	43	255	771.733	709.849	24.971	10.131	5.404	122.137
45	50	255	1011.380	707.340	25.556	9.736	6.539	113.295
46	70	255	1102.971	694.000	30.042	11.066	8.054	36.603
47	66	255	588.061	692.470	29.799	10.292	8.165	118.178
48	71	255	1195.500	689.669	30.385	9.901	9.131	152.577
49	53	255	1124.689	686.802	32.042	8.666	7.787	3.213
50	78	255	296.654	683.564	31.799	12.051	8.241	147.188
51	67	255	702.410	682.799	29.799	9.976	8.551	99.434
52	54	255	502.019	682.870	26.971	8.444	8.143	119.140
53	61	255	328.795	679.549	28.142	10.451	7.431	177.283
54	55	255	692.045	670.445	26.385	9.099	7.697	62.527
55	50	255	965.700	661.420	25.556	8.334	7.639	46.351
56	47	255	665.606	660.245	24.971	7.918	7.557	60.097
57	40	255	923.125	654.275	22.971	8.455	6.024	20.450
58	65	255	983.085	648.500	29.213	10.632	7.784	150.142
59	65	255	355.192	647.438	28.627	9.843	8.408	159.680
60	51	255	952.167	640.186	26.971	9.866	6.581	103.987
61	41	255	795.159	639.915	22.728	8.344	6.256	85.806
62	46	255	776.022	636.978	24.971	8.210	7.134	24.589
63	67	255	1001.142	632.157	31.213	11.741	7.266	9.921
64	39	255	382.756	629.628	23.556	8.643	5.745	116.674
65	41	255	272.915	627.500	22.971	8.821	5.918	39.860
66	35	255	395.586	624.243	21.556	7.212	6.179	63.991
67	44	255	747.091	619.273	25.556	9.656	5.802	138.833
68	76	255	374.697	615.816	31.799	12.127	7.980	169.230
69	46	255	117.022	604.630	24.142	8.550	6.850	21.301
70	30	255	587.400	602.667	22.142	8.523	4.482	75.690
71	41	255	28.622	602.183	22.971	8.122	6.427	135.668
72	50	255	790.720	600.280	25.556	8.140	7.821	111.461
73	59	255	1042.737	596.924	27.556	10.366	7.247	92.205
74	41	255	717.451	594.866	23.556	8.628	6.050	121.372
75	38	255	59.684	587.289	22.971	8.619	5.614	140.864
76	81	255	1007.562	584.512	32.385	11.144	9.255	76.103
77	50	255	352.880	585.400	24.728	8.586	7.415	164.753
78	79	255	982.070	580.589	31.799	11.237	8.952	39.128
79	56	255	945.268	575.071	28.142	10.158	7.019	81.208
80	49	255	503.071	571.888	24.385	8.044	7.756	158.431
81	78	255	774.487	561.013	32.627	11.447	8.676	71.428
82	55	255	211.864	558.809	26.385	8.795	7.963	55.225
83	76	255	599.237	557.868	33.213	12.576	7.695	21.636
84	59	255	1007.839	554.415	27.556	9.401	7.991	61.264
85	59	255	1210.314	551.195	28.042	9.294	8.083	47.005
86	59	255	761.432	548.263	28.971	10.729	7.002	93.197
87	74	255	669.257	547.514	31.213	11.500	8.193	121.248
88	35	255	887.900	548.757	21.556	6.929	6.431	72.193
89	63	255	528.024	544.167	28.971	10.592	7.573	118.632
90	53	255	187.255	542.330	29.799	11.201	6.024	88.929
91	55	255	172.173	543.227	26.971	9.301	7.529	25.017
92	82	255	337.951	542.463	33.213	11.825	8.829	10.648
93	58	255	919.552	540.741	27.556	10.101	7.311	97.019
94	6	255	1043.167	539.333	9.657	4.134	1.848	102.933
95	70	255	27.629	532.657	29.556	9.632	9.253	33.343
96	43	255	183.407	528.453	25.556	7.994	6.849	170.149
97	45	255	648.967	527.478	24.142	8.271	6.927	4.362
98	65	255	285.500	515.500	28.971	11.165	7.412	90.000
99	45	255	488.589	515.211	23.556	8.094	7.079	64.407
100	43	255	1075.384	515.616	22.728	7.717	7.095	45.002
101	46	255	507.217	514.391	24.142	8.144	7.192	178.114
102	50	255	674.340	510.380	25.213	8.694	7.323	99.114
103	42	255	1082.310	510.405	22.728	7.856	6.807	38.828
104	72	255	711.653	505.500	31.456	10.937	8.382	131.135
105	56	255	1154.357	497.661	26.728	9.686	7.361	79.948
106	26	255	1149.385	484.923	21.799	7.512	4.407	24.233
107	67	255	1109.112	482.112	30.971	11.065	7.710	17.480
108	31	255	1194.177	480.661	21.556	7.393	5.339	103.792
109	55	255	209.282	450.209	27.213	9.698	7.221	136.953
110	44	255	1028.114	449.386	24.728	9.326	6.007	98.816
111	33	255	992.773	448.288	20.728	6.860	6.125	25.260
112	33	255	1001.136	442.712	23.799	8.417	4.992	18.113
113	6	255	1223.333	440.333	11.657	4.790	1.595	85.269
114	43	255	1214.965	435.523	27.213	8.847	6.189	164.287
115	54	255	582.204	433.389	26.385	8.941	7.690	118.032
116	48	255	187.938	431.729	25.799	9.256	6.603	55.437
117	65	255	530.408	425.546	29.213	10.859	7.621	177.976
118	37	255	522.041	421.122	22.142	7.715	6.106	105.276
119	50	255	996.140	414.000	24.971	8.189	7.774	90.000
120	34	255	559.471	410.088	21.556	8.192	5.284	71.771
121	28	255	524.571	409.143	21.314	8.921	3.996	69.021
122	77	255	181.942	404.656	32.042	12.128	8.084	52.454
123	63	255	1070.151	405.135	29.456	11.748	6.828	44.399
124	43	255	686.593	400.244	28.385	8.013	6.832	70.843
125	53	255	1194.726	385.613	31.799	9.494	7.108	7.947
126	68	255	559.706	380.941	30.627	11.320	7.649	148.632
127	48	255	8.979	375.750	27.213	10.307	5.930	163.631
128	54	255	331.463	373.574	27.213	9.606	7.158	134.646
129	47	255	717.628	362.840	32.870	9.007	6.644	40.478
130	67	255	1177.948	360.157	29.556	10.486	8.135	66.840
131	49	255	832.296	356.235	26.385	9.617	6.487	171.036
132	48	255	798.083	348.812	24.385	8.093	7.552	54.719
133	32	255	679.219	340.938	20.142	7.035	5.792	123.005
134	35	255	712.329	338.471	20.971	7.045	6.326	31.518
135	49	255	318.194	335.439	24.728	8.364	7.459	10.618
136	41	255	596.890	334.110	23.556	7.837	6.661	97.331
137	51	255	873.029	321.382	29.213	9.537	6.809	166.556
138	61	255	1075.910	318.205	29.799	10.372	7.488	116.848
139	55	255	1002.882	311.009	31.799	8.600	8.143	128.063
140	60	255	402.250	292.400	27.556	10.429	7.325	179.590
141	31	255	658.210	291.113	23.799	8.018	4.923	67.485
142	30	255	754.767	291.567	20.142	8.038	4.752	58.136
143	60	255	286.767	287.517	28.971	9.038	8.453	5.453
144	60	255	938.317	285.100	29.213	10.378	7.361	21.001
145	53	255	625.934	283.047	25.556	8.381	8.052	144.462
146	32	255	867.219	280.156	21.556	8.006	5.089	20.114
147	46	255	27.130	275.761	25.556	9.910	5.910	100.253
148	43	255	631.221	268.407	22.971	8.258	6.630	154.073
149	61	255	660.041	262.336	27.556	9.619	8.074	61.394
150	44	255	541.977	256.295	23.556	8.211	6.823	24.849
151	55	255	280.827	253.064	26.142	8.514	8.225	142.854
152	55	255	922.355	238.773	27.556	8.990	7.789	68.557
153	58	255	882.483	234.724	28.971	11.002	6.713	47.941
154	35	255	399.786	235.186	21.556	7.409	6.015	166.166
155	48	255	850.896	234.500	24.142	8.395	7.280	15.810
156	48	255	455.625	228.917	24.728	8.616	7.093	66.785
157	35	255	130.100	227.357	22.728	9.240	4.823	88.386
158	61	255	1028.041	223.598	28.385	9.178	8.463	120.137
159	76	255	804.987	219.487	30.971	10.434	9.274	10.943
160	33	255	546.652	219.803	21.556	6.822	6.159	62.813
161	45	255	141.656	202.056	24.728	9.718	5.896	164.276
162	40	255	926.600	194.075	26.385	7.913	6.436	86.248
163	38	255	193.316	176.658	22.385	8.671	5.580	164.474
164	60	255	800.550	171.400	40.527	10.468	7.298	56.794
165	44	255	203.045	170.568	24.142	8.425	6.649	151.824
166	43	255	704.012	169.593	23.799	7.528	7.272	127.027
167	71	255	120.063	165.697	30.971	11.581	7.806	73.804
168	42	255	178.786	167.429	22.971	8.664	6.172	152.068
169	54	255	1048.667	167.074	29.213	8.579	8.014	163.530
170	73	255	326.637	163.021	31.799	10.006	9.289	36.678
171	49	255	993.929	161.827	24.385	8.065	7.736	156.888
172	83	255	252.596	157.970	34.385	12.979	8.142	17.405
173	44	255	405.500	152.682	26.385	9.929	5.642	68.193
174	76	255	60.908	148.421	30.385	10.364	9.336	168.120
175	42	255	130.286	135.643	24.142	9.681	5.524	109.090
176	66	255	537.091	132.348	29.799	10.147	8.282	120.398
177	53	255	294.142	129.953	25.556	8.638	7.812	140.715
178	35	255	1074.471	129.814	26.627	8.700	5.122	68.137
179	55	255	562.827	126.464	26.385	9.100	7.696	132.988
180	55	255	175.500	116.500	26.142	9.591	7.301	164.810
181	63	255	148.897	112.151	28.385	10.507	7.634	156.350
182	63	255	1141.754	108.452	28.627	9.941	8.069	158.487
183	49	255	822.908	100.357	25.213	8.928	6.988	131.400
184	36	255	889.778	99.222	24.142	8.351	5.489	93.170
185	20	255	1168.900	101.150	16.728	6.314	4.033	172.240
186	58	255	980.793	74.672	27.556	9.332	7.913	83.573
187	38	255	1089.342	75.474	24.971	8.028	6.027	123.885
188	39	255	742.910	62.346	22.971	7.783	6.380	39.022
189	45	255	509.189	58.478	29.556	9.109	6.290	104.020
190	31	255	735.371	58.565	21.556	7.822	5.046	0.201
191	60	255	709.500	48.133	28.627	10.477	7.292	42.609
192	46	255	1135.978	48.848	25.556	8.547	6.853	0.252
193	36	255	394.583	48.250	21.314	7.731	5.929	157.322
194	60	255	920.450	41.433	28.385	9.709	7.868	59.751
195	43	255	756.826	42.453	25.314	9.528	5.746	176.699
196	50	255	1090.100	39.700	26.385	10.332	6.162	20.470
197	31	255	44.790	35.855	19.899	7.226	5.463	130.702
198	35	255	535.929	35.243	23.556	8.222	5.420	59.480
199	58	255	271.362	32.017	26.971	9.365	7.885	160.243
200	46	255	489.174	31.826	24.971	9.506	6.161	178.102
201	39	255	2.295	26.679	23.314	9.086	5.465	86.866
202	58	255	1007.000	17.741	27.799	9.211	8.017	83.175
203	69	255	1187.717	14.558	29.556	9.849	8.920	56.571
204	74	255	514.419	7.000	31.556	11.506	8.189	7.947
205	7	255	740.500	6.500	8.485	3.772	2.363	45.000
206	34	255	501.882	3.294	20.728	8.514	5.085	168.875
207	26	255	301.000	0.731	19.314	8.175	4.049	180.000
208	8	255	868.500	-0.125	11.071	4.769	2.136	0.000
