 	Area	Mean	XM	YM	Perim.	Major	Minor	Angle
1	37	255	6.743	900.527	22.728	7.957	5.921	7.238
2	2	255	62.000	902.500	4.243	2.257	1.128	0.000
3	15	255	96.700	901.767	16.485	6.371	2.998	173.603
4	31	255	118.887	901.048	21.071	8.859	4.455	2.631
5	8	255	133.000	902.000	9.657	4.514	2.257	0.000
6	11	255	143.227	902.045	13.657	6.327	2.214	176.942
7	30	255	227.000	900.267	23.556	8.945	4.270	29.991
8	1	255	241.500	902.500	2.828	1.128	1.128	0.000
9	34	255	280.441	900.471	22.142	7.950	5.445	25.962
10	8	255	438.500	902.125	11.071	4.769	2.136	0.000
11	21	255	499.262	901.690	19.899	8.448	3.165	3.828
12	59	255	569.110	897.720	38.627	9.878	7.605	117.477
13	13	255	623.500	901.654	12.485	5.181	3.195	0.000
14	18	255	741.389	900.944	22.142	5.088	4.504	159.843
15	56	255	755.196	899.286	29.799	9.346	7.629	10.354
16	33	255	826.530	900.985	24.971	9.281	4.527	179.092
17	21	255	855.643	901.262	17.314	6.577	4.065	5.712
18	13	255	1146.808	902.115	17.071	7.741	2.138	1.772
19	33	255	601.955	897.712	23.799	8.448	4.973	122.628
20	83	255	795.355	898.404	34.385	13.648	7.743	5.346
21	42	255	973.952	897.357	29.213	9.667	5.532	43.539
22	36	255	269.222	897.639	24.142	8.247	5.558	25.504
23	40	255	380.250	897.200	29.213	8.988	5.667	22.629
24	52	255	454.096	895.615	28.385	11.323	5.847	24.392
25	36	255	656.528	896.833	31.213	8.366	5.479	8.542
26	65	255	81.700	894.392	28.385	9.364	8.838	55.310
27	56	255	363.714	894.661	34.284	11.520	6.189	17.372
28	60	255	427.917	894.133	27.799	9.317	8.199	73.758
29	38	255	594.316	894.447	25.799	10.318	4.689	121.738
30	35	255	243.671	894.443	24.385	9.290	4.797	31.923
31	63	255	526.913	893.976	31.456	11.754	6.824	160.461
32	44	255	613.886	893.386	26.971	9.336	6.001	75.385
33	45	255	894.767	893.878	27.213	9.170	6.248	151.188
34	50	255	21.420	892.020	25.556	8.755	7.271	84.640
35	62	255	37.081	893.258	29.799	11.459	6.889	1.847
36	49	255	640.459	893.684	28.627	9.854	6.331	17.809
37	71	255	838.782	893.190	31.799	12.516	7.223	8.075
38	28	255	1175.250	893.214	20.971	7.706	4.627	93.929
39	1	255	238.500	894.500	2.828	1.128	1.128	0.000
40	49	255	330.888	890.296	30.042	8.641	7.220	51.081
41	43	255	1160.221	889.384	32.627	8.834	6.198	144.477
42	50	255	978.080	888.380	29.799	8.672	7.341	85.618
43	43	255	62.895	888.337	25.799	9.079	6.030	15.644
44	46	255	149.087	888.239	26.385	8.921	6.565	27.541
45	77	255	270.032	887.552	30.971	10.474	9.360	174.559
46	58	255	344.138	885.914	33.213	10.286	7.179	60.837
47	63	255	969.611	886.246	27.799	9.181	8.737	55.810
48	55	255	124.082	885.118	26.971	9.452	7.409	49.157
49	55	255	1118.118	885.555	26.971	10.074	6.951	55.349
50	20	255	456.900	885.050	21.556	5.826	4.371	141.636
51	17	255	2.088	885.324	15.899	5.189	4.171	174.012
52	20	255	86.500	885.250	16.728	5.582	4.562	90.000
53	46	255	775.652	883.522	26.385	8.455	6.927	152.091
54	41	255	825.037	883.890	24.142	9.456	5.520	113.992
55	46	255	950.043	883.891	31.799	8.438	6.941	70.437
56	43	255	42.244	883.895	23.556	8.690	6.301	6.089
57	48	255	632.854	882.312	31.456	9.837	6.213	125.997
58	44	255	256.000	882.409	24.385	8.788	6.375	15.292
59	48	255	358.292	880.354	32.627	10.767	5.676	90.912
60	33	255	510.409	882.318	23.556	7.690	5.464	89.607
61	1	255	578.500	885.500	2.828	1.128	1.128	0.000
62	38	255	578.605	881.421	26.627	9.547	5.068	44.192
63	48	255	238.562	880.542	33.456	8.922	6.850	10.315
64	38	255	475.842	881.263	24.385	9.746	4.965	36.038
65	78	255	736.346	880.500	31.799	10.734	9.252	11.690
66	65	255	661.346	877.992	41.698	9.934	8.331	117.525
67	85	255	389.029	877.547	32.627	11.847	9.136	125.377
68	73	255	805.336	877.829	30.385	10.447	8.897	58.675
69	75	255	527.140	878.127	39.456	12.761	7.483	1.228
70	53	255	8.764	875.991	27.799	10.404	6.486	56.695
71	49	255	146.153	877.439	26.385	10.626	5.871	158.987
72	72	255	484.111	874.319	32.385	11.732	7.814	70.578
73	48	255	104.521	874.812	26.142	9.805	6.233	117.942
74	18	255	277.389	875.222	18.728	7.036	3.257	81.683
75	56	255	1143.946	874.214	27.213	9.115	7.822	105.219
76	77	255	1188.136	873.266	32.627	12.616	7.771	127.339
77	39	255	65.090	873.962	25.799	7.528	6.596	158.858
78	31	255	168.435	874.597	20.142	6.974	5.659	94.850
79	60	255	611.617	872.967	28.042	10.327	7.397	51.448
80	30	255	886.633	873.733	24.142	7.412	5.153	166.792
81	40	255	535.400	871.450	26.385	8.332	6.113	126.149
82	29	255	316.466	871.293	19.314	7.552	4.889	113.999
83	63	255	651.706	869.786	29.556	10.570	7.589	79.154
84	68	255	17.985	868.853	32.042	10.896	7.946	46.467
85	50	255	266.560	868.440	27.799	10.279	6.193	133.240
86	41	255	293.280	868.402	23.799	8.594	6.074	111.087
87	68	255	972.471	868.176	29.799	10.326	8.385	148.024
88	48	255	525.750	867.646	26.971	8.225	7.430	137.187
89	45	255	217.144	866.589	26.385	7.869	7.281	154.116
90	63	255	344.563	865.579	29.799	10.255	7.822	121.211
91	58	255	761.414	866.172	29.799	10.260	7.198	156.355
92	64	255	879.266	865.875	29.799	9.465	8.609	175.119
93	58	255	332.603	864.448	28.728	9.661	7.644	91.172
94	53	255	697.896	864.953	29.799	8.409	8.025	29.343
95	9	255	0.833	865.167	13.657	5.643	2.031	86.830
96	50	255	928.740	864.700	33.213	11.778	5.405	6.127
97	58	255	1164.241	864.224	27.556	9.123	8.095	164.159
98	92	255	140.424	861.641	34.627	12.114	9.670	137.348
99	37	255	739.365	862.959	24.385	9.978	4.721	157.895
100	28	255	471.714	862.071	21.556	7.457	4.781	23.534
101	38	255	41.947	860.763	22.971	8.338	5.802	0.335
102	2	255	46.000	863.500	4.243	2.257	1.128	0.000
103	48	255	286.771	858.958	27.556	10.759	5.680	76.633
104	100	255	941.690	857.100	36.042	11.832	10.761	63.167
105	47	255	782.585	858.096	24.728	8.566	6.986	74.838
106	67	255	821.410	855.694	28.971	9.737	8.761	46.880
107	80	255	862.175	853.450	32.042	10.988	9.270	62.293
108	72	255	79.500	852.931	32.042	12.463	7.356	39.783
109	38	255	95.526	853.079	23.314	9.239	5.237	93.040
110	78	255	756.077	853.244	31.556	10.642	9.332	21.704
111	50	255	218.200	850.400	26.971	10.860	5.862	78.723
112	48	255	231.667	851.458	25.799	8.929	6.844	145.014
113	30	255	527.400	851.933	21.556	7.467	5.116	160.843
114	58	255	588.517	851.655	27.556	10.202	7.239	8.446
115	45	255	810.922	850.056	30.627	9.316	6.151	148.176
116	71	255	305.937	848.782	32.971	12.824	7.049	163.422
117	29	255	774.983	849.603	21.556	7.789	4.741	62.274
118	48	255	1109.792	847.917	28.385	8.770	6.969	135.075
119	43	255	1152.128	849.105	27.799	8.207	6.671	57.011
120	67	255	54.575	845.530	31.213	11.686	7.300	113.575
121	33	255	512.076	847.924	19.899	6.707	6.264	134.998
122	96	255	649.708	845.052	36.627	12.855	9.508	108.418
123	53	255	794.840	847.292	26.385	10.029	6.729	164.541
124	24	255	34.875	846.458	18.971	6.612	4.622	56.905
125	60	255	126.050	845.650	29.213	12.242	6.240	141.739
126	55	255	156.045	845.427	26.385	9.403	7.447	120.993
127	35	255	724.329	845.214	28.627	6.993	6.373	26.664
128	47	255	525.734	845.096	23.799	8.056	7.428	49.806
129	47	255	285.755	841.777	26.142	10.458	5.722	79.469
130	44	255	352.841	841.591	27.556	9.970	5.619	111.610
131	72	255	1190.875	841.806	31.556	11.162	8.213	102.235
132	53	255	753.840	841.349	27.213	10.343	6.524	132.809
133	34	255	1211.647	841.559	23.213	7.108	6.090	59.836
134	27	255	377.426	841.463	19.556	6.884	4.994	119.137
135	94	255	429.287	840.096	35.799	12.737	9.396	26.136
136	55	255	81.045	839.355	26.385	9.666	7.245	122.333
137	63	255	475.944	839.532	30.042	11.667	6.875	143.945
138	31	255	512.661	841.500	19.899	7.521	5.248	10.128
139	42	255	252.000	839.595	25.799	8.557	6.249	21.082
140	91	255	814.401	836.852	34.385	12.399	9.344	91.779
141	1	255	1173.500	842.500	2.828	1.128	1.128	0.000
142	45	255	1174.589	837.967	27.556	9.057	6.326	53.160
143	62	255	239.661	837.177	28.385	9.301	8.488	40.551
144	27	255	764.648	838.796	20.385	6.740	5.101	30.331
145	60	255	1027.100	835.517	39.456	9.184	8.318	96.248
146	43	255	833.779	837.453	23.556	8.200	6.677	107.869
147	29	255	308.603	837.155	20.142	7.678	4.809	140.065
148	48	255	540.104	835.146	25.556	9.469	6.454	109.489
149	37	255	729.203	835.689	22.971	7.163	6.577	77.772
150	11	255	884.500	836.864	16.485	6.095	2.298	93.988
151	41	255	21.427	834.573	22.971	8.035	6.497	122.932
152	1	255	227.500	837.500	2.828	1.128	1.128	0.000
153	64	255	628.359	831.547	38.870	10.295	7.915	51.019
154	43	255	666.686	832.198	31.213	8.078	6.778	89.604
155	27	255	228.130	833.352	20.385	7.231	4.754	146.304
156	28	255	448.250	833.036	23.799	7.455	4.782	132.616
157	80	255	109.562	829.462	32.870	12.266	8.304	139.563
158	60	255	460.283	829.933	33.799	9.793	7.801	95.311
159	41	255	497.939	831.134	26.385	9.191	5.680	149.511
160	79	255	751.373	828.449	40.042	14.158	7.105	108.455
161	77	255	788.565	830.461	31.556	10.338	9.483	171.758
162	62	255	148.839	829.435	28.971	10.140	7.785	48.396
163	42	255	610.262	829.786	24.142	9.083	5.887	76.275
164	84	255	648.548	828.714	33.799	12.051	8.875	13.243
165	2	255	375.500	830.000	4.828	2.257	1.128	90.000
166	62	255	739.581	826.855	28.971	9.720	8.122	55.202
167	38	255	825.763	825.000	28.385	9.025	5.361	117.922
168	47	255	840.564	825.819	26.385	9.503	6.297	57.384
169	62	255	940.355	825.871	47.355	11.468	6.883	144.028
170	56	255	1103.500	825.464	28.385	8.870	8.038	115.701
171	31	255	392.435	826.081	24.971	8.521	4.632	30.540
172	72	255	708.931	823.208	30.971	11.578	7.918	104.093
173	75	255	770.967	823.647	32.385	11.406	8.372	85.208
174	32	255	902.406	825.094	22.385	7.718	5.279	39.554
175	49	255	358.459	821.561	33.799	9.195	6.785	86.712
176	71	255	487.134	821.077	31.799	11.810	7.654	103.111
177	56	255	84.929	822.143	28.142	10.455	6.820	4.192
178	69	255	426.297	820.616	30.971	11.378	7.721	102.011
179	40	255	443.875	822.775	29.799	9.687	5.258	169.994
180	53	255	600.142	822.009	28.042	9.456	7.136	166.295
181	64	255	249.062	820.703	35.213	10.248	7.951	13.956
182	40	255	553.150	821.525	29.799	9.082	5.608	37.810
183	48	255	619.604	821.438	27.799	9.436	6.477	156.454
184	74	255	673.365	821.027	32.385	12.191	7.729	166.147
185	90	255	850.956	819.811	34.971	11.673	9.817	61.633
186	76	255	232.539	820.382	33.799	13.132	7.369	15.300
187	82	255	341.683	819.293	32.385	11.489	9.088	11.265
188	40	255	471.925	820.525	25.799	8.224	6.193	174.793
189	71	255	528.683	817.007	31.556	12.474	7.247	96.414
190	50	255	924.240	817.800	31.213	9.271	6.867	52.633
191	62	255	70.677	817.258	28.971	9.881	7.989	125.358
192	30	255	105.133	818.400	21.556	9.045	4.223	127.943
193	46	255	639.348	818.109	34.042	9.431	6.210	169.056
194	4	255	871.000	821.500	8.243	4.514	1.128	0.000
195	36	255	653.750	816.917	31.213	7.741	5.922	153.398
196	46	255	874.478	817.457	29.213	11.551	5.070	178.482
197	44	255	692.614	816.227	34.870	9.274	6.041	142.239
198	56	255	1096.143	815.196	40.284	9.157	7.787	150.112
199	54	255	515.389	813.370	29.799	11.176	6.152	108.731
200	28	255	1222.143	812.571	25.556	9.460	3.768	82.141
201	39	255	118.423	813.064	26.385	7.705	6.445	50.272
202	51	255	261.088	813.049	29.799	10.561	6.149	167.200
203	54	255	394.685	811.926	27.213	9.997	6.878	73.921
204	85	255	437.382	811.606	34.385	11.608	9.323	104.105
205	72	255	501.611	811.458	32.385	12.384	7.403	62.865
206	34	255	99.029	812.118	22.385	8.570	5.051	141.075
207	40	255	417.475	812.050	32.284	9.216	5.526	166.399
208	31	255	449.048	812.081	27.213	7.963	4.956	34.942
209	89	255	742.983	810.556	33.799	11.721	9.668	60.461
210	89	255	375.287	809.242	35.213	12.086	9.376	70.091
211	88	255	776.920	808.136	34.385	13.299	8.425	84.482
212	44	255	825.977	810.773	29.799	9.751	5.745	157.784
213	82	255	959.317	808.756	34.627	12.377	8.436	115.383
214	42	255	205.810	809.833	24.385	8.950	5.975	63.977
215	28	255	474.107	811.321	18.728	6.387	5.582	158.252
216	51	255	620.304	810.716	25.556	9.628	6.745	163.555
217	38	255	672.947	811.158	30.627	9.567	5.057	166.856
218	4	255	831.000	813.000	5.657	2.257	2.257	0.000
219	73	255	707.459	807.130	33.213	13.241	7.020	116.004
220	48	255	887.062	808.896	24.971	9.488	6.441	43.395
221	61	255	973.303	805.795	40.284	9.311	8.341	85.908
222	52	255	1166.346	807.519	27.799	9.751	6.790	151.000
223	62	255	408.452	806.048	36.284	10.961	7.202	152.962
224	46	255	757.065	807.022	24.971	8.718	6.718	120.716
225	1	255	638.500	809.500	2.828	1.128	1.128	0.000
226	49	255	807.969	806.255	30.627	9.123	6.838	163.860
227	49	255	1193.214	805.010	35.698	9.923	6.287	115.431
228	31	255	129.726	805.984	22.142	7.070	5.583	36.292
229	25	255	214.940	806.140	20.142	7.234	4.400	43.814
230	28	255	639.429	805.393	21.556	8.031	4.439	161.421
231	52	255	941.673	802.904	33.213	9.982	6.633	149.501
232	95	255	428.079	801.405	34.870	12.114	9.985	153.867
233	62	255	845.887	801.565	41.355	9.402	8.396	152.818
234	54	255	1077.093	802.370	30.627	8.985	7.653	60.743
235	29	255	65.948	801.362	22.142	8.609	4.289	72.849
236	33	255	387.924	802.076	28.627	7.956	5.281	52.807
237	41	255	613.695	800.744	29.213	8.009	6.518	103.017
238	35	255	665.414	802.871	22.971	7.965	5.595	174.029
239	65	255	1126.223	800.854	29.213	9.185	9.011	135.332
240	36	255	694.472	800.583	25.556	8.870	5.168	143.733
241	33	255	34.348	800.924	23.799	7.361	5.708	16.902
242	66	255	509.364	800.136	34.627	12.836	6.547	164.240
243	57	255	585.342	800.132	26.385	9.088	7.986	19.829
244	57	255	871.798	799.851	27.799	9.458	7.673	40.623
245	60	255	551.917	797.917	28.971	10.010	7.632	91.913
246	45	255	281.233	796.789	27.213	9.921	5.775	114.814
247	38	255	726.474	797.368	23.556	7.895	6.128	113.425
248	65	255	85.700	793.315	40.627	10.959	7.552	100.005
249	35	255	204.643	796.871	24.971	9.530	4.676	28.355
250	59	255	950.347	796.025	27.556	9.220	8.148	21.493
251	21	255	990.452	797.690	15.899	5.621	4.756	143.864
252	85	255	402.982	793.253	32.627	10.899	9.930	69.806
253	38	255	642.500	795.211	27.799	9.934	4.870	30.041
254	1	255	986.500	798.500	2.828	1.128	1.128	0.000
255	34	255	1221.912	794.088	22.728	8.609	5.028	84.463
256	54	255	445.352	793.296	27.213	10.178	6.755	116.452
257	2	255	638.500	797.000	4.828	2.257	1.128	90.000
258	65	255	826.654	793.285	32.870	12.274	6.743	37.201
259	2	255	1105.000	797.500	4.243	2.257	1.128	0.000
260	48	255	248.083	792.375	32.627	10.658	5.734	150.395
261	27	255	879.352	793.389	20.142	6.914	4.972	78.225
262	52	255	224.269	790.962	26.971	9.829	6.736	49.651
263	25	255	307.540	792.740	18.971	6.613	4.813	95.158
264	82	255	417.293	791.098	32.627	11.070	9.431	31.777
265	25	255	607.740	793.460	18.728	7.479	4.256	150.280
266	43	255	745.291	792.593	28.042	10.258	5.337	18.298
267	36	255	1106.139	793.000	24.971	8.027	5.710	6.049
268	63	255	272.294	790.659	28.385	9.950	8.061	134.137
269	55	255	60.700	789.609	26.728	9.615	7.283	96.366
270	32	255	380.375	790.656	23.556	8.549	4.766	160.413
271	53	255	910.538	790.594	30.627	10.885	6.200	169.525
272	44	255	959.864	790.318	28.971	8.924	6.278	144.409
273	25	255	988.220	791.020	19.556	8.169	3.897	20.738
274	59	255	140.805	789.466	28.385	11.430	6.573	167.378
275	66	255	660.182	786.515	33.213	10.804	7.778	140.823
276	76	255	735.737	785.921	31.213	11.131	8.694	138.357
277	51	255	844.520	785.343	37.213	9.106	7.131	70.429
278	69	255	208.920	785.645	29.799	10.156	8.650	156.493
279	35	255	390.271	785.186	27.213	7.815	5.703	124.463
280	1	255	391.500	789.500	2.828	1.128	1.128	0.000
281	64	255	948.859	783.734	45.941	11.690	6.970	110.180
282	37	255	1211.176	786.689	28.627	8.331	5.655	171.138
283	60	255	168.800	783.550	28.627	9.816	7.782	141.580
284	48	255	289.021	784.208	29.799	10.460	5.843	6.109
285	33	255	437.409	784.712	21.556	7.693	5.462	179.681
286	57	255	639.360	784.465	34.627	11.422	6.354	13.068
287	69	255	700.877	782.906	30.042	11.345	7.744	137.804
288	35	255	721.986	785.243	24.142	9.488	4.697	11.211
289	61	255	1057.270	783.107	40.284	10.070	7.713	97.964
290	72	255	753.653	780.958	34.042	12.756	7.187	71.741
291	38	255	424.711	782.289	22.142	8.123	5.956	75.907
292	77	255	588.266	780.799	31.799	11.159	8.786	139.421
293	51	255	98.618	780.108	26.385	8.654	7.504	122.044
294	65	255	239.669	779.962	30.971	9.756	8.483	160.542
295	44	255	407.955	779.705	24.728	9.210	6.083	86.689
296	34	255	677.500	781.000	20.142	7.429	5.827	151.932
297	45	255	804.833	781.278	28.142	11.557	4.957	4.898
298	79	255	816.095	777.513	32.385	12.156	8.274	79.177
299	63	255	128.024	778.786	28.142	9.359	8.571	96.562
300	35	255	340.471	778.900	20.728	8.225	5.418	92.409
301	24	255	608.750	780.292	18.142	6.431	4.752	172.639
302	56	255	770.911	778.643	46.527	11.334	6.291	138.031
303	63	255	73.262	776.659	29.799	9.673	8.292	116.208
304	75	255	157.127	776.207	30.971	11.214	8.515	92.993
305	45	255	834.789	776.611	34.870	8.935	6.412	147.606
306	1	255	1200.500	781.500	2.828	1.128	1.128	0.000
307	38	255	1204.105	777.868	27.799	8.720	5.548	2.906
308	33	255	381.621	777.439	28.042	8.188	5.131	54.802
309	22	255	397.682	777.636	20.142	5.782	4.845	73.110
310	66	255	496.758	776.576	29.556	10.246	8.202	125.013
311	84	255	726.488	776.143	34.627	12.735	8.398	12.577
312	33	255	85.591	777.015	21.556	7.725	5.439	166.002
313	40	255	647.325	775.250	26.971	9.765	5.215	55.560
314	51	255	217.598	774.206	24.971	8.823	7.360	101.951
315	86	255	865.570	772.442	33.799	10.904	10.042	92.681
316	51	255	534.245	773.186	29.799	10.116	6.419	178.060
317	46	255	552.391	771.587	32.042	8.666	6.758	31.877
318	50	255	660.180	772.460	28.385	9.060	7.027	126.786
319	97	255	576.273	771.500	35.799	13.213	9.347	0.000
320	101	255	740.569	769.866	36.627	12.194	10.546	113.195
321	36	255	389.139	769.750	22.142	8.087	5.668	85.357
322	26	255	417.654	770.923	18.485	6.865	4.823	67.672
323	58	255	685.379	767.845	41.355	10.140	7.283	44.871
324	66	255	760.212	769.121	29.799	10.463	8.032	25.253
325	5	255	924.700	773.100	7.657	3.144	2.025	161.565
326	41	255	964.110	769.768	23.799	8.184	6.379	135.685
327	25	255	704.300	769.140	19.314	6.238	5.103	112.354
328	58	255	91.500	767.741	27.799	10.370	7.121	49.457
329	4	255	648.000	770.500	7.657	3.216	1.583	58.283
330	52	255	101.308	766.058	27.556	10.591	6.251	70.803
331	44	255	200.068	766.977	27.799	9.623	5.822	142.548
332	29	255	925.948	767.914	18.728	6.608	5.588	130.184
333	60	255	597.733	764.650	30.627	10.845	7.044	88.509
334	58	255	1199.121	765.155	26.971	9.616	7.680	51.399
335	57	255	246.289	764.009	27.556	10.259	7.074	79.431
336	13	255	405.038	765.654	13.314	4.842	3.419	115.802
337	55	255	515.318	761.682	40.284	10.405	6.730	110.864
338	38	255	621.711	764.789	23.556	7.325	6.605	102.171
339	27	255	697.981	764.796	18.728	6.379	5.389	125.365
340	51	255	715.853	762.892	28.385	8.734	7.435	55.203
341	60	255	942.233	763.317	28.142	9.786	7.807	114.107
342	41	255	113.646	762.793	23.556	7.757	6.730	53.226
343	48	255	424.792	760.958	32.385	9.688	6.308	47.094
344	24	255	916.167	762.792	19.556	6.193	4.934	140.310
345	59	255	276.229	760.466	26.971	9.500	7.907	63.454
346	54	255	673.241	760.352	34.870	9.947	6.912	37.044
347	69	255	1152.036	758.036	48.770	10.805	8.131	34.492
348	62	255	784.726	759.145	28.627	9.982	7.908	147.170
349	1	255	921.500	763.500	2.828	1.128	1.128	0.000
350	54	255	1183.519	757.278	43.113	9.834	6.992	101.204
351	41	255	51.232	758.695	24.385	9.487	5.503	113.435
352	42	255	481.024	758.857	22.728	8.353	6.402	89.152
353	1	255	1184.500	762.500	2.828	1.128	1.128	0.000
354	45	255	398.878	757.522	31.213	8.172	7.011	10.810
355	70	255	1007.757	757.043	30.627	9.796	9.098	60.367
356	15	255	651.500	758.167	14.728	5.161	3.701	132.280
357	64	255	760.422	757.016	45.698	11.203	7.274	161.488
358	81	255	807.031	755.216	47.113	11.652	8.851	32.732
359	67	255	855.097	756.127	30.385	10.421	8.186	95.504
360	59	255	579.602	755.636	30.385	9.334	8.048	58.682
361	46	255	558.391	754.522	27.799	9.380	6.244	111.861
362	72	255	413.708	752.014	32.284	12.056	7.604	126.075
363	31	255	901.984	754.532	25.799	6.884	5.734	172.349
364	44	255	117.250	753.182	26.385	9.336	6.001	169.942
365	39	255	387.449	752.731	24.971	7.586	6.546	140.060
366	39	255	436.962	753.808	24.971	8.469	5.863	179.113
367	40	255	660.300	751.425	31.213	9.238	5.513	70.213
368	93	255	986.048	749.909	35.213	12.503	9.470	116.876
369	61	255	534.254	750.369	29.799	9.072	8.561	8.164
370	71	255	81.303	748.556	35.213	11.631	7.772	102.127
371	2	255	319.500	753.000	4.828	2.257	1.128	90.000
372	38	255	600.553	749.342	27.213	10.153	4.765	33.192
373	51	255	699.147	749.480	27.799	9.879	6.573	144.281
374	40	255	747.025	750.275	26.142	8.042	6.333	93.747
375	105	255	730.548	746.386	39.113	14.169	9.436	44.764
376	62	255	1032.210	748.129	36.284	9.462	8.343	33.216
377	30	255	231.833	748.833	19.556	6.497	5.879	151.138
378	34	255	772.706	749.147	23.556	8.503	5.091	33.273
379	71	255	958.556	747.148	30.971	10.203	8.860	93.286
380	37	255	973.203	748.581	29.799	7.789	6.048	97.001
381	28	255	1091.500	748.929	22.385	8.206	4.344	154.578
382	37	255	23.041	747.581	21.899	8.011	5.881	118.810
383	56	255	96.750	746.036	30.385	8.596	8.295	112.035
384	43	255	222.802	745.407	28.971	9.368	5.844	117.438
385	3	255	621.167	749.833	5.657	2.365	1.615	45.000
386	51	255	626.029	747.735	33.556	11.098	5.851	14.731
387	52	255	932.000	746.673	29.213	9.627	6.877	9.637
388	71	255	1014.514	746.965	30.971	11.783	7.672	162.712
389	59	255	1154.568	745.703	44.284	10.690	7.027	57.620
390	49	255	172.378	745.235	26.142	9.405	6.634	91.873
391	47	255	430.351	744.266	29.213	10.425	5.740	113.573
392	52	255	757.750	745.250	26.142	9.511	6.961	7.117
393	2	255	778.000	747.500	4.243	2.257	1.128	0.000
394	2	255	977.500	747.000	4.828	2.257	1.128	90.000
395	42	255	244.190	743.738	24.142	8.512	6.283	172.991
396	29	255	401.948	744.190	21.799	7.737	4.772	27.654
397	50	255	638.240	741.840	31.456	9.542	6.672	92.994
398	51	255	815.931	741.206	35.213	8.337	7.789	58.729
399	53	255	847.745	742.745	33.456	11.093	6.084	170.381
400	56	255	391.036	739.179	28.971	11.080	6.435	106.087
401	49	255	867.133	739.255	31.456	10.934	5.706	45.349
402	33	255	565.985	740.318	24.385	8.428	4.985	72.011
403	51	255	378.363	738.735	34.284	10.758	6.036	166.275
404	42	255	777.119	739.500	26.142	9.053	5.907	33.964
405	68	255	1126.294	738.015	30.042	10.280	8.422	149.698
406	62	255	1207.194	737.210	36.870	9.797	8.058	119.349
407	83	255	10.355	737.741	32.971	11.478	9.207	0.439
408	31	255	473.016	737.371	21.556	7.431	5.312	129.066
409	57	255	551.342	736.535	27.799	9.415	7.708	78.282
410	51	255	522.167	735.833	31.213	9.521	6.820	115.747
411	60	255	574.400	734.917	28.385	10.149	7.527	86.582
412	34	255	1011.971	736.824	21.314	7.633	5.671	55.675
413	71	255	620.134	735.077	30.971	11.416	7.919	15.848
414	53	255	232.179	733.368	27.556	9.568	7.053	104.405
415	75	255	754.953	733.927	31.213	11.567	8.256	8.483
416	46	255	186.152	731.761	31.213	9.177	6.382	134.508
417	48	255	408.000	731.583	36.042	8.940	6.836	103.318
418	70	255	933.814	731.071	42.284	10.882	8.190	1.800
419	66	255	997.788	730.758	31.799	10.685	7.865	78.363
420	75	255	111.207	728.833	31.213	11.075	8.622	42.889
421	37	255	157.959	730.176	22.728	8.262	5.702	86.301
422	70	255	267.871	728.786	31.213	10.354	8.608	128.782
423	54	255	800.463	730.556	26.142	9.655	7.121	16.762
424	82	255	207.646	726.963	33.213	11.456	9.114	106.054
425	39	255	424.526	728.244	27.556	9.457	5.251	81.044
426	25	255	887.660	728.740	20.142	6.679	4.766	73.618
427	39	255	822.346	728.141	26.971	9.312	5.333	56.157
428	37	255	903.851	727.851	30.042	8.701	5.415	165.721
429	74	255	1113.203	726.270	32.627	11.957	7.880	95.112
430	54	255	59.204	726.148	27.213	10.111	6.800	128.592
431	41	255	245.085	725.134	27.799	11.241	4.644	70.279
432	40	255	628.550	726.425	26.728	9.276	5.491	86.876
433	39	255	766.731	726.474	26.385	8.898	5.581	35.958
434	52	255	1030.173	725.558	36.284	10.479	6.318	93.225
435	50	255	76.440	726.240	25.799	9.640	6.604	155.912
436	20	255	774.550	725.550	20.142	7.836	3.250	46.433
437	78	255	131.179	723.731	32.385	10.943	9.075	38.916
438	90	255	221.411	723.267	34.627	11.870	9.653	47.833
439	53	255	542.481	725.123	30.042	10.851	6.219	162.199
440	71	255	661.852	721.810	33.213	11.629	7.774	78.218
441	35	255	836.843	724.557	27.799	7.005	6.361	37.575
442	77	255	859.500	722.500	31.799	11.579	8.467	71.377
443	39	255	875.090	722.474	30.627	8.437	5.885	70.927
444	70	255	716.343	720.343	32.142	12.063	7.388	89.120
445	47	255	1219.649	721.670	31.213	8.801	6.800	48.884
446	41	255	392.207	721.134	29.213	8.660	6.028	69.295
447	58	255	699.586	720.431	32.627	8.868	8.327	99.855
448	73	255	1204.527	720.062	30.385	10.434	8.908	113.724
449	95	255	189.900	718.163	35.213	11.813	10.239	71.479
450	69	255	1163.935	719.007	29.799	10.214	8.601	90.960
451	55	255	638.009	718.427	26.385	9.541	7.340	49.866
452	40	255	744.900	718.775	24.385	8.731	5.833	136.403
453	53	255	954.991	716.179	39.456	9.586	7.039	115.717
454	48	255	1134.021	716.833	35.698	9.138	6.688	158.471
455	77	255	556.162	715.786	31.799	10.358	9.466	109.834
456	65	255	138.515	714.208	29.556	10.954	7.555	90.376
457	75	255	885.073	716.393	32.142	12.576	7.593	178.756
458	77	255	53.838	713.383	32.042	10.713	9.151	55.533
459	72	255	511.319	713.778	32.042	11.603	7.901	35.203
460	45	255	777.478	714.811	26.971	7.676	7.464	59.212
461	72	255	241.389	713.181	32.042	11.690	7.842	160.978
462	75	255	625.500	712.833	32.971	12.247	7.797	10.669
463	63	255	1070.500	711.024	38.870	9.412	8.522	15.294
464	59	255	1220.805	711.483	30.142	9.995	7.516	74.872
465	71	255	72.190	711.021	31.213	11.788	7.669	133.214
466	45	255	472.789	711.544	28.385	8.308	6.897	65.001
467	65	255	606.085	710.900	28.971	9.926	8.338	89.617
468	62	255	838.806	710.048	29.213	11.273	7.003	53.967
469	62	255	850.871	710.129	28.971	10.008	7.888	107.737
470	75	255	576.287	709.193	31.213	10.883	8.775	132.467
471	64	255	126.906	708.266	28.971	10.248	7.951	111.040
472	62	255	204.968	708.565	28.971	10.010	7.886	121.473
473	65	255	545.223	707.515	30.385	11.560	7.159	107.597
474	49	255	150.786	708.480	24.971	8.751	7.129	10.425
475	45	255	635.500	708.500	23.314	7.569	7.569	0.000
476	54	255	1148.741	707.481	34.627	11.295	6.087	46.008
477	105	255	385.386	705.043	36.627	12.519	10.679	57.277
478	45	255	491.856	707.922	27.799	10.862	5.275	10.665
479	48	255	405.979	705.667	28.385	9.134	6.691	163.883
480	57	255	534.553	704.272	28.142	10.392	6.984	91.414
481	36	255	310.694	703.750	26.627	7.746	5.917	138.002
482	52	255	657.673	702.135	42.042	9.919	6.675	103.719
483	68	255	722.000	703.544	29.799	10.278	8.424	31.438
484	60	255	646.200	702.917	28.971	8.858	8.624	103.296
485	42	255	739.452	703.357	22.971	8.064	6.631	115.835
486	55	255	191.682	702.700	26.728	9.740	7.190	169.196
487	32	255	921.969	702.812	20.728	7.010	5.812	44.040
488	94	255	558.968	699.500	34.870	11.653	10.271	161.255
489	70	255	754.571	701.514	32.142	11.973	7.444	0.282
490	57	255	791.746	700.149	34.627	9.458	7.674	136.266
491	40	255	901.700	701.825	30.627	10.010	5.088	164.665
492	94	255	49.947	697.543	35.213	11.889	10.067	92.845
493	3	255	217.500	703.500	6.243	3.385	1.128	0.000
494	49	255	633.071	700.194	26.142	9.417	6.625	38.514
495	57	255	220.588	698.868	33.456	11.426	6.352	173.616
496	66	255	815.803	699.061	28.971	10.763	7.808	20.015
497	68	255	66.118	697.221	29.556	10.326	8.385	82.705
498	65	255	302.500	696.592	29.213	9.476	8.734	67.300
499	71	255	359.697	695.796	30.385	10.435	8.663	66.945
500	23	255	476.891	698.283	16.728	6.015	4.869	170.444
501	88	255	1107.420	696.068	33.799	11.292	9.922	31.579
502	58	255	1207.983	696.707	27.556	9.050	8.160	106.942
503	45	255	780.944	695.722	31.213	8.535	6.713	109.821
504	50	255	887.940	694.580	35.456	8.783	7.248	148.523
505	80	255	1166.600	695.150	32.385	10.720	9.502	67.727
506	29	255	1221.672	695.431	34.627	7.670	4.814	93.878
507	52	255	684.115	695.962	39.799	10.562	6.269	1.176
508	40	255	273.850	694.450	26.971	9.051	5.627	40.795
509	74	255	395.716	692.203	31.799	11.570	8.144	87.699
510	66	255	436.545	693.439	28.971	10.350	8.119	136.185
511	74	255	576.622	693.135	31.213	11.148	8.452	176.370
512	50	255	343.560	690.680	27.799	10.737	5.929	59.683
513	53	255	622.104	690.802	34.042	10.867	6.210	149.004
514	41	255	827.183	691.305	30.627	10.214	5.111	101.582
515	44	255	912.091	690.614	27.556	8.899	6.296	124.221
516	39	255	465.885	690.859	40.042	7.473	6.645	151.706
517	56	255	839.482	689.054	34.042	11.319	6.299	80.719
518	25	255	595.940	690.900	22.971	7.536	4.224	43.417
519	76	255	477.513	688.303	31.799	10.517	9.201	118.794
520	50	255	705.900	689.320	34.627	11.617	5.480	147.312
521	36	255	927.250	689.389	22.971	7.342	6.243	39.026
522	39	255	101.654	687.987	23.213	7.882	6.300	40.441
523	35	255	756.186	688.671	20.728	7.449	5.983	108.257
524	61	255	1155.648	687.533	34.042	11.068	7.018	3.039
525	1	255	1150.500	690.500	2.828	1.128	1.128	0.000
526	1	255	1098.500	689.500	2.828	1.128	1.128	0.000
527	3	255	831.833	687.833	5.657	2.365	1.615	135.000
528	53	255	1098.594	684.575	30.971	9.367	7.205	169.175
529	46	255	331.565	684.478	25.556	9.810	5.970	16.531
530	59	255	503.805	682.890	30.627	8.907	8.434	162.869
531	52	255	560.288	683.788	33.213	10.180	6.504	129.239
532	14	255	1222.714	684.714	14.485	5.744	3.103	83.953
533	50	255	538.560	681.220	27.314	11.610	5.483	91.046
534	41	255	573.037	680.598	30.627	10.996	4.747	96.921
535	35	255	600.957	682.443	21.556	7.851	5.676	45.507
536	26	255	887.846	683.231	17.899	6.411	5.163	163.826
537	53	255	429.179	679.292	36.627	10.749	6.278	96.716
538	61	255	550.090	678.107	47.698	10.141	7.659	81.335
539	78	255	782.359	679.141	32.385	11.281	8.804	82.702
540	62	255	138.806	679.161	29.213	9.739	8.105	129.325
541	66	255	643.333	680.076	30.971	11.754	7.150	23.143
542	1	255	740.500	683.500	2.828	1.128	1.128	0.000
543	43	255	849.826	680.663	38.042	9.557	5.729	3.730
544	44	255	906.750	679.341	32.042	7.943	7.053	111.976
545	61	255	1014.418	680.631	29.556	11.554	6.722	13.990
546	37	255	300.365	679.176	22.385	8.467	5.564	28.875
547	50	255	677.460	679.500	26.971	10.216	6.232	18.279
548	41	255	738.476	679.280	28.042	8.625	6.052	0.379
549	70	255	345.014	676.286	32.385	12.195	7.308	86.411
550	46	255	628.348	677.457	36.870	9.593	6.106	156.851
551	80	255	725.700	675.750	32.971	12.431	8.194	89.484
552	52	255	808.115	676.577	35.113	11.205	5.909	104.467
553	70	255	275.243	675.871	33.213	10.283	8.667	106.269
554	47	255	760.840	676.968	30.627	9.034	6.624	37.160
555	52	255	472.558	674.135	25.556	8.918	7.424	95.642
556	32	255	795.438	673.500	26.971	7.636	5.335	89.267
557	64	255	85.016	672.875	28.385	10.059	8.101	82.117
558	72	255	408.819	674.306	32.385	12.258	7.479	16.737
559	45	255	492.678	673.611	27.213	11.086	5.169	147.590
560	37	255	660.392	674.608	21.556	8.119	5.802	45.001
561	27	255	994.278	675.278	19.314	6.366	5.400	152.877
562	39	255	1131.628	673.936	24.385	7.552	6.575	115.338
563	5	255	1136.100	676.700	7.657	3.144	2.025	108.435
564	1	255	576.500	676.500	2.828	1.128	1.128	0.000
565	49	255	1021.908	671.173	35.456	9.486	6.577	130.140
566	50	255	55.000	671.620	26.385	10.294	6.184	177.631
567	39	255	482.372	671.372	21.556	7.379	6.729	45.002
568	44	255	565.386	671.705	30.627	9.505	5.894	166.238
569	3	255	813.500	673.500	6.828	3.385	1.128	90.000
570	34	255	920.971	671.588	24.971	8.727	4.960	170.006
571	81	255	4.352	668.265	31.799	11.018	9.361	96.624
572	23	255	746.543	671.630	20.385	7.313	4.005	27.456
573	56	255	334.036	667.214	37.799	10.772	6.619	91.081
574	58	255	540.069	667.034	26.971	9.066	8.146	52.030
575	45	255	588.278	666.189	28.042	10.454	5.481	141.350
576	51	255	672.343	664.873	35.456	11.043	5.880	125.596
577	68	255	144.029	664.456	30.385	10.808	8.011	29.975
578	56	255	769.821	662.893	42.284	10.339	6.896	62.362
579	43	255	751.919	663.942	24.971	9.352	5.854	57.432
580	45	255	954.211	664.900	32.870	9.957	5.754	159.554
581	41	255	124.110	663.500	25.556	9.780	5.338	26.720
582	52	255	231.154	662.000	26.142	10.328	6.410	90.000
583	26	255	437.654	663.923	19.556	5.888	5.623	28.321
584	65	255	817.131	661.238	29.799	10.610	7.801	81.083
585	84	255	355.393	661.071	32.627	11.232	9.522	172.047
586	54	255	657.296	661.704	35.213	10.657	6.452	131.628
587	57	255	926.535	661.746	28.627	11.079	6.551	20.246
588	39	255	487.705	659.346	26.385	9.460	5.249	84.883
589	59	255	622.093	659.263	40.284	10.654	7.051	119.988
590	45	255	703.789	660.878	26.627	8.258	6.938	149.837
591	3	255	861.500	664.500	6.243	3.385	1.128	0.000
592	36	255	455.806	660.944	21.556	7.526	6.090	3.958
593	29	255	475.466	660.017	27.213	9.131	4.044	131.761
594	43	255	862.128	659.988	29.799	8.530	6.418	165.080
595	92	255	780.707	657.326	34.627	11.643	10.061	39.832
596	77	255	1019.695	658.721	31.799	12.354	7.936	152.013
597	1	255	1046.500	662.500	2.828	1.128	1.128	0.000
598	77	255	518.188	656.240	33.213	13.072	7.500	51.593
599	1	255	662.500	661.500	2.828	1.128	1.128	0.000
600	55	255	131.245	656.682	26.971	9.182	7.626	61.417
601	33	255	468.288	657.318	27.799	8.901	4.720	136.594
602	37	255	1044.500	657.338	25.556	7.427	6.343	16.856
603	69	255	1185.457	656.543	38.870	11.315	7.765	167.193
604	63	255	370.389	654.405	29.213	10.695	7.500	78.128
605	59	255	403.483	656.263	33.799	12.322	6.096	162.701
606	1	255	478.500	659.500	2.828	1.128	1.128	0.000
607	24	255	758.583	657.333	20.142	7.602	4.020	21.415
608	43	255	613.221	654.942	23.556	8.137	6.729	71.509
609	59	255	950.415	655.076	38.627	12.125	6.196	175.198
610	72	255	1057.042	653.250	30.385	10.819	8.474	87.568
611	56	255	734.196	653.000	27.799	9.709	7.344	62.311
612	55	255	8.027	652.082	27.456	10.135	6.910	36.306
613	64	255	30.328	650.922	30.971	12.771	6.381	105.207
614	57	255	199.412	652.307	36.627	8.953	8.106	99.744
615	66	255	114.848	651.348	29.556	9.367	8.971	106.869
616	46	255	146.326	651.413	30.284	8.900	6.581	45.256
617	42	255	848.286	651.905	36.870	7.557	7.076	169.605
618	38	255	461.632	650.447	24.971	7.112	6.803	54.325
619	47	255	500.181	650.096	25.556	8.679	6.895	85.935
620	80	255	986.237	649.975	42.870	10.822	9.412	26.916
621	37	255	634.905	650.176	24.971	6.982	6.748	35.008
622	2	255	469.000	652.500	4.243	2.257	1.128	0.000
623	31	255	587.339	649.403	20.971	6.501	6.072	46.339
624	61	255	601.057	648.959	30.627	9.980	7.782	4.211
625	30	255	764.600	649.733	20.971	6.901	5.535	65.218
626	22	255	974.000	650.318	16.728	5.832	4.803	160.361
627	58	255	914.586	647.034	27.556	10.263	7.195	85.219
628	41	255	132.646	645.890	26.971	11.103	4.702	113.396
629	68	255	650.750	645.926	30.971	10.727	8.071	65.849
630	80	255	63.600	645.325	32.385	11.148	9.137	161.072
631	65	255	479.792	644.823	30.627	10.921	7.578	123.043
632	69	255	717.022	643.935	32.042	11.777	7.460	114.214
633	2	255	1016.500	649.000	4.828	2.257	1.128	90.000
634	53	255	1174.123	646.047	37.456	9.602	7.028	8.915
635	46	255	456.652	644.978	38.284	10.682	5.483	140.788
636	57	255	469.500	643.535	27.799	9.150	7.932	121.741
637	48	255	814.646	644.021	36.627	9.710	6.294	5.752
638	45	255	878.967	644.211	34.870	8.643	6.629	148.521
639	37	255	1017.500	644.149	25.799	7.876	5.982	171.756
640	4	255	612.000	645.000	5.657	2.257	2.257	0.000
641	81	255	561.796	639.426	33.456	13.413	7.689	45.306
642	69	255	574.935	640.413	29.213	10.256	8.566	30.090
643	35	255	616.786	642.157	25.556	9.637	4.624	12.056
644	41	255	703.500	641.500	22.142	7.892	6.615	134.999
645	53	255	992.840	638.330	39.213	8.830	7.642	118.609
646	46	255	676.500	639.152	24.142	8.236	7.112	90.000
647	64	255	790.688	639.016	29.799	11.050	7.375	159.765
648	18	255	951.222	641.111	15.314	5.698	4.022	167.764
649	44	255	375.250	636.773	30.385	8.555	6.548	120.806
650	47	255	1007.777	636.011	30.385	8.807	6.795	66.223
651	25	255	1047.900	638.460	17.314	6.042	5.268	169.130
652	60	255	128.750	634.800	28.627	10.801	7.073	126.172
653	42	255	736.619	635.810	24.385	9.057	5.904	115.723
654	64	255	631.453	635.000	29.799	11.547	7.057	164.740
655	54	255	351.722	632.556	33.799	9.340	7.361	83.664
656	36	255	765.167	634.583	25.799	8.634	5.309	9.271
657	56	255	588.250	631.643	27.213	9.783	7.288	54.281
658	91	255	861.368	630.269	34.627	12.340	9.389	44.207
659	63	255	1031.897	631.246	29.213	9.701	8.268	70.667
660	79	255	193.386	629.918	32.627	11.212	8.972	7.302
661	6	255	476.000	633.500	7.657	3.385	2.257	90.000
662	1	255	822.500	633.500	2.828	1.128	1.128	0.000
663	42	255	455.976	629.143	24.385	9.681	5.524	43.515
664	51	255	616.382	627.892	32.627	10.169	6.385	102.349
665	58	255	821.690	627.483	32.042	11.757	6.281	39.472
666	48	255	72.958	628.625	24.728	8.975	6.810	151.464
667	54	255	488.704	627.889	26.971	10.097	6.810	39.631
668	62	255	689.919	627.339	31.456	11.470	6.882	4.474
669	38	255	141.026	626.237	27.799	8.312	5.821	168.401
670	1	255	144.500	629.500	2.828	1.128	1.128	0.000
671	42	255	574.548	626.452	23.799	8.864	6.033	23.593
672	51	255	1175.343	626.245	28.385	10.129	6.411	169.246
673	95	255	296.258	621.995	35.456	12.403	9.752	127.119
674	64	255	599.953	623.359	29.556	9.841	8.280	93.960
675	38	255	651.895	622.579	27.556	10.120	4.781	71.099
676	55	255	553.173	621.827	33.213	10.659	6.570	83.758
677	61	255	666.697	622.762	28.385	9.367	8.292	129.458
678	32	255	5.812	623.219	21.556	8.304	4.906	158.369
679	69	255	266.022	619.819	38.042	10.540	8.335	90.987
680	33	255	327.773	620.833	22.142	7.798	5.388	39.656
681	47	255	808.670	621.989	26.385	10.114	5.917	8.775
682	61	255	156.828	619.057	32.627	10.283	7.553	61.902
683	57	255	736.184	619.728	28.042	10.254	7.077	133.338
684	53	255	949.821	620.745	27.556	10.314	6.543	5.256
685	133	255	1096.244	616.801	42.870	13.512	12.532	4.024
686	62	255	225.387	617.871	39.698	10.550	7.483	149.858
687	48	255	371.396	618.771	24.971	9.246	6.610	109.695
688	42	255	132.738	618.738	28.971	8.558	6.249	8.149
689	57	255	242.728	618.184	29.213	11.287	6.430	169.207
690	39	255	117.859	616.628	22.142	7.972	6.229	103.240
691	47	255	354.372	617.415	24.385	8.313	7.199	177.220
692	28	255	635.786	618.679	20.385	8.143	4.378	20.103
693	59	255	707.669	615.551	36.284	10.108	7.432	100.524
694	40	255	694.725	614.875	32.042	7.747	6.574	155.464
695	40	255	960.550	615.400	22.142	7.800	6.529	149.097
696	58	255	765.931	613.086	28.385	11.171	6.611	58.497
697	29	255	1080.293	611.741	26.385	7.306	5.054	139.258
698	45	255	650.256	611.011	38.284	9.382	6.107	145.520
699	83	255	549.030	608.633	32.627	11.229	9.412	126.933
700	46	255	585.935	610.435	30.627	9.906	5.913	22.713
701	60	255	137.750	607.083	38.627	10.678	7.154	68.136
702	31	255	685.790	608.823	24.627	9.054	4.360	153.795
703	52	255	933.654	607.596	27.213	8.573	7.723	85.980
704	56	255	1170.018	607.946	28.385	10.304	6.920	144.500
705	75	255	747.553	606.420	33.799	12.510	7.633	24.047
706	25	255	126.620	607.380	18.142	7.116	4.473	23.601
707	51	255	311.402	606.676	25.556	9.266	7.008	6.204
708	44	255	900.886	606.545	28.385	8.999	6.226	174.379
709	76	255	251.474	602.934	32.971	12.522	7.727	94.920
710	50	255	728.920	604.420	36.042	10.426	6.106	54.123
711	54	255	921.778	604.630	31.213	10.802	6.365	20.759
712	29	255	642.845	604.776	18.142	6.548	5.639	144.550
713	77	255	711.162	603.500	31.213	11.136	8.804	4.043
714	44	255	159.727	601.227	31.799	8.976	6.241	107.790
715	53	255	530.632	601.443	30.042	12.428	5.430	44.919
716	50	255	632.240	601.380	33.456	11.191	5.689	134.703
717	84	255	674.167	601.440	34.627	11.521	9.283	86.980
718	52	255	852.269	603.308	26.385	9.893	6.692	163.086
719	66	255	1059.409	600.955	47.941	10.533	7.978	133.582
720	48	255	200.833	601.708	28.971	9.124	6.699	136.091
721	70	255	660.957	601.086	31.213	11.108	8.024	52.439
722	43	255	232.174	600.965	27.213	9.884	5.539	58.890
723	81	255	473.216	600.315	34.627	13.570	7.600	34.097
724	57	255	486.360	599.675	27.799	9.561	7.591	69.562
725	10	255	647.700	601.200	12.485	5.290	2.407	66.576
726	36	255	190.083	598.278	22.142	7.106	6.450	141.179
727	1	255	541.500	600.500	2.828	1.128	1.128	0.000
728	62	255	612.226	596.306	29.799	11.457	6.890	47.685
729	80	255	791.962	595.800	34.042	12.768	7.978	32.717
730	50	255	1079.760	596.960	24.971	8.784	7.247	42.364
731	47	255	147.287	596.287	27.213	9.703	6.167	157.233
732	53	255	177.387	595.557	26.142	9.718	6.944	73.103
733	28	255	329.000	596.143	22.142	6.744	5.286	108.049
734	44	255	545.023	596.273	31.456	9.997	5.604	173.717
735	56	255	914.429	595.375	27.556	10.024	7.113	11.311
736	46	255	42.696	594.783	26.142	11.030	5.310	160.610
737	85	255	317.512	592.382	33.799	11.255	9.616	88.407
738	62	255	744.532	593.726	40.042	9.697	8.141	60.147
739	52	255	302.500	592.769	36.284	12.068	5.486	37.442
740	40	255	622.575	591.025	25.556	9.346	5.450	74.437
741	51	255	213.029	589.108	34.042	8.720	7.447	141.401
742	30	255	990.933	588.967	25.799	8.151	4.686	127.553
743	70	255	339.429	588.543	30.627	10.933	8.152	143.594
744	55	255	936.009	588.427	26.385	9.541	7.340	49.866
745	67	255	543.396	586.067	29.799	10.508	8.118	116.126
746	56	255	596.018	586.375	27.556	9.529	7.482	80.377
747	65	255	637.454	586.485	28.385	9.341	8.860	144.604
748	49	255	675.194	586.745	26.627	9.760	6.392	139.224
749	53	255	406.198	587.123	26.728	10.606	6.362	174.538
750	65	255	472.392	585.146	29.213	10.770	7.684	130.809
751	84	255	1071.917	583.976	34.870	11.662	9.171	73.071
752	66	255	149.621	584.318	29.213	10.240	8.207	130.821
753	87	255	165.155	583.753	34.385	11.027	10.046	101.581
754	51	255	200.873	583.657	30.870	8.861	7.328	130.217
755	86	255	356.174	584.500	33.799	11.866	9.228	4.562
756	20	255	1159.400	586.550	19.556	6.641	3.834	147.672
757	50	255	531.360	583.400	26.385	9.221	6.904	117.055
758	56	255	841.625	582.321	28.627	11.367	6.273	54.713
759	35	255	1096.471	582.500	24.971	8.613	5.174	140.212
760	24	255	187.250	582.583	18.971	7.643	3.998	55.647
761	55	255	486.773	581.264	44.527	10.758	6.510	29.132
762	55	255	890.245	582.191	27.556	9.563	7.323	33.829
763	32	255	66.719	581.719	21.556	7.097	5.741	152.654
764	54	255	379.111	581.444	26.142	9.531	7.214	170.448
765	27	255	512.944	582.278	19.899	6.519	5.273	166.088
766	2	255	517.000	584.500	4.243	2.257	1.128	0.000
767	39	255	564.321	578.936	30.971	8.491	5.848	72.302
768	48	255	800.875	579.938	33.456	9.035	6.764	44.181
769	53	255	720.330	578.311	36.042	9.674	6.976	88.282
770	65	255	1020.685	579.192	29.213	9.747	8.491	76.351
771	50	255	1033.060	579.520	24.971	8.529	7.465	29.875
772	50	255	910.140	579.200	42.284	9.947	6.400	175.835
773	3	255	325.833	580.833	5.657	2.365	1.615	135.000
774	51	255	1060.304	576.696	36.627	10.905	5.955	75.426
775	41	255	325.476	576.085	29.213	9.330	5.595	133.870
776	41	255	1163.183	574.427	30.385	8.171	6.389	120.415
777	33	255	303.682	575.409	20.971	7.844	5.357	129.330
778	55	255	175.900	573.427	32.627	8.742	8.010	111.773
779	35	255	361.871	574.300	26.971	8.176	5.450	87.797
780	64	255	771.781	571.594	30.627	11.229	7.257	125.479
781	88	255	940.500	572.000	33.799	11.855	9.451	24.350
782	31	255	1044.629	573.823	22.971	7.337	5.380	20.512
783	51	255	542.735	570.873	26.728	9.036	7.186	97.937
784	29	255	999.224	570.707	25.213	6.639	5.562	148.916
785	65	255	644.885	568.485	29.799	11.109	7.450	77.624
786	61	255	739.352	567.959	39.456	11.670	6.655	97.010
787	100	255	204.890	567.960	35.799	12.247	10.396	15.477
788	47	255	474.819	568.798	25.556	8.417	7.110	87.651
789	67	255	575.873	568.963	32.627	12.127	7.035	10.070
790	38	255	606.553	569.026	27.213	8.149	5.937	169.904
791	47	255	674.309	567.202	27.213	9.585	6.243	37.342
792	38	255	871.684	567.921	28.385	8.524	5.676	121.089
793	46	255	923.217	568.326	28.385	8.245	7.103	27.715
794	49	255	167.112	566.602	27.213	10.889	5.729	151.704
795	53	255	319.896	565.877	26.385	9.084	7.429	130.736
796	21	255	502.310	567.024	19.314	6.470	4.133	117.666
797	2	255	525.000	570.500	4.243	2.257	1.128	0.000
798	38	255	529.316	568.079	29.556	9.935	4.870	6.012
799	46	255	1215.587	567.174	26.142	9.366	6.253	175.372
800	49	255	969.316	564.908	31.456	10.646	5.861	159.168
801	67	255	511.784	561.157	43.113	9.971	8.556	118.364
802	57	255	1050.096	562.202	38.042	9.636	7.532	130.743
803	59	255	51.076	563.042	28.385	10.477	7.170	166.138
804	20	255	335.850	563.400	17.314	6.546	3.890	50.485
805	32	255	365.469	562.625	22.971	8.588	4.744	74.446
806	2	255	514.000	566.500	4.243	2.257	1.128	0.000
807	53	255	628.009	562.160	26.385	8.514	7.926	113.130
808	35	255	133.586	563.414	22.728	9.084	4.906	175.801
809	65	255	561.638	560.977	29.213	10.870	7.614	52.696
810	92	255	817.163	559.870	34.627	11.982	9.776	69.531
811	35	255	993.443	561.986	28.627	7.817	5.701	121.090
812	1	255	1006.500	564.500	2.828	1.128	1.128	0.000
813	61	255	787.697	559.549	28.385	10.164	7.642	50.501
814	61	255	951.385	558.992	29.556	10.582	7.340	95.717
815	32	255	1008.031	560.094	27.456	7.850	5.190	165.835
816	41	255	1028.329	560.476	32.627	7.538	6.926	24.499
817	45	255	1079.389	559.878	30.627	9.117	6.285	176.289
818	46	255	432.739	556.457	27.799	9.603	6.099	68.986
819	53	255	854.783	555.972	42.527	10.165	6.638	27.431
820	63	255	575.865	554.611	40.284	11.402	7.035	105.850
821	1	255	611.500	559.500	2.828	1.128	1.128	0.000
822	43	255	615.756	556.663	26.971	9.793	5.591	10.620
823	35	255	757.186	556.614	21.556	7.988	5.579	179.425
824	54	255	893.889	554.778	29.213	10.234	6.718	71.165
825	33	255	830.015	556.136	27.213	9.375	4.482	4.878
826	54	255	190.556	552.833	26.971	10.783	6.376	114.913
827	57	255	591.430	553.553	27.799	10.436	6.954	130.966
828	46	255	1196.022	553.043	33.799	9.768	5.996	148.768
829	70	255	15.243	552.214	29.213	10.350	8.611	153.728
830	2	255	898.500	556.000	4.828	2.257	1.128	90.000
831	45	255	316.633	551.900	24.385	8.970	6.388	133.604
832	56	255	943.786	550.750	43.113	9.747	7.315	142.294
833	30	255	666.400	549.867	20.142	8.015	4.766	107.325
834	63	255	917.706	549.071	28.385	9.476	8.465	164.813
835	66	255	515.545	549.091	30.385	11.666	7.203	160.317
836	62	255	648.355	548.274	29.213	10.278	7.680	51.742
837	67	255	141.813	547.739	30.385	10.363	8.232	143.613
838	21	255	177.214	549.024	22.971	6.716	3.981	60.807
839	96	255	277.365	546.010	36.870	13.104	9.328	42.601
840	87	255	797.891	546.477	33.213	10.945	10.121	66.582
841	66	255	1088.788	547.091	29.213	9.218	9.116	117.786
842	56	255	1062.089	545.054	43.113	9.952	7.165	105.342
843	47	255	411.011	546.160	24.385	8.160	7.333	120.402
844	75	255	624.300	544.407	31.556	11.570	8.254	91.348
845	59	255	751.534	545.788	27.799	10.358	7.253	137.460
846	45	255	932.189	544.722	36.870	9.818	5.836	118.556
847	59	255	1213.686	544.432	38.870	9.087	8.267	51.757
848	63	255	71.008	544.389	29.213	10.475	7.658	153.031
849	51	255	684.088	545.794	28.971	11.123	5.838	166.654
850	72	255	703.014	543.750	30.627	10.961	8.364	140.067
851	68	255	332.324	542.353	31.799	11.623	7.449	75.385
852	29	255	447.741	543.672	21.556	6.752	5.469	121.221
853	41	255	776.061	544.524	30.627	10.061	5.189	14.463
854	105	255	222.538	541.081	37.799	11.994	11.146	69.102
855	51	255	726.402	542.363	25.556	9.350	6.945	76.745
856	55	255	856.009	542.500	26.627	8.940	7.833	51.278
857	69	255	1074.732	542.529	30.627	9.647	9.107	179.401
858	3	255	829.167	544.833	5.657	2.365	1.615	45.000
859	65	255	998.192	540.423	29.799	10.966	7.547	100.614
860	44	255	540.932	539.227	27.799	10.770	5.202	47.124
861	39	255	1021.654	541.013	29.799	8.157	6.088	178.573
862	98	255	1035.347	537.949	36.042	12.742	9.793	123.445
863	81	255	1199.722	539.500	31.799	11.106	9.286	172.690
864	49	255	389.929	538.929	24.971	8.231	7.580	93.563
865	23	255	828.239	539.848	18.728	5.682	5.154	60.166
866	72	255	587.250	536.917	31.213	11.242	8.154	129.735
867	42	255	613.238	537.905	31.456	9.335	5.728	101.125
868	68	255	44.235	535.397	31.213	12.147	7.128	58.938
869	46	255	316.261	536.217	29.799	8.078	7.251	52.699
870	62	255	554.887	536.129	28.971	10.341	7.634	71.507
871	1	255	536.500	539.500	2.828	1.128	1.128	0.000
872	45	255	813.256	535.900	36.042	9.139	6.269	12.635
873	48	255	364.312	534.521	29.213	8.541	7.155	70.720
874	54	255	421.926	533.481	25.799	8.875	7.747	60.812
875	59	255	789.161	533.686	28.627	10.042	7.480	150.243
876	10	255	271.200	535.200	11.314	3.975	3.203	135.000
877	38	255	600.132	532.026	31.213	7.758	6.237	112.711
878	7	255	617.929	535.214	9.657	4.154	2.146	81.650
879	34	255	837.412	533.706	22.971	7.841	5.521	165.287
880	38	255	114.368	532.079	23.799	7.772	6.225	61.138
881	48	255	952.938	532.812	26.142	10.651	5.738	172.172
882	49	255	353.418	530.847	26.385	9.979	6.252	154.235
883	51	255	373.931	530.951	36.870	8.426	7.707	34.210
884	58	255	678.569	530.155	29.213	10.938	6.751	121.180
885	51	255	907.598	530.578	26.385	8.872	7.319	38.475
886	70	255	523.300	528.914	29.799	10.479	8.505	60.899
887	14	255	665.000	530.429	13.899	4.828	3.692	55.427
888	53	255	149.745	526.387	25.556	9.345	7.221	179.261
889	63	255	330.913	525.563	32.385	10.622	7.551	6.335
890	51	255	827.559	525.912	25.799	8.643	7.513	141.020
891	42	255	725.643	524.833	33.456	9.643	5.545	53.686
892	64	255	55.844	524.328	28.971	10.498	7.762	20.740
893	71	255	310.739	522.993	31.213	10.314	8.765	39.149
894	50	255	1193.800	524.060	26.385	8.668	7.345	172.071
895	53	255	245.368	522.443	29.213	10.764	6.269	133.190
896	40	255	757.700	521.275	29.213	9.070	5.615	91.217
897	70	255	974.814	521.786	30.870	12.145	7.339	142.491
898	50	255	263.500	522.400	26.142	9.951	6.397	159.585
899	42	255	1053.571	522.238	29.799	9.256	5.777	29.263
900	48	255	376.833	521.500	24.385	9.184	6.655	157.937
901	34	255	563.559	521.412	24.385	8.263	5.239	1.871
902	2	255	761.500	524.000	4.828	2.257	1.128	90.000
903	46	255	355.630	518.630	32.627	7.972	7.347	55.759
904	49	255	398.276	518.296	31.456	10.804	5.775	49.385
905	54	255	494.222	519.148	28.971	8.909	7.718	48.074
906	31	255	897.113	519.081	26.385	6.580	5.998	86.964
907	36	255	345.167	519.167	28.042	7.948	5.767	11.693
908	89	255	368.421	515.522	41.456	13.319	8.508	94.600
909	74	255	622.581	517.811	40.870	10.319	9.131	73.278
910	3	255	921.167	522.167	5.657	2.365	1.615	135.000
911	33	255	933.318	519.894	25.556	6.890	6.098	15.591
912	64	255	1064.500	515.859	40.284	9.726	8.378	61.201
913	46	255	1166.500	518.000	24.142	8.798	6.657	115.971
914	54	255	908.500	515.093	43.113	10.816	6.357	40.448
915	38	255	920.474	516.263	28.142	8.600	5.626	35.568
916	77	255	779.903	514.305	32.627	11.903	8.237	50.216
917	36	255	1154.111	514.806	30.042	7.921	5.786	155.081
918	40	255	334.200	513.825	27.556	8.136	6.260	82.733
919	62	255	543.645	513.355	28.385	9.990	7.902	138.864
920	32	255	579.406	513.781	21.556	7.607	5.356	86.452
921	73	255	320.349	511.651	35.213	12.487	7.443	10.352
922	6	255	933.167	514.500	10.485	4.056	1.884	18.435
923	48	255	387.167	510.875	34.042	10.879	5.618	151.314
924	82	255	819.512	509.207	32.971	11.208	9.315	103.463
925	55	255	831.536	509.027	39.113	9.723	7.203	38.896
926	39	255	1089.038	509.859	31.799	8.248	6.021	112.888
927	45	255	445.589	510.500	29.213	8.209	6.979	164.924
928	51	255	702.284	510.049	25.556	8.512	7.629	53.810
929	1	255	1048.500	513.500	2.828	1.128	1.128	0.000
930	44	255	1033.114	509.364	28.971	7.658	7.315	178.805
931	45	255	1048.122	507.789	30.385	9.255	6.191	141.536
932	32	255	120.938	508.438	20.142	7.411	5.498	57.841
933	76	255	149.895	506.961	31.799	10.770	8.985	118.861
934	40	255	403.625	509.100	29.213	9.310	5.470	8.215
935	65	255	469.638	508.408	30.385	12.548	6.595	164.489
936	30	255	1177.067	508.833	19.314	6.503	5.874	22.455
937	31	255	343.694	507.113	22.971	7.475	5.280	51.024
938	81	255	165.216	505.364	32.627	11.536	8.940	168.996
939	51	255	420.578	505.441	27.799	9.277	7.000	161.680
940	86	255	1146.070	503.151	36.042	13.096	8.361	63.140
941	51	255	1165.853	504.559	25.799	8.996	7.218	60.808
942	74	255	133.176	502.365	31.556	11.648	8.089	97.430
943	61	255	652.861	502.467	28.627	11.096	6.999	145.086
944	67	255	749.799	501.918	45.113	9.950	8.574	103.393
945	49	255	795.561	503.296	24.971	9.420	6.623	163.913
946	89	255	984.882	501.624	33.799	11.257	10.067	85.238
947	77	255	1064.123	501.786	30.627	10.892	9.001	42.439
948	38	255	535.158	501.079	24.971	9.123	5.304	65.988
949	55	255	385.009	499.827	27.556	10.506	6.666	84.829
950	67	255	1079.619	499.634	39.113	10.291	8.289	99.918
951	1	255	398.500	503.500	2.828	1.128	1.128	0.000
952	65	255	330.700	498.654	29.556	10.673	7.754	132.441
953	28	255	448.857	500.536	20.385	8.145	4.377	21.082
954	88	255	550.250	497.011	35.213	11.666	9.604	88.077
955	82	255	591.110	497.890	33.456	12.038	8.673	146.279
956	2	255	864.000	502.500	4.243	2.257	1.128	0.000
957	26	255	394.885	499.038	18.142	6.434	5.145	43.081
958	1	255	400.500	501.500	2.828	1.128	1.128	0.000
959	42	255	945.381	496.095	30.971	8.331	6.419	122.612
960	1	255	946.500	501.500	2.828	1.128	1.128	0.000
961	28	255	1153.821	498.250	22.385	7.339	4.857	104.073
962	44	255	1180.341	497.727	24.142	8.113	6.905	173.915
963	65	255	471.208	495.685	29.799	10.127	8.172	18.323
964	45	255	454.122	493.033	34.870	9.341	6.134	55.512
965	36	255	686.694	495.194	22.971	8.145	5.627	37.337
966	37	255	776.770	496.014	23.556	7.740	6.086	150.082
967	45	255	172.167	492.900	24.385	9.623	5.954	43.047
968	61	255	1198.697	492.959	28.385	9.945	7.810	157.151
969	45	255	798.500	492.167	35.698	8.341	6.869	23.021
970	38	255	1012.763	490.237	26.385	8.463	5.717	82.772
971	70	255	184.971	489.043	32.385	12.393	7.192	108.954
972	33	255	829.833	490.409	22.971	7.592	5.534	92.791
973	42	255	485.452	490.881	31.799	9.663	5.534	16.703
974	1	255	917.500	493.500	2.828	1.128	1.128	0.000
975	69	255	1063.703	489.572	42.284	10.603	8.286	161.601
976	40	255	341.025	488.450	27.799	9.973	5.107	37.649
977	55	255	413.791	486.955	27.213	10.080	6.947	60.406
978	86	255	388.733	486.163	34.627	12.024	9.107	26.802
979	36	255	436.639	488.000	21.314	7.610	6.023	29.762
980	48	255	310.750	486.229	24.971	8.513	7.179	59.172
981	60	255	620.833	485.233	29.213	10.877	7.023	57.609
982	26	255	1174.038	486.846	23.556	6.439	5.141	158.129
983	31	255	1032.339	485.048	24.385	8.052	4.902	42.870
984	31	255	1151.468	486.242	20.728	7.658	5.154	20.784
985	89	255	636.961	481.983	34.627	11.401	9.940	105.252
986	42	255	956.238	484.738	26.971	10.136	5.276	157.289
987	60	255	700.533	482.633	40.284	11.734	6.510	7.669
988	56	255	991.893	482.554	42.870	8.716	8.180	77.397
989	4	255	1223.500	485.000	8.828	4.514	1.128	90.000
990	92	255	944.141	480.522	34.870	12.346	9.488	134.466
991	3	255	1076.833	484.167	5.657	2.365	1.615	45.000
992	50	255	1081.160	480.960	29.213	10.305	6.178	9.069
993	64	255	606.109	478.250	31.456	12.208	6.675	37.863
994	64	255	785.359	476.562	42.284	10.414	7.825	47.209
995	89	255	803.815	476.803	34.627	13.391	8.462	123.448
996	86	255	176.116	476.291	34.627	11.854	9.237	67.615
997	32	255	204.062	478.500	22.385	8.732	4.666	40.620
998	79	255	761.854	477.627	31.799	11.699	8.598	153.909
999	79	255	440.222	476.804	36.385	13.540	7.429	177.588
1000	93	255	1200.317	475.704	37.456	12.474	9.492	40.491
1001	43	255	320.616	474.826	26.142	9.935	5.511	82.125
1002	62	255	499.290	476.113	29.213	10.210	7.732	165.366
1003	41	255	1178.085	473.988	30.870	9.401	5.553	146.075
1004	75	255	468.447	471.380	30.627	10.489	9.105	87.095
1005	54	255	162.907	472.185	27.556	10.371	6.630	167.009
1006	29	255	628.983	473.121	21.556	6.932	5.327	34.258
1007	46	255	1061.152	472.391	26.971	9.223	6.350	29.930
1008	64	255	37.969	468.422	29.213	10.575	7.705	153.900
1009	37	255	1081.689	466.905	30.971	8.589	5.485	105.295
1010	46	255	773.283	468.413	33.213	9.323	6.282	30.719
1011	75	255	826.900	466.247	31.456	12.011	7.950	126.867
1012	42	255	621.381	464.786	30.627	10.361	5.161	92.288
1013	73	255	720.760	465.801	32.627	12.039	7.720	148.344
1014	57	255	792.570	466.096	32.042	8.870	8.182	111.973
1015	67	255	1071.201	465.172	29.799	10.933	7.803	78.614
1016	59	255	893.805	465.331	28.385	9.958	7.544	113.016
1017	72	255	641.292	464.611	36.042	12.572	7.292	23.837
1018	32	255	966.500	466.250	25.213	8.397	4.852	17.254
1019	60	255	740.450	463.317	30.042	11.413	6.694	147.386
1020	11	255	441.500	464.864	14.728	5.866	2.387	43.399
1021	75	255	655.340	460.287	51.941	10.690	8.933	93.538
1022	3	255	993.167	465.833	5.657	2.365	1.615	45.000
1023	55	255	1139.027	462.573	26.971	9.085	7.708	94.342
1024	48	255	1219.938	461.812	27.213	9.636	6.343	79.570
1025	84	255	264.810	460.643	33.213	12.154	8.800	125.938
1026	56	255	502.393	460.643	39.941	9.142	7.800	146.406
1027	67	255	781.336	460.619	30.142	11.447	7.452	89.944
1028	44	255	993.886	460.545	34.385	8.701	6.439	40.893
1029	24	255	1090.833	462.875	19.556	5.736	5.327	73.777
1030	51	255	150.559	460.343	25.556	8.878	7.314	112.778
1031	54	255	910.259	460.537	26.142	9.447	7.278	87.017
1032	77	255	1020.617	459.201	44.042	11.954	8.201	108.051
1033	37	255	445.473	460.824	23.556	7.860	5.994	15.378
1034	49	255	74.194	459.153	25.556	8.576	7.275	49.773
1035	81	255	590.574	457.698	32.627	11.207	9.202	24.711
1036	36	255	613.111	458.722	30.385	7.773	5.897	119.060
1037	77	255	481.721	457.838	32.385	12.638	7.758	9.839
1038	45	255	807.322	458.744	26.385	8.878	6.453	4.532
1039	57	255	733.342	455.851	26.971	9.643	7.526	153.319
1040	72	255	758.694	454.944	31.556	10.886	8.421	67.960
1041	93	255	164.113	452.737	34.627	12.119	9.770	105.622
1042	4	255	298.000	458.000	5.657	2.257	2.257	0.000
1043	44	255	1060.932	454.932	32.627	9.834	5.697	49.695
1044	77	255	433.032	453.201	31.799	10.517	9.322	150.341
1045	34	255	530.324	454.500	22.142	8.293	5.220	116.075
1046	58	255	364.241	452.966	27.556	9.673	7.634	145.056
1047	41	255	625.817	451.354	28.971	9.917	5.264	64.466
1048	62	255	1075.113	450.968	44.527	10.446	7.557	52.501
1049	73	255	455.555	451.103	30.971	10.267	9.053	75.931
1050	2	255	803.000	455.500	4.243	2.257	1.128	0.000
1051	70	255	745.886	450.671	30.385	9.704	9.185	24.411
1052	53	255	505.896	449.896	31.213	8.535	7.907	40.438
1053	75	255	768.473	448.687	31.213	10.613	8.998	104.566
1054	27	255	1190.204	451.019	22.971	6.802	5.054	95.307
1055	39	255	91.910	449.295	23.799	8.081	6.145	178.616
1056	47	255	709.628	448.011	26.385	10.282	5.820	60.957
1057	42	255	328.048	447.190	24.971	7.646	6.994	6.892
1058	94	255	977.500	444.979	36.042	11.840	10.109	99.799
1059	54	255	376.833	446.481	26.385	9.640	7.132	172.101
1060	62	255	402.371	444.871	29.213	9.450	8.353	36.537
1061	44	255	543.295	444.614	30.627	8.084	6.930	129.099
1062	58	255	730.293	444.810	28.385	9.680	7.629	125.498
1063	94	255	995.840	443.372	35.456	12.682	9.437	144.853
1064	43	255	1173.314	443.640	33.799	8.428	6.496	128.210
1065	62	255	5.323	444.274	28.385	9.792	8.062	177.902
1066	52	255	48.654	442.615	28.385	10.796	6.133	110.343
1067	55	255	473.155	442.064	34.042	11.417	6.134	89.245
1068	52	255	613.269	443.308	25.556	9.060	7.308	92.595
1069	35	255	809.100	444.071	27.799	8.719	5.111	113.717
1070	69	255	845.486	443.457	30.385	10.448	8.409	52.167
1071	47	255	781.926	443.670	24.142	8.190	7.307	170.877
1072	75	255	304.393	440.273	32.627	10.812	8.832	73.363
1073	41	255	1016.402	442.085	33.213	9.898	5.274	151.378
1074	90	255	1062.511	440.144	34.385	12.332	9.292	82.030
1075	51	255	368.500	440.500	24.971	8.987	7.226	90.000
1076	55	255	591.845	440.427	26.971	10.212	6.858	123.787
1077	44	255	1043.727	441.364	25.799	8.130	6.891	52.157
1078	84	255	1082.179	439.655	33.213	12.149	8.803	52.845
1079	42	255	191.786	440.738	23.556	8.329	6.420	27.705
1080	36	255	801.694	437.944	26.142	9.974	4.595	117.237
1081	60	255	922.750	439.417	39.456	10.117	7.551	152.658
1082	2	255	1021.500	443.000	4.828	2.257	1.128	90.000
1083	65	255	1108.115	439.469	29.799	10.860	7.621	36.372
1084	29	255	177.293	439.121	22.385	7.891	4.679	68.645
1085	85	255	221.394	437.794	33.213	10.879	9.948	162.903
1086	68	255	349.824	437.294	29.799	10.818	8.003	151.894
1087	62	255	1184.871	437.113	30.627	11.641	6.781	40.704
1088	44	255	1036.136	437.818	24.142	9.148	6.124	147.837
1089	39	255	497.449	436.782	23.556	9.043	5.491	179.377
1090	63	255	633.437	435.151	28.142	9.444	8.494	171.987
1091	2	255	739.500	438.000	4.828	2.257	1.128	90.000
1092	64	255	767.594	435.422	48.042	12.091	6.740	176.477
1093	69	255	420.210	434.529	30.971	11.781	7.457	179.148
1094	60	255	578.633	432.083	28.385	9.907	7.711	147.017
1095	78	255	987.974	432.141	32.042	11.137	8.917	43.249
1096	40	255	872.775	431.675	33.213	9.251	5.505	71.652
1097	84	255	517.595	429.857	33.213	11.096	9.638	39.993
1098	33	255	787.106	431.439	22.142	7.105	5.913	112.245
1099	51	255	166.931	431.108	25.556	10.254	6.332	177.724
1100	51	255	661.284	430.186	27.213	9.841	6.598	34.762
1101	76	255	1019.500	429.000	30.971	10.502	9.214	80.410
1102	35	255	549.500	430.071	24.971	7.805	5.709	172.527
1103	72	255	388.361	426.583	32.971	12.196	7.517	67.273
1104	88	255	432.795	426.398	36.042	11.610	9.651	67.538
1105	34	255	1092.765	427.029	26.971	9.337	4.636	115.372
1106	57	255	54.447	426.816	29.213	9.127	7.951	146.363
1107	38	255	690.263	428.000	23.556	8.904	5.434	15.835
1108	54	255	321.407	426.148	26.971	10.296	6.678	168.436
1109	84	255	446.667	423.786	35.213	12.731	8.401	77.280
1110	56	255	490.554	425.589	31.456	10.941	6.517	135.028
1111	75	255	124.913	423.727	32.042	11.109	8.596	43.192
1112	41	255	155.573	425.817	28.385	9.394	5.557	7.897
1113	40	255	190.025	425.325	24.971	9.043	5.632	14.837
1114	50	255	224.840	424.820	26.042	9.652	6.595	137.547
1115	40	255	830.350	425.225	23.556	8.805	5.784	51.332
1116	57	255	363.939	423.693	28.042	11.202	6.478	141.415
1117	72	255	770.042	423.403	29.799	10.698	8.569	151.497
1118	51	255	343.324	423.284	29.799	9.268	7.006	17.637
1119	35	255	398.986	423.300	22.971	8.770	5.082	114.998
1120	55	255	472.118	422.482	26.971	9.841	7.116	52.912
1121	4	255	551.000	426.000	5.657	2.257	2.257	0.000
1122	50	255	600.280	421.440	26.385	9.859	6.457	6.900
1123	42	255	1006.024	421.857	25.799	9.769	5.474	24.143
1124	53	255	632.443	419.934	36.042	10.292	6.557	30.349
1125	23	255	647.587	420.587	17.314	6.154	4.758	60.705
1126	43	255	937.686	417.919	39.698	8.487	6.451	59.258
1127	47	255	164.266	419.436	30.971	11.310	5.291	27.721
1128	53	255	745.840	418.632	26.385	8.757	7.706	98.302
1129	45	255	176.322	417.833	23.556	8.172	7.011	79.961
1130	80	255	672.438	417.113	32.385	11.952	8.522	163.772
1131	24	255	458.875	417.208	37.456	6.525	4.683	93.675
1132	61	255	1078.434	417.336	46.284	10.534	7.373	172.785
1133	38	255	420.842	415.289	23.799	7.763	6.233	101.208
1134	50	255	925.940	415.240	31.556	10.242	6.216	93.166
1135	51	255	993.402	414.441	37.456	9.048	7.177	102.033
1136	59	255	1211.364	414.331	44.870	8.952	8.391	97.823
1137	62	255	213.919	414.661	28.385	10.497	7.520	160.773
1138	32	255	528.000	415.938	24.627	8.129	5.012	173.422
1139	64	255	377.375	414.734	30.142	11.691	6.970	175.554
1140	32	255	518.656	413.438	24.385	8.243	4.943	114.909
1141	53	255	873.104	413.368	32.870	9.251	7.295	139.660
1142	81	255	64.377	411.414	37.213	10.998	9.378	86.996
1143	43	255	187.709	413.081	24.728	9.230	5.932	61.901
1144	12	255	968.667	415.000	15.899	6.071	2.517	1.995
1145	54	255	136.870	411.130	30.971	10.275	6.691	162.591
1146	43	255	395.616	410.919	30.627	8.176	6.697	102.216
1147	49	255	408.622	410.235	25.556	9.356	6.668	75.202
1148	48	255	478.979	411.062	30.385	9.160	6.672	2.224
1149	48	255	656.958	411.688	31.456	9.960	6.136	11.470
1150	39	255	784.474	411.679	24.971	7.776	6.385	165.226
1151	40	255	849.175	411.500	23.556	7.753	6.569	11.909
1152	68	255	835.382	408.132	31.456	12.257	7.064	119.382
1153	45	255	970.211	409.056	27.799	9.614	5.959	146.933
1154	12	255	984.667	411.500	13.899	4.691	3.257	0.000
1155	45	255	638.633	408.567	24.142	7.852	7.297	163.947
1156	49	255	723.704	407.704	38.870	8.643	7.218	179.975
1157	15	255	1006.100	408.900	13.071	4.659	4.099	45.001
1158	61	255	1118.844	404.631	43.698	10.300	7.540	115.636
1159	68	255	1029.676	404.956	30.385	11.069	7.822	122.151
1160	66	255	550.030	403.197	29.799	10.609	7.921	90.655
1161	45	255	588.056	404.589	27.799	7.806	7.340	45.709
1162	53	255	755.104	404.764	26.385	9.966	6.771	129.307
1163	3	255	417.167	407.167	5.657	2.365	1.615	135.000
1164	53	255	687.406	403.368	25.556	9.251	7.294	81.242
1165	13	255	847.731	406.038	18.142	6.374	2.597	168.103
1166	56	255	893.500	402.536	29.799	11.227	6.351	99.450
1167	72	255	107.097	400.931	32.971	13.081	7.008	106.624
1168	46	255	216.630	401.630	27.799	10.267	5.705	69.603
1169	2	255	655.000	406.500	4.243	2.257	1.128	0.000
1170	90	255	863.611	402.222	33.799	11.034	10.385	2.016
1171	38	255	207.342	401.658	24.385	8.805	5.495	106.221
1172	47	255	369.628	401.245	30.385	8.664	6.907	96.864
1173	28	255	415.679	402.821	20.971	6.383	5.585	21.202
1174	28	255	986.571	402.214	32.870	8.199	4.348	90.160
1175	53	255	334.443	401.066	25.799	9.486	7.114	149.345
1176	54	255	923.315	400.833	26.385	9.586	7.173	35.274
1177	41	255	226.207	399.890	24.385	8.676	6.017	50.813
1178	62	255	525.435	399.855	30.385	10.494	7.523	30.298
1179	50	255	316.640	398.260	36.627	8.666	7.346	76.465
1180	44	255	381.182	397.000	31.799	8.266	6.777	80.968
1181	51	255	392.343	397.363	30.042	9.108	7.130	80.610
1182	55	255	964.682	396.336	41.941	10.649	6.576	148.157
1183	30	255	659.400	398.433	22.728	8.340	4.580	12.069
1184	28	255	1019.500	398.179	24.385	7.136	4.996	3.934
1185	50	255	197.400	396.120	24.728	8.586	7.415	74.753
1186	49	255	425.173	395.643	34.627	8.739	7.139	29.715
1187	53	255	1145.613	394.557	27.799	9.420	7.164	72.602
1188	46	255	14.174	394.174	24.385	9.607	6.096	135.000
1189	44	255	406.091	394.159	23.899	8.525	6.572	88.032
1190	2	255	666.500	397.000	4.828	2.257	1.128	90.000
1191	30	255	668.333	393.433	24.142	8.210	4.653	41.061
1192	35	255	999.557	393.386	23.556	8.197	5.436	74.018
1193	43	255	797.291	391.105	27.799	8.596	6.369	80.125
1194	46	255	1047.239	390.870	30.385	9.177	6.382	62.829
1195	40	255	709.075	391.125	22.971	7.754	6.568	179.516
1196	57	255	119.886	388.605	27.799	8.752	8.292	53.011
1197	21	255	703.357	388.071	22.385	6.863	3.896	122.475
1198	69	255	975.442	386.239	32.627	11.737	7.485	110.534
1199	56	255	374.768	387.071	26.971	9.499	7.506	162.186
1200	65	255	573.531	385.931	29.213	9.626	8.598	135.000
1201	44	255	417.455	386.523	30.385	7.629	7.343	171.590
1202	53	255	1013.877	385.028	30.627	8.450	7.986	5.065
1203	60	255	30.933	384.183	29.799	9.834	7.768	68.909
1204	40	255	392.825	385.850	31.799	9.764	5.216	167.154
1205	86	255	443.233	383.698	33.213	11.811	9.271	117.813
1206	54	255	220.944	382.944	28.385	10.685	6.435	61.299
1207	38	255	963.263	385.053	23.799	8.764	5.521	9.697
1208	72	255	1066.472	382.125	43.456	10.652	8.606	99.287
1209	30	255	654.000	384.000	18.728	6.547	5.834	149.036
1210	53	255	836.406	380.632	36.042	11.723	5.756	129.511
1211	56	255	673.661	381.768	31.213	8.988	7.933	148.731
1212	55	255	308.791	379.991	28.142	10.715	6.536	75.812
1213	52	255	859.577	381.077	38.284	8.917	7.425	138.001
1214	57	255	800.500	380.500	27.314	9.758	7.438	7.210
1215	8	255	955.625	381.875	13.314	5.743	1.774	52.280
1216	36	255	492.583	379.194	27.213	7.306	6.274	160.151
1217	46	255	789.500	379.087	24.142	8.541	6.857	68.343
1218	83	255	375.199	375.042	32.627	11.513	9.179	147.922
1219	25	255	391.820	377.020	17.556	6.439	4.943	41.703
1220	59	255	562.975	375.568	26.971	9.051	8.300	82.725
1221	2	255	956.500	379.000	4.828	2.257	1.128	90.000
1222	44	255	406.409	375.614	34.627	10.301	5.438	176.657
1223	84	255	852.155	372.619	33.799	12.492	8.562	106.123
1224	59	255	1161.008	372.602	42.284	10.099	7.438	95.051
1225	68	255	101.882	372.132	29.799	10.426	8.305	9.697
1226	41	255	710.841	372.695	30.627	7.514	6.948	46.423
1227	25	255	551.660	373.100	19.556	7.276	4.375	6.480
1228	26	255	1.731	370.615	19.899	8.131	4.071	97.775
1229	50	255	505.080	370.220	33.213	8.666	7.346	54.153
1230	96	255	685.229	369.146	35.799	12.199	10.019	104.932
1231	38	255	986.342	371.921	25.556	8.273	5.848	146.991
1232	47	255	419.968	370.245	30.627	7.894	7.580	167.691
1233	46	255	740.087	368.870	36.042	8.739	6.702	95.379
1234	79	255	769.437	369.968	32.728	11.803	8.522	177.826
1235	53	255	22.387	368.745	26.971	10.106	6.678	33.674
1236	57	255	220.588	368.079	28.042	10.246	7.084	133.676
1237	63	255	828.563	367.706	30.042	9.534	8.414	119.283
1238	82	255	303.134	366.671	32.627	10.300	10.136	14.069
1239	67	255	803.813	365.724	46.527	9.284	9.189	100.125
1240	39	255	969.628	369.038	23.556	7.788	6.376	6.991
1241	85	255	353.347	365.053	34.042	11.476	9.431	146.194
1242	40	255	465.350	367.275	25.556	8.133	6.262	41.749
1243	65	255	536.731	365.069	30.142	11.281	7.336	91.409
1244	51	255	1073.833	366.853	24.971	8.138	7.980	156.731
1245	48	255	839.917	366.083	24.971	8.573	7.128	154.246
1246	61	255	150.730	364.090	27.799	9.445	8.223	30.708
1247	76	255	668.158	362.224	33.213	12.339	7.842	73.938
1248	45	255	702.256	364.056	35.456	8.761	6.540	49.372
1249	54	255	926.500	363.870	26.385	8.499	8.089	0.000
1250	69	255	437.616	361.370	30.042	11.293	7.779	59.643
1251	37	255	590.095	362.176	24.971	9.763	4.825	117.201
1252	39	255	815.295	362.654	25.556	7.822	6.348	142.692
1253	30	255	914.733	362.567	22.142	7.884	4.845	76.460
1254	78	255	618.167	362.192	33.213	12.172	8.159	172.756
1255	56	255	892.786	359.964	27.213	10.050	7.095	109.435
1256	87	255	285.730	358.489	33.799	12.636	8.767	21.700
1257	25	255	936.900	358.980	21.556	6.535	4.871	63.738
1258	91	255	784.489	355.819	34.385	12.182	9.511	86.157
1259	30	255	967.433	357.933	21.799	7.361	5.189	173.658
1260	76	255	421.684	355.763	32.385	10.583	9.144	171.217
1261	53	255	47.443	355.198	25.556	9.503	7.101	175.784
1262	57	255	101.711	354.570	27.556	9.645	7.524	159.950
1263	30	255	554.867	354.700	24.142	7.819	4.885	57.680
1264	25	255	841.020	355.180	18.142	6.000	5.305	34.357
1265	29	255	1122.914	355.224	18.728	6.304	5.857	29.350
1266	43	255	676.547	352.849	29.213	10.264	5.334	58.756
1267	69	255	951.804	352.457	30.385	9.647	9.107	5.072
1268	43	255	13.151	351.314	24.971	9.955	5.500	111.136
1269	48	255	257.167	351.604	28.627	10.211	5.985	150.897
1270	28	255	388.929	352.357	19.556	6.352	5.613	35.308
1271	64	255	921.000	350.047	36.627	10.733	7.592	137.335
1272	48	255	989.729	351.979	34.870	8.666	7.052	169.116
1273	80	255	1016.263	351.362	31.799	11.179	9.111	177.128
1274	56	255	23.214	350.179	26.385	8.969	7.950	78.667
1275	7	255	671.500	352.786	10.485	4.566	1.952	56.599
1276	46	255	812.087	351.391	24.142	8.749	6.694	28.467
1277	7	255	925.071	353.786	9.899	3.855	2.312	149.036
1278	33	255	1077.288	351.833	26.385	7.343	5.722	70.171
1279	37	255	535.500	351.095	26.971	10.040	4.692	160.506
1280	28	255	568.000	351.143	18.728	7.022	5.077	146.252
1281	58	255	797.552	349.224	38.042	9.031	8.177	164.522
1282	35	255	181.014	349.814	21.556	6.975	6.389	56.086
1283	68	255	652.868	347.779	30.385	10.531	8.222	69.420
1284	39	255	460.808	348.449	27.213	8.609	5.768	1.777
1285	4	255	687.000	350.250	8.485	2.887	1.764	104.872
1286	2	255	905.500	351.000	4.828	2.257	1.128	90.000
1287	35	255	908.271	346.957	25.556	7.985	5.581	82.406
1288	83	255	971.813	347.801	34.042	12.654	8.351	18.270
1289	1	255	1064.500	351.500	2.828	1.128	1.128	0.000
1290	44	255	171.932	345.182	24.142	9.040	6.197	101.077
1291	83	255	204.801	344.343	32.627	10.753	9.827	93.486
1292	43	255	337.919	346.244	27.556	9.474	5.779	144.849
1293	24	255	660.667	347.125	20.971	5.995	5.097	167.991
1294	44	255	822.705	346.023	23.556	8.211	6.823	65.151
1295	40	255	1067.250	346.375	28.627	8.495	5.995	160.510
1296	34	255	1156.588	345.706	24.385	7.739	5.594	61.288
1297	70	255	941.243	343.757	29.799	9.962	8.946	110.780
1298	1	255	342.500	347.500	2.828	1.128	1.128	0.000
1299	35	255	425.214	344.300	22.142	7.923	5.625	106.076
1300	71	255	252.430	342.148	30.971	10.830	8.347	0.865
1301	34	255	581.529	341.647	32.385	8.156	5.308	89.561
1302	39	255	833.218	342.833	28.627	7.862	6.316	151.125
1303	56	255	546.661	340.411	27.213	9.842	7.245	48.078
1304	85	255	625.582	339.629	33.213	11.322	9.559	69.225
1305	24	255	955.167	342.083	21.556	6.746	4.530	53.045
1306	31	255	514.048	340.726	24.385	7.458	5.292	170.668
1307	9	255	595.611	342.611	10.485	3.923	2.921	11.981
1308	3	255	663.167	342.500	7.657	3.213	1.189	61.845
1309	40	255	789.475	340.150	28.385	7.449	6.837	122.981
1310	62	255	673.000	338.629	28.142	9.472	8.335	90.000
1311	65	255	895.608	339.515	29.556	11.598	7.135	170.169
1312	33	255	559.015	338.773	20.728	6.996	6.006	119.213
1313	56	255	1142.768	336.482	43.698	10.440	6.830	136.329
1314	62	255	455.726	336.452	28.385	9.245	8.538	30.524
1315	45	255	727.589	335.989	34.627	8.343	6.867	109.508
1316	2	255	1222.500	340.000	4.828	2.257	1.128	90.000
1317	77	255	1062.942	335.357	30.971	10.598	9.251	5.699
1318	44	255	297.023	335.341	24.142	8.213	6.822	171.856
1319	79	255	423.500	333.918	33.213	12.451	8.078	142.375
1320	45	255	919.967	334.167	24.385	8.766	6.536	46.374
1321	3	255	1155.167	337.167	5.657	2.365	1.615	135.000
1322	41	255	408.695	331.939	29.556	9.288	5.621	52.678
1323	62	255	322.871	330.419	43.355	10.833	7.287	137.097
1324	54	255	377.870	331.407	26.385	9.934	6.921	57.422
1325	55	255	798.773	328.791	31.799	11.942	5.864	96.856
1326	3	255	802.167	334.500	7.657	3.213	1.189	118.155
1327	50	255	878.020	331.260	32.627	8.705	7.313	139.889
1328	37	255	974.419	331.527	30.627	8.836	5.331	119.195
1329	78	255	145.372	330.000	31.213	10.165	9.770	123.838
1330	83	255	263.741	329.355	33.456	11.289	9.361	139.223
1331	1	255	964.500	334.500	2.828	1.128	1.128	0.000
1332	35	255	966.900	328.900	29.556	7.900	5.641	64.476
1333	74	255	849.284	328.000	30.971	10.539	8.940	90.000
1334	56	255	940.714	328.696	43.941	9.316	7.654	120.366
1335	74	255	164.946	327.405	30.385	11.332	8.314	146.441
1336	45	255	929.144	326.567	26.385	8.239	6.955	17.847
1337	2	255	1218.000	330.000	5.657	2.596	0.981	45.000
1338	51	255	501.167	325.598	24.971	8.998	7.216	81.656
1339	67	255	548.918	326.142	29.556	10.332	8.257	163.348
1340	67	255	901.052	326.052	29.556	10.407	8.197	9.914
1341	35	255	1220.814	325.529	26.385	7.686	5.798	174.145
1342	3	255	621.500	327.500	6.243	3.385	1.128	0.000
1343	52	255	234.558	322.481	26.142	9.795	6.760	71.910
1344	58	255	342.897	322.172	26.971	9.104	8.112	71.967
1345	78	255	684.385	323.013	32.142	11.575	8.580	179.734
1346	34	255	622.088	322.471	22.142	7.032	6.156	125.307
1347	94	255	761.128	320.223	36.042	12.495	9.578	119.363
1348	81	255	1005.611	321.352	32.971	11.123	9.272	164.940
1349	80	255	438.562	320.525	31.799	11.133	9.150	17.384
1350	3	255	0.500	322.500	6.828	3.385	1.128	90.000
1351	34	255	1064.765	318.559	22.142	8.042	5.383	68.093
1352	71	255	570.528	317.063	29.799	10.211	8.853	60.413
1353	1	255	472.500	320.500	2.828	1.128	1.128	0.000
1354	52	255	526.385	316.288	26.385	9.338	7.090	63.857
1355	72	255	581.208	316.250	30.971	10.359	8.849	107.578
1356	54	255	612.667	316.426	27.556	9.132	7.529	90.811
1357	56	255	173.857	315.429	27.556	9.593	7.433	100.901
1358	56	255	861.786	313.946	42.042	9.426	7.564	85.273
1359	26	255	890.038	317.115	19.556	6.610	5.008	49.927
1360	74	255	925.757	313.095	31.456	11.869	7.938	131.754
1361	48	255	783.042	313.875	38.870	9.113	6.706	162.891
1362	26	255	982.769	313.962	20.971	7.376	4.488	91.113
1363	1	255	125.500	316.500	2.828	1.128	1.128	0.000
1364	42	255	416.000	312.595	30.042	8.556	6.250	37.754
1365	40	255	704.850	311.775	29.799	7.801	6.529	70.670
1366	5	255	839.500	316.300	11.071	4.839	1.316	11.749
1367	58	255	875.879	312.569	28.142	10.082	7.325	11.110
1368	3	255	1211.500	315.500	6.243	3.385	1.128	0.000
1369	38	255	1211.263	310.421	30.627	8.625	5.610	156.063
1370	65	255	425.792	309.577	30.385	11.973	6.912	39.841
1371	19	255	1169.237	311.868	15.314	5.184	4.666	17.496
1372	58	255	191.776	307.862	28.385	9.616	7.680	75.995
1373	83	255	1006.235	308.018	34.627	13.150	8.036	26.311
1374	61	255	907.320	308.074	27.556	9.366	8.293	157.700
1375	69	255	948.645	307.500	30.042	10.289	8.539	0.000
1376	42	255	589.738	307.643	23.556	8.992	5.947	8.261
1377	82	255	774.232	304.280	34.870	12.651	8.253	148.294
1378	45	255	842.922	304.967	38.284	7.895	7.257	97.938
1379	75	255	344.153	303.113	31.799	10.514	9.083	49.056
1380	50	255	831.800	302.460	43.698	8.983	7.087	89.738
1381	31	255	898.597	303.984	43.698	6.521	6.053	71.707
1382	72	255	455.611	301.708	30.971	10.549	8.690	58.193
1383	50	255	570.660	303.360	25.556	8.396	7.583	21.305
1384	75	255	962.833	301.900	31.213	11.673	8.181	46.861
1385	40	255	819.575	301.425	34.385	9.064	5.619	89.924
1386	54	255	936.444	300.926	45.698	10.350	6.643	83.774
1387	79	255	976.487	300.475	32.385	11.536	8.719	72.268
1388	67	255	100.082	300.336	30.142	10.724	7.955	0.882
1389	34	255	550.559	298.971	23.556	8.755	4.944	83.331
1390	32	255	559.531	300.062	24.971	9.202	4.428	76.983
1391	76	255	435.553	295.461	31.799	10.974	8.818	105.174
1392	44	255	610.477	297.000	27.799	7.887	7.103	87.480
1393	36	255	889.583	295.917	24.971	7.982	5.743	0.551
1394	58	255	358.569	293.638	27.799	9.744	7.579	41.546
1395	73	255	579.541	292.212	32.971	12.704	7.316	91.593
1396	82	255	592.232	291.829	33.799	13.005	8.028	98.527
1397	68	255	756.088	292.706	32.042	12.080	7.167	49.529
1398	33	255	397.985	294.167	23.556	9.086	4.624	1.335
1399	44	255	623.386	292.455	28.627	10.487	5.342	134.615
1400	68	255	637.721	290.382	47.113	10.872	7.964	68.259
1401	25	255	903.100	293.100	34.870	6.909	4.607	153.435
1402	60	255	410.233	291.100	27.799	10.144	7.531	72.513
1403	3	255	1203.500	294.167	7.071	3.213	1.189	28.155
1404	53	255	984.877	288.274	39.456	9.156	7.370	74.638
1405	63	255	77.754	287.500	29.799	10.117	7.929	80.444
1406	38	255	518.395	288.553	22.385	7.267	6.658	151.805
1407	43	255	1203.430	287.500	26.142	7.722	7.090	173.688
1408	39	255	121.346	285.628	29.556	9.455	5.252	129.801
1409	43	255	213.872	286.291	25.213	9.842	5.563	54.046
1410	74	255	563.622	286.811	31.799	10.703	8.803	0.067
1411	54	255	375.296	284.907	27.799	9.584	7.174	72.910
1412	45	255	426.433	284.967	25.799	9.583	5.979	68.924
1413	72	255	894.708	285.194	30.971	10.394	8.820	12.151
1414	99	255	909.106	284.328	36.042	11.485	10.976	138.021
1415	61	255	802.500	282.500	28.971	11.587	6.703	72.231
1416	49	255	689.276	282.500	31.213	9.363	6.663	24.074
1417	60	255	719.433	280.550	32.627	9.345	8.175	148.003
1418	41	255	288.695	281.744	25.556	10.418	5.011	155.472
1419	53	255	355.745	281.047	26.142	8.591	7.855	51.595
1420	75	255	394.220	280.967	31.799	11.603	8.230	175.270
1421	46	255	449.174	280.957	30.627	8.063	7.263	135.494
1422	79	255	816.905	280.310	31.799	10.125	9.934	124.134
1423	50	255	621.820	279.000	27.556	10.576	6.020	93.021
1424	76	255	439.237	277.855	32.042	11.569	8.364	125.718
1425	64	255	655.453	277.922	29.213	11.100	7.341	50.799
1426	39	255	968.192	276.269	28.627	8.079	6.146	100.542
1427	52	255	555.538	276.038	32.042	8.467	7.820	146.267
1428	58	255	584.862	275.241	27.799	9.797	7.538	137.417
1429	50	255	1140.900	275.900	24.385	8.199	7.764	135.000
1430	39	255	1165.526	276.654	26.385	7.910	6.277	168.956
1431	46	255	1192.630	275.957	32.042	8.662	6.762	50.909
1432	15	255	324.567	277.100	14.728	5.155	3.705	173.252
1433	75	255	739.553	273.833	30.971	10.335	9.240	110.465
1434	67	255	1080.410	272.187	30.385	11.949	7.139	83.446
1435	2	255	329.000	276.500	4.243	2.257	1.128	0.000
1436	66	255	946.182	271.985	29.456	10.446	8.044	143.048
1437	43	255	407.035	272.244	22.971	8.259	6.629	28.393
1438	42	255	418.881	272.405	22.385	7.768	6.884	165.381
1439	45	255	632.856	271.567	26.385	8.279	6.921	163.235
1440	64	255	918.328	269.594	39.698	11.974	6.805	34.520
1441	13	255	1222.500	272.577	13.899	5.397	3.067	99.761
1442	28	255	525.000	271.286	19.556	6.284	5.674	9.974E-14
1443	76	255	672.697	269.684	30.971	10.228	9.461	177.824
1444	51	255	753.696	268.245	31.799	10.091	6.435	117.459
1445	39	255	903.013	268.705	31.213	7.705	6.445	136.723
1446	85	255	431.029	266.924	33.456	11.044	9.799	65.428
1447	1	255	755.500	272.500	2.828	1.128	1.128	0.000
1448	62	255	768.694	269.290	28.971	10.473	7.538	15.035
1449	37	255	1070.068	268.284	29.213	8.694	5.419	147.605
1450	1	255	1164.500	272.500	2.828	1.128	1.128	0.000
1451	26	255	240.538	267.923	18.142	6.133	5.398	108.924
1452	53	255	963.349	266.387	28.385	9.473	7.123	104.148
1453	90	255	456.489	264.900	33.213	11.600	9.879	23.023
1454	47	255	888.351	265.989	29.213	8.718	6.864	116.933
1455	37	255	327.689	264.230	22.728	9.350	5.038	83.005
1456	39	255	567.397	265.705	30.627	8.872	5.597	31.457
1457	37	255	642.365	265.149	30.627	9.763	4.825	24.124
1458	58	255	1043.345	263.603	45.941	10.672	6.920	37.381
1459	63	255	343.008	263.262	28.627	10.212	7.855	147.523
1460	38	255	622.921	263.684	29.213	9.609	5.035	110.982
1461	2	255	697.500	266.000	4.828	2.257	1.128	90.000
1462	50	255	401.760	263.100	26.971	10.287	6.188	177.688
1463	47	255	813.117	260.117	33.799	10.854	5.513	97.782
1464	44	255	697.841	261.114	27.213	8.878	6.310	22.862
1465	73	255	1084.171	260.582	30.385	10.765	8.634	35.409
1466	62	255	114.742	257.306	31.556	11.945	6.609	106.324
1467	73	255	788.733	258.103	31.456	12.099	7.682	138.321
1468	38	255	723.658	257.737	22.385	7.737	6.253	62.960
1469	51	255	1032.069	253.951	34.042	10.576	6.140	47.148
1470	5	255	601.700	255.700	9.899	4.521	1.408	31.121
1471	42	255	621.595	251.167	32.627	9.652	5.541	123.168
1472	59	255	945.907	251.161	44.870	9.771	7.688	97.097
1473	47	255	430.223	252.032	24.142	8.375	7.145	85.048
1474	70	255	440.686	250.114	40.627	12.748	6.991	87.420
1475	78	255	1213.308	251.103	31.556	10.673	9.305	101.314
1476	59	255	564.568	250.602	28.142	9.973	7.532	160.706
1477	32	255	603.938	251.625	20.971	6.607	6.167	83.932
1478	80	255	134.037	249.013	32.385	11.437	8.906	47.649
1479	63	255	361.071	249.627	29.213	11.749	6.828	143.926
1480	48	255	420.271	248.896	24.728	8.556	7.143	100.937
1481	57	255	918.816	246.535	36.042	8.726	8.317	10.359
1482	75	255	216.980	245.020	32.627	12.009	7.952	128.362
1483	56	255	343.732	246.482	28.042	10.072	7.079	49.770
1484	52	255	457.654	246.212	30.385	9.304	7.116	105.215
1485	76	255	1090.276	247.092	31.556	11.685	8.281	175.981
1486	61	255	474.238	245.074	30.385	9.780	7.942	152.413
1487	71	255	612.725	244.261	32.385	11.311	7.992	94.982
1488	50	255	696.300	244.240	38.870	9.593	6.636	93.525
1489	40	255	771.125	244.400	24.385	7.871	6.470	116.576
1490	1	255	1032.500	248.500	2.828	1.128	1.128	0.000
1491	2	255	274.000	247.500	4.243	2.257	1.128	0.000
1492	55	255	637.755	243.500	26.971	9.746	7.185	113.089
1493	1	255	774.500	247.500	2.828	1.128	1.128	0.000
1494	35	255	579.557	242.129	22.971	7.778	5.730	21.843
1495	37	255	559.257	241.014	23.556	7.792	6.046	85.506
1496	47	255	1188.011	238.245	32.385	9.222	6.489	103.645
1497	35	255	23.271	240.671	21.314	7.634	5.838	117.881
1498	57	255	254.079	238.395	28.142	11.061	6.561	92.866
1499	55	255	603.282	239.445	26.385	9.631	7.271	117.144
1500	46	255	548.761	236.196	28.870	8.732	6.707	137.643
1501	58	255	98.690	235.034	28.627	11.183	6.604	151.738
1502	57	255	333.939	234.535	26.971	9.252	7.844	94.549
1503	65	255	354.931	234.085	29.213	10.722	7.719	28.852
1504	1	255	771.500	236.500	2.828	1.128	1.128	0.000
1505	53	255	665.557	231.160	26.627	9.321	7.240	57.211
1506	44	255	787.136	231.023	29.799	8.639	6.485	84.190
1507	50	255	814.780	230.960	29.213	10.775	5.908	89.669
1508	38	255	772.895	231.763	26.627	8.666	5.583	156.166
1509	50	255	803.040	231.560	25.556	8.763	7.265	16.957
1510	42	255	875.024	230.452	23.556	8.863	6.033	89.471
1511	51	255	593.892	228.088	26.385	9.270	7.005	62.742
1512	55	255	644.355	226.591	29.799	10.855	6.451	74.375
1513	68	255	480.044	226.353	30.627	11.246	7.699	32.427
1514	46	255	414.022	226.087	24.385	9.224	6.350	139.007
1515	63	255	558.310	224.690	33.556	11.550	6.945	80.227
1516	50	255	1093.220	226.680	25.556	9.490	6.708	25.379
1517	48	255	572.562	225.021	29.799	9.663	6.325	2.637
1518	65	255	617.438	223.238	36.284	10.765	7.688	174.760
1519	58	255	961.259	222.086	35.213	8.713	8.476	146.400
1520	83	255	1198.681	219.139	32.627	11.689	9.041	145.668
1521	61	255	401.746	216.467	30.042	10.968	7.081	107.697
1522	60	255	1117.867	217.000	28.627	9.900	7.717	58.990
1523	36	255	1138.778	216.611	26.142	8.315	5.513	116.989
1524	2	255	1131.000	220.500	4.243	2.257	1.128	0.000
1525	57	255	348.167	214.272	28.728	11.380	6.377	86.511
1526	42	255	374.476	216.429	22.728	8.541	6.261	137.596
1527	52	255	454.731	214.942	25.799	9.411	7.035	35.934
1528	45	255	887.367	215.211	32.627	8.355	6.858	37.309
1529	22	255	1129.227	216.727	16.728	5.725	4.892	162.646
1530	60	255	512.400	210.417	40.527	11.688	6.536	31.999
1531	34	255	603.176	211.676	22.971	8.197	5.281	68.313
1532	68	255	1092.926	210.868	49.355	9.892	8.752	25.542
1533	60	255	427.900	209.633	29.799	11.266	6.781	65.619
1534	58	255	652.569	210.483	27.799	9.564	7.721	64.244
1535	9	255	1223.389	211.056	17.657	7.666	1.495	90.616
1536	84	255	587.190	209.179	32.971	10.938	9.778	141.683
1537	72	255	924.000	209.000	30.142	10.799	8.489	103.787
1538	35	255	338.557	207.557	28.627	8.046	5.539	135.000
1539	75	255	386.567	207.967	30.971	11.558	8.262	173.776
1540	90	255	441.267	205.022	34.627	12.060	9.502	27.318
1541	71	255	485.218	203.359	32.284	12.635	7.154	137.994
1542	61	255	27.926	203.270	28.385	9.949	7.807	76.717
1543	55	255	622.864	204.809	27.556	10.476	6.684	14.525
1544	90	255	850.411	202.933	34.385	11.285	10.154	167.371
1545	35	255	900.471	203.414	23.799	8.071	5.522	115.552
1546	12	255	1.167	204.000	14.485	5.199	2.939	90.000
1547	51	255	464.441	203.147	32.627	8.569	7.578	177.940
1548	1	255	747.500	205.500	2.828	1.128	1.128	0.000
1549	88	255	777.580	200.784	34.627	12.133	9.235	140.375
1550	41	255	280.890	201.354	25.799	8.673	6.019	178.695
1551	16	255	360.000	203.000	13.657	4.514	4.514	0.000
1552	50	255	416.980	201.240	34.627	9.433	6.749	167.831
1553	34	255	822.441	202.235	20.971	7.220	5.996	172.797
1554	73	255	911.514	199.568	31.213	10.328	9.000	62.332
1555	39	255	101.192	200.321	22.385	7.366	6.741	39.059
1556	41	255	811.622	200.598	32.627	7.643	6.830	107.334
1557	35	255	267.014	199.157	27.213	7.499	5.943	145.397
1558	51	255	329.245	199.127	29.799	9.776	6.642	143.889
1559	34	255	1214.412	199.882	27.799	7.742	5.592	39.092
1560	75	255	49.407	197.433	31.213	10.371	9.208	12.863
1561	62	255	179.226	198.065	28.385	10.275	7.683	24.725
1562	27	255	837.463	198.352	21.556	7.985	4.305	59.884
1563	45	255	225.211	198.300	24.728	9.597	5.970	15.119
1564	1	255	271.500	200.500	2.828	1.128	1.128	0.000
1565	55	255	393.409	196.391	28.971	9.904	7.071	77.232
1566	57	255	958.833	195.377	44.042	9.345	7.766	101.218
1567	75	255	703.140	194.673	31.456	10.494	9.100	119.917
1568	58	255	767.810	194.845	34.627	11.359	6.501	114.461
1569	42	255	1096.881	196.333	29.213	8.040	6.651	36.253
1570	49	255	1139.847	195.867	25.799	8.916	6.997	143.905
1571	51	255	315.186	195.088	25.556	8.707	7.458	41.209
1572	51	255	750.363	193.127	32.870	10.257	6.331	82.548
1573	1	255	816.500	198.500	2.828	1.128	1.128	0.000
1574	115	255	1069.526	192.848	39.213	12.990	11.272	78.726
1575	4	255	282.500	196.750	7.071	2.734	1.863	0.000
1576	77	255	590.448	192.903	32.042	10.964	8.942	147.488
1577	42	255	481.667	192.929	28.627	9.316	5.741	120.103
1578	56	255	88.732	190.321	28.971	11.310	6.304	82.052
1579	37	255	888.392	191.932	24.971	6.948	6.781	32.757
1580	2	255	1215.000	194.500	4.243	2.257	1.128	0.000
1581	41	255	66.305	188.963	23.899	8.777	5.948	96.930
1582	46	255	273.283	189.522	24.385	8.598	6.812	11.715
1583	27	255	1187.574	190.093	17.899	6.451	5.329	77.508
1584	36	255	721.750	188.167	24.142	8.827	5.193	103.570
1585	63	255	1167.754	187.643	28.385	10.424	7.695	135.609
1586	51	255	209.853	187.049	27.799	9.850	6.592	27.232
1587	62	255	45.226	185.935	29.213	10.301	7.663	163.771
1588	32	255	504.406	186.406	21.314	7.577	5.377	106.537
1589	39	255	803.782	185.885	32.627	8.399	5.912	169.052
1590	38	255	1039.605	184.316	35.799	9.262	5.224	82.191
1591	48	255	674.062	181.792	30.042	10.429	5.860	58.594
1592	50	255	1024.280	181.420	33.213	8.395	7.583	148.293
1593	51	255	75.814	179.657	25.799	8.710	7.455	77.065
1594	59	255	773.534	178.992	28.971	10.310	7.286	91.705
1595	63	255	789.944	177.056	43.698	11.279	7.112	82.990
1596	41	255	823.134	181.280	24.971	8.929	5.846	158.104
1597	53	255	327.236	178.179	26.971	10.360	6.514	72.488
1598	4	255	1111.250	181.250	7.071	3.192	1.596	18.435
1599	65	255	1112.038	175.423	42.870	10.239	8.083	156.981
1600	74	255	1060.689	175.014	30.627	10.107	9.322	122.095
1601	66	255	897.364	175.212	47.456	10.669	7.876	173.512
1602	49	255	51.806	172.765	25.556	9.834	6.344	91.286
1603	64	255	66.047	171.672	30.142	12.345	6.601	88.075
1604	38	255	255.342	175.184	22.142	7.862	6.154	16.702
1605	72	255	477.556	169.306	30.385	9.940	9.223	105.617
1606	76	255	759.276	168.868	31.799	10.621	9.111	104.931
1607	11	255	0.864	168.955	15.657	7.116	1.968	95.959
1608	35	255	818.100	168.957	27.213	8.118	5.490	9.097
1609	75	255	1042.087	168.553	30.971	10.184	9.376	7.466
1610	81	255	252.056	165.117	33.456	12.485	8.260	128.245
1611	61	255	668.221	165.369	27.213	8.987	8.642	4.319
1612	41	255	775.037	166.061	22.971	7.838	6.660	98.057
1613	51	255	1168.853	164.127	42.284	8.422	7.710	117.875
1614	43	255	713.384	164.919	31.799	9.099	6.017	58.103
1615	56	255	39.161	163.768	26.971	9.483	7.519	67.542
1616	51	255	786.206	163.441	34.870	9.531	6.813	88.014
1617	45	255	75.167	163.700	24.142	8.394	6.825	10.162
1618	59	255	749.280	162.297	43.698	9.743	7.710	154.534
1619	19	255	769.763	163.921	16.485	6.739	3.590	104.340
1620	47	255	437.415	160.138	34.870	9.858	6.070	41.347
1621	40	255	622.500	160.950	27.799	8.969	5.678	51.600
1622	81	255	49.265	158.438	32.385	11.557	8.924	68.997
1623	63	255	500.056	158.246	36.042	10.575	7.586	69.832
1624	39	255	926.654	160.141	30.627	7.751	6.407	166.864
1625	59	255	1121.280	158.042	39.456	9.703	7.742	158.510
1626	59	255	462.737	157.822	27.799	9.952	7.548	154.525
1627	74	255	793.568	156.432	32.627	12.144	7.759	54.203
1628	3	255	781.833	159.500	7.657	3.213	1.189	118.155
1629	30	255	805.767	157.733	19.899	7.349	5.197	101.852
1630	36	255	699.861	154.667	26.971	8.378	5.471	97.305
1631	2	255	714.500	159.000	4.828	2.257	1.128	90.000
1632	46	255	1051.500	157.000	24.142	9.362	6.256	168.760
1633	1	255	712.500	158.500	2.828	1.128	1.128	0.000
1634	75	255	767.487	151.287	32.627	10.784	8.855	93.520
1635	51	255	1032.324	152.520	24.971	9.166	7.085	104.654
1636	104	255	62.481	150.625	37.799	14.139	9.365	162.583
1637	55	255	1086.227	151.555	34.284	8.882	7.884	179.842
1638	100	255	911.290	149.580	36.627	11.531	11.042	177.261
1639	85	255	1134.029	149.006	32.971	10.522	10.285	61.027
1640	37	255	30.716	148.986	22.728	8.492	5.547	69.710
1641	64	255	885.641	148.047	33.213	9.852	8.272	157.183
1642	58	255	639.000	147.672	27.799	9.646	7.656	124.979
1643	57	255	389.781	146.693	30.627	8.967	8.093	49.763
1644	55	255	615.155	145.555	40.284	9.913	7.064	55.546
1645	33	255	1005.348	146.439	26.385	6.867	6.119	140.028
1646	43	255	726.314	144.012	34.284	9.335	5.865	133.353
1647	82	255	790.585	142.524	33.213	11.984	8.712	152.176
1648	47	255	1102.713	144.181	25.213	8.452	7.080	37.097
1649	61	255	705.008	142.205	27.799	9.590	8.099	108.575
1650	77	255	829.045	138.396	31.456	11.112	8.823	131.130
1651	55	255	850.173	139.936	26.971	9.431	7.425	26.796
1652	58	255	366.655	137.948	28.971	11.206	6.590	118.882
1653	69	255	42.862	135.964	30.971	12.121	7.248	88.852
1654	52	255	752.769	137.038	35.456	9.024	7.337	81.833
1655	85	255	1059.418	136.547	33.799	11.402	9.492	79.235
1656	95	255	803.932	134.911	35.799	12.588	9.609	68.384
1657	54	255	997.833	136.907	36.870	9.065	7.585	127.338
1658	93	255	508.704	134.349	35.213	11.152	10.618	142.284
1659	47	255	1119.245	134.883	33.456	9.202	6.503	141.117
1660	73	255	869.692	133.240	31.213	10.852	8.565	105.944
1661	14	255	1.071	134.143	16.485	7.140	2.497	95.358
1662	42	255	1204.333	133.429	31.213	8.172	6.544	70.040
1663	60	255	334.750	132.400	27.556	10.429	7.325	0.410
1664	80	255	899.675	131.175	34.042	12.646	8.055	33.905
1665	32	255	59.250	131.281	21.799	7.000	5.820	169.680
1666	35	255	321.414	132.186	22.142	7.204	6.186	3.756
1667	82	255	628.915	129.598	32.627	10.997	9.494	76.764
1668	86	255	841.407	127.779	33.213	10.962	9.989	10.153
1669	39	255	277.218	126.885	26.385	9.482	5.237	132.725
1670	65	255	358.992	128.238	29.799	11.593	7.139	160.907
1671	48	255	1013.500	126.375	33.213	8.386	7.288	92.797
1672	51	255	688.912	126.892	25.556	8.429	7.704	49.396
1673	35	255	584.157	126.729	29.556	9.130	4.881	9.025
1674	70	255	1136.157	123.771	30.627	10.210	8.729	147.759
1675	68	255	204.000	122.618	30.971	11.844	7.310	69.123
1676	35	255	252.586	124.443	22.385	7.801	5.712	141.569
1677	89	255	729.354	122.702	34.627	12.784	8.864	132.646
1678	82	255	699.671	121.000	33.213	11.505	9.075	92.429
1679	60	255	811.283	122.567	28.142	10.232	7.466	1.494
1680	78	255	984.885	120.000	33.456	12.274	8.091	117.612
1681	40	255	1188.900	120.825	39.113	8.594	5.926	123.118
1682	78	255	104.821	119.333	33.213	12.578	7.896	153.936
1683	58	255	1032.155	120.034	26.971	9.373	7.879	33.616
1684	46	255	830.043	118.022	37.456	11.144	5.256	71.412
1685	56	255	162.607	118.036	27.799	9.575	7.446	13.449
1686	36	255	798.667	117.833	22.385	7.262	6.312	53.350
1687	52	255	857.615	118.865	26.728	9.648	6.862	8.250
1688	57	255	1051.377	114.956	47.941	10.160	7.143	113.768
1689	43	255	590.849	114.244	33.556	8.596	6.369	96.824
1690	36	255	1100.000	115.500	27.213	8.089	5.667	10.779
1691	83	255	443.524	112.946	33.799	11.891	8.887	20.949
1692	38	255	875.421	114.500	26.385	9.275	5.217	20.534
1693	60	255	417.017	111.167	28.971	10.815	7.064	20.695
1694	66	255	821.212	108.530	30.142	11.653	7.212	88.931
1695	52	255	1112.788	106.904	41.698	9.364	7.070	141.952
1696	36	255	339.250	107.972	23.213	8.416	5.446	54.414
1697	33	255	807.136	106.530	26.971	8.497	4.945	120.526
1698	48	255	844.625	106.229	36.627	8.520	7.173	105.062
1699	54	255	898.019	104.241	36.385	9.014	7.627	51.361
1700	54	255	468.519	104.259	34.870	9.291	7.400	142.295
1701	33	255	1079.833	104.591	23.556	8.541	4.919	111.543
1702	1	255	1194.500	107.500	2.828	1.128	1.128	0.000
1703	86	255	385.012	100.988	33.556	12.708	8.617	86.436
1704	67	255	534.082	102.649	29.799	11.031	7.733	38.436
1705	53	255	576.557	103.745	26.971	9.435	7.152	10.100
1706	47	255	1174.521	100.819	32.627	9.660	6.195	125.380
1707	1	255	1176.500	106.500	2.828	1.128	1.128	0.000
1708	54	255	437.037	100.463	26.385	9.585	7.173	129.961
1709	40	255	1017.375	101.475	26.385	7.534	6.760	156.942
1710	69	255	502.065	99.804	29.799	10.989	7.995	146.163
1711	66	255	621.939	97.864	28.971	10.295	8.163	82.449
1712	30	255	124.400	96.400	34.284	7.685	4.971	134.509
1713	36	255	371.167	96.750	24.142	8.735	5.247	75.331
1714	47	255	427.138	97.968	24.971	7.897	7.578	111.452
1715	35	255	832.900	98.529	26.142	8.040	5.543	174.723
1716	42	255	236.286	96.714	25.556	9.832	5.439	71.459
1717	49	255	406.316	95.765	26.385	9.540	6.540	125.699
1718	43	255	1099.593	94.733	36.870	9.063	6.041	108.337
1719	61	255	203.549	93.221	27.799	10.291	7.547	44.307
1720	2	255	589.500	97.000	4.828	2.257	1.128	90.000
1721	72	255	671.403	92.833	30.385	10.741	8.535	61.505
1722	69	255	848.471	93.601	29.556	9.647	9.107	148.199
1723	80	255	457.350	92.225	32.870	11.235	9.066	146.330
1724	104	255	702.423	91.471	37.213	12.123	10.923	82.120
1725	4	255	1017.000	96.000	5.657	2.257	2.257	0.000
1726	64	255	888.500	88.641	44.284	9.296	8.766	120.265
1727	55	255	607.082	86.955	28.728	11.099	6.309	94.415
1728	33	255	944.288	89.833	20.971	6.794	6.185	71.167
1729	52	255	1130.750	89.173	28.385	8.512	7.779	101.177
1730	49	255	334.276	87.786	27.213	8.726	7.149	106.470
1731	74	255	357.851	86.635	30.627	10.062	9.364	31.826
1732	41	255	828.378	86.354	24.385	9.245	5.647	60.689
1733	52	255	874.712	86.192	35.698	9.300	7.119	104.845
1734	67	255	117.933	85.769	28.971	10.486	8.135	9.800
1735	37	255	1110.095	86.905	25.799	8.933	5.274	14.268
1736	77	255	1083.253	83.903	32.042	11.996	8.173	140.182
1737	46	255	26.630	84.543	24.142	8.056	7.270	2.813
1738	86	255	36.895	77.616	33.799	10.724	10.210	78.926
1739	63	255	1185.659	76.706	29.799	11.002	7.291	109.248
1740	50	255	676.100	75.160	36.870	8.629	7.377	65.626
1741	33	255	786.288	77.136	22.971	7.547	5.568	11.146
1742	41	255	979.402	76.622	36.870	8.559	6.099	20.189
1743	82	255	996.537	73.720	33.799	12.938	8.070	67.290
1744	72	255	387.153	74.139	30.971	10.517	8.717	70.881
1745	51	255	941.304	73.167	41.355	9.543	6.804	142.922
1746	54	255	420.963	71.704	26.971	9.892	6.951	53.058
1747	55	255	9.009	69.573	30.971	10.725	6.530	89.571
1748	77	255	280.097	69.201	32.385	12.263	7.995	75.702
1749	27	255	854.352	71.685	21.799	7.650	4.494	37.995
1750	52	255	372.077	68.865	29.799	9.329	7.097	97.254
1751	63	255	1059.706	69.008	30.971	11.795	6.801	124.117
1752	34	255	230.794	70.382	22.971	8.128	5.326	160.169
1753	48	255	435.875	69.042	24.971	9.170	6.664	144.403
1754	74	255	653.676	68.108	32.627	11.976	7.868	36.039
1755	75	255	263.273	65.793	31.213	10.947	8.723	45.873
1756	4	255	227.000	68.000	5.657	2.257	2.257	0.000
1757	60	255	689.883	64.783	27.799	9.771	7.819	168.079
1758	69	255	534.514	62.964	29.799	9.615	9.137	63.941
1759	65	255	246.208	62.592	28.385	9.119	9.076	154.373
1760	60	255	496.933	62.883	27.213	9.916	7.704	13.591
1761	32	255	22.312	63.062	20.142	7.852	5.189	146.981
1762	75	255	233.127	60.167	33.799	12.790	7.466	9.688
1763	45	255	662.811	58.678	29.799	9.999	5.730	85.817
1764	68	255	678.544	54.103	29.799	10.353	8.363	62.810
1765	55	255	427.882	53.391	28.627	10.108	6.928	45.642
1766	44	255	973.795	53.182	33.213	8.687	6.449	37.736
1767	16	255	1180.938	54.562	18.728	5.231	3.894	102.312
1768	65	255	56.792	47.515	30.971	11.710	7.067	98.675
1769	47	255	97.926	48.628	26.385	9.641	6.207	106.078
1770	70	255	249.371	47.543	30.627	12.128	7.349	150.283
1771	46	255	619.804	46.217	24.728	9.304	6.295	103.153
1772	52	255	788.673	45.654	36.870	8.860	7.472	87.737
1773	63	255	1133.373	46.532	28.385	9.920	8.086	133.053
1774	57	255	631.588	45.395	31.213	9.327	7.781	163.589
1775	57	255	918.798	47.009	28.728	10.977	6.612	10.379
1776	52	255	945.712	45.596	35.113	9.086	7.287	135.522
1777	40	255	1089.300	46.225	25.213	7.889	6.456	5.809
1778	63	255	699.214	40.659	28.385	9.258	8.664	55.695
1779	80	255	970.625	38.025	32.870	11.583	8.794	55.477
1780	72	255	153.361	37.153	32.627	12.777	7.175	48.884
1781	44	255	527.205	39.273	25.799	8.800	6.366	169.450
1782	74	255	348.149	36.284	32.971	12.628	7.461	76.409
1783	83	255	681.633	34.910	36.627	13.919	7.592	88.170
1784	34	255	1097.147	35.941	27.556	9.207	4.702	99.517
1785	100	255	173.250	36.000	36.385	12.736	9.997	156.818
1786	50	255	669.400	35.780	29.799	9.388	6.781	106.423
1787	54	255	137.556	35.593	27.213	10.027	6.857	126.245
1788	41	255	822.720	36.159	30.042	7.427	7.029	131.495
1789	64	255	764.359	34.453	28.971	10.122	8.050	53.167
1790	32	255	1119.406	34.188	27.213	7.327	5.561	112.404
1791	66	255	1005.667	33.121	28.971	9.531	8.817	167.254
1792	61	255	957.352	32.615	43.355	11.531	6.736	145.775
1793	41	255	1107.085	31.988	26.971	8.561	6.098	72.276
1794	48	255	946.042	29.479	38.284	9.800	6.236	133.579
1795	52	255	428.462	29.327	25.556	9.285	7.130	78.575
1796	63	255	931.881	29.421	29.799	10.205	7.860	115.409
1797	60	255	527.567	27.717	28.142	10.232	7.466	91.494
1798	85	255	897.029	28.112	34.627	12.845	8.425	26.732
1799	39	255	982.808	28.064	31.213	7.669	6.475	120.932
1800	83	255	835.271	25.633	34.627	13.045	8.101	104.095
1801	37	255	99.122	27.608	22.142	8.196	5.748	7.440
1802	78	255	133.308	25.718	32.385	11.952	8.309	175.500
1803	38	255	704.342	26.158	22.971	7.622	6.348	80.744
1804	47	255	849.883	25.138	37.698	10.265	5.830	52.918
1805	53	255	183.198	23.594	26.385	9.568	7.053	28.610
1806	91	255	691.126	21.709	34.627	12.730	9.102	122.684
1807	63	255	167.119	22.817	30.627	11.245	7.133	22.238
1808	80	255	457.913	22.175	31.213	10.303	9.886	136.236
1809	80	255	498.087	19.962	31.799	10.747	9.478	134.005
1810	43	255	614.849	20.337	29.556	8.526	6.421	88.603
1811	56	255	153.000	18.750	27.556	8.897	8.014	55.152
1812	76	255	717.276	17.342	32.627	10.810	8.951	121.109
1813	90	255	216.933	15.167	35.456	13.321	8.602	66.674
1814	42	255	965.190	16.810	25.799	7.608	7.029	17.542
1815	41	255	794.866	16.207	26.627	7.414	7.041	96.066
1816	57	255	1112.184	15.009	36.042	9.361	7.753	109.198
1817	2	255	730.500	17.000	4.828	2.257	1.128	90.000
1818	49	255	890.276	12.439	37.456	9.695	6.435	106.201
1819	58	255	824.069	12.500	47.698	11.301	6.534	32.539
1820	54	255	1171.185	11.407	36.042	8.642	7.956	80.846
1821	46	255	425.543	10.043	25.799	10.551	5.551	37.687
1822	69	255	708.370	9.022	29.799	10.546	8.330	120.025
1823	85	255	683.476	7.876	33.213	11.593	9.336	158.414
1824	46	255	234.652	5.630	31.456	9.240	6.339	143.271
1825	57	255	723.500	5.939	38.627	11.188	6.487	1.400
1826	47	255	698.713	3.564	31.213	8.703	6.876	56.389
1827	1	255	943.500	6.500	2.828	1.128	1.128	0.000
1828	43	255	206.500	2.128	23.314	7.472	7.327	0.000
1829	57	255	982.816	2.412	36.042	11.063	6.560	15.763
1830	41	255	288.671	1.329	23.899	9.614	5.430	3.841
1831	29	255	775.534	0.534	28.142	11.847	3.117	178.381
1832	15	255	819.233	0.367	18.728	7.402	2.580	3.130
1833	17	255	1095.500	0.441	15.899	6.620	3.270	4.598
1834	10	255	447.500	-0.200	15.071	6.865	1.855	180.000
1835	1	255	134.500	-0.500	2.828	1.128	1.128	0.000
1836	2	255	686.000	-0.500	4.243	2.257	1.128	0.000
1837	3	255	987.500	-0.500	6.243	3.385	1.128	0.000
1838	2	255	1118.000	-0.500	4.243	2.257	1.128	0.000
