 	Area	Mean	XM	YM	Perim.	Major	Minor	Angle
1	17	255	284.794	901.676	16.485	6.794	3.186	176.004
2	8	255	749.000	902.250	13.071	5.468	1.863	0.000
3	13	255	953.346	901.577	13.899	4.909	3.372	15.179
4	14	255	960.500	901.714	15.071	6.135	2.906	167.461
5	24	255	1018.250	897.958	20.142	7.353	4.156	94.068
6	23	255	956.326	897.587	17.314	6.182	4.737	30.493
7	50	255	321.300	889.860	28.971	10.632	5.988	101.208
8	46	255	1049.848	891.804	28.971	9.340	6.271	5.381
9	44	255	248.159	887.477	23.556	7.940	7.055	163.106
10	36	255	495.139	886.528	22.385	7.711	5.944	43.318
11	37	255	986.419	886.500	21.556	7.148	6.591	40.646
12	56	255	264.589	884.446	28.385	11.356	6.279	45.736
13	39	255	241.269	884.064	22.971	7.476	6.642	103.720
14	29	255	1127.466	881.603	20.385	6.708	5.505	4.231
15	29	255	253.914	881.259	19.314	6.676	5.531	136.882
16	83	255	103.066	876.078	32.971	12.396	8.525	85.159
17	42	255	211.095	876.190	24.971	9.697	5.515	72.191
18	41	255	245.866	877.500	23.556	7.485	6.975	161.138
19	3	255	1223.500	876.500	6.828	3.385	1.128	90.000
20	31	255	953.919	871.081	19.899	6.868	5.747	126.776
21	30	255	986.467	871.667	20.728	7.814	4.888	170.037
22	30	255	632.767	869.267	20.385	7.714	4.952	22.281
23	36	255	970.750	869.639	24.142	10.037	4.567	13.852
24	35	255	1161.786	868.414	22.385	8.568	5.201	26.973
25	50	255	398.700	866.660	25.556	9.200	6.919	75.530
26	36	255	756.333	865.250	22.971	8.728	5.252	124.982
27	33	255	973.985	863.894	23.799	6.982	6.018	46.593
28	43	255	507.593	862.919	26.142	10.585	5.173	17.031
29	42	255	51.857	861.905	22.728	8.415	6.355	171.351
30	55	255	444.791	859.409	28.385	10.593	6.611	46.568
31	45	255	667.700	860.011	24.142	8.612	6.653	70.158
32	46	255	95.543	858.630	23.556	8.056	7.270	87.187
33	18	255	227.611	855.389	14.728	5.925	3.868	135.000
34	40	255	1005.900	854.375	23.556	8.578	5.937	165.588
35	39	255	953.115	848.679	23.556	9.563	5.193	108.751
36	62	255	483.403	844.371	29.213	11.015	7.167	108.839
37	46	255	1207.913	841.652	25.556	9.549	6.134	81.133
38	49	255	104.092	838.990	26.627	10.136	6.155	123.553
39	43	255	1002.430	840.477	24.385	8.853	6.184	17.410
40	35	255	629.929	838.271	20.728	7.095	6.281	103.644
41	41	255	402.573	829.720	24.728	10.027	5.206	82.676
42	40	255	761.375	830.175	23.556	8.503	5.990	102.216
43	55	255	155.591	826.536	27.799	10.638	6.583	95.665
44	59	255	197.381	827.331	28.142	10.212	7.356	88.839
45	63	255	53.659	826.690	28.385	9.580	8.373	131.249
46	32	255	478.031	828.250	20.971	8.388	4.857	158.014
47	29	255	972.190	824.741	22.728	8.327	4.434	95.051
48	2	255	976.500	827.000	4.828	2.257	1.128	90.000
49	85	255	1200.688	823.441	32.971	11.477	9.430	13.142
50	53	255	111.217	820.764	27.213	10.274	6.569	150.992
51	39	255	1174.526	815.910	22.971	7.798	6.368	85.951
52	67	255	70.187	815.351	29.556	10.294	8.287	171.977
53	48	255	197.312	814.062	26.385	9.134	6.691	56.885
54	40	255	649.550	815.575	22.142	7.650	6.658	40.915
55	43	255	893.430	808.035	23.799	7.631	7.175	115.582
56	49	255	757.378	807.786	26.142	10.131	6.158	24.512
57	58	255	945.793	803.845	26.971	8.924	8.275	92.590
58	46	255	825.870	803.391	23.556	8.219	7.126	17.262
59	29	255	578.845	801.603	20.728	7.821	4.721	78.855
60	70	255	856.343	799.371	29.556	9.632	9.253	56.657
61	40	255	109.325	797.200	22.142	7.545	6.750	142.328
62	65	255	78.300	794.408	30.042	10.350	7.996	65.640
63	58	255	101.362	795.810	27.556	9.158	8.064	110.040
64	48	255	1031.292	796.000	24.142	8.337	7.331	90.000
65	33	255	616.500	795.682	20.971	6.703	6.269	42.403
66	37	255	474.338	792.770	27.799	8.058	5.847	167.954
67	38	255	1062.842	789.184	22.971	8.146	5.940	59.815
68	31	255	730.306	789.339	20.485	7.169	5.506	174.729
69	43	255	950.058	788.174	26.385	8.864	6.177	129.256
70	50	255	252.940	784.380	25.799	9.051	7.034	62.329
71	60	255	74.617	781.900	26.971	9.584	7.971	160.551
72	59	255	971.127	781.805	27.799	10.891	6.898	28.184
73	106	255	146.226	775.500	38.042	12.365	10.915	50.721
74	47	255	1006.351	771.947	25.213	9.922	6.031	38.163
75	38	255	1184.079	768.447	22.971	8.447	5.728	57.056
76	48	255	568.646	764.250	24.971	9.519	6.420	67.970
77	36	255	841.194	761.778	20.971	7.805	5.873	170.599
78	58	255	787.552	759.293	26.971	9.571	7.716	154.846
79	31	255	605.435	755.081	19.556	6.636	5.948	162.977
80	37	255	136.365	753.608	21.556	7.084	6.650	100.188
81	50	255	308.620	751.500	25.556	9.196	6.923	164.678
82	44	255	209.205	750.341	25.314	9.404	5.957	178.839
83	53	255	758.217	748.500	26.971	10.704	6.305	164.138
84	44	255	853.682	748.318	24.142	8.536	6.563	114.204
85	46	255	50.543	745.217	24.385	8.597	6.813	12.610
86	48	255	91.479	744.854	25.213	9.291	6.578	148.350
87	54	255	316.981	745.111	26.142	8.298	8.286	9.462
88	68	255	341.074	744.426	34.042	10.282	8.420	142.453
89	52	255	367.423	744.115	26.385	10.075	6.571	27.897
90	64	255	575.922	742.031	28.385	9.797	8.318	98.195
91	38	255	1011.132	738.079	22.971	9.147	5.289	32.565
92	38	255	496.605	733.921	22.971	7.879	6.141	87.781
93	48	255	683.125	731.542	27.213	9.088	6.725	124.444
94	39	255	657.756	728.321	22.971	8.538	5.816	104.134
95	80	255	940.263	728.150	32.385	12.140	8.390	179.905
96	49	255	336.500	723.500	26.142	10.399	6.000	119.431
97	61	255	882.648	720.057	28.385	9.138	8.499	163.363
98	46	255	664.543	719.761	25.213	9.683	6.049	31.933
99	47	255	364.819	718.543	24.142	8.164	7.330	169.955
100	51	255	731.441	716.402	26.142	9.555	6.796	16.824
101	45	255	1053.656	715.433	23.799	8.701	6.585	6.470
102	55	255	1081.845	708.209	26.971	9.400	7.450	72.379
103	51	255	297.735	706.637	26.385	10.133	6.408	123.212
104	43	255	955.314	706.337	23.556	7.724	7.088	107.188
105	55	255	71.500	703.500	26.142	9.591	7.301	164.810
106	57	255	321.325	702.184	27.556	9.501	7.639	15.424
107	31	255	504.532	701.242	22.385	7.698	5.127	137.975
108	4	255	177.000	701.000	5.657	2.257	2.257	0.000
109	4	255	783.000	701.000	5.657	2.257	2.257	0.000
110	48	255	1103.396	697.667	24.385	7.981	7.657	102.028
111	54	255	1204.556	697.870	26.971	8.595	8.000	19.845
112	44	255	697.227	691.341	24.385	7.694	7.282	122.825
113	41	255	176.573	689.793	22.385	7.500	6.960	74.975
114	53	255	660.330	689.840	25.799	9.013	7.487	167.589
115	40	255	1178.975	681.400	23.556	7.747	6.574	70.209
116	71	255	430.373	675.852	32.042	11.656	7.756	33.919
117	49	255	529.173	675.622	26.142	9.560	6.526	93.751
118	27	255	718.944	667.056	23.314	8.175	4.205	86.620
119	3	255	151.167	669.167	5.657	2.365	1.615	135.000
120	67	255	623.619	657.112	29.799	10.586	8.059	119.544
121	112	255	1117.598	653.143	39.456	15.179	9.395	117.516
122	65	255	461.085	654.577	30.385	11.729	7.056	168.676
123	49	255	978.010	650.969	24.385	8.047	7.753	23.182
124	16	255	845.938	649.125	19.556	5.665	3.596	34.751
125	45	255	436.922	644.544	23.556	8.540	6.709	154.809
126	1	255	849.500	647.500	2.828	1.128	1.128	0.000
127	32	255	1076.969	644.062	20.142	6.645	6.132	153.329
128	41	255	521.012	641.085	22.971	8.207	6.361	161.446
129	51	255	673.049	640.559	25.799	8.575	7.573	141.480
130	47	255	1134.521	635.628	24.385	8.830	6.777	66.765
131	48	255	666.958	626.625	25.556	9.454	6.464	101.149
132	71	255	653.218	623.148	31.799	12.062	7.494	158.007
133	41	255	864.817	621.037	22.971	8.243	6.333	59.436
134	78	255	265.436	618.846	31.799	11.013	9.018	1.954
135	55	255	23.791	614.391	27.213	8.966	7.810	111.464
136	46	255	386.043	612.261	24.971	9.459	6.192	142.024
137	39	255	1121.295	608.244	22.971	7.842	6.332	67.939
138	53	255	536.953	606.066	25.556	8.381	8.052	125.538
139	15	255	1044.167	608.033	13.314	5.157	3.703	31.853
140	47	255	782.138	604.223	24.971	7.882	7.592	1.268
141	48	255	256.271	603.521	25.556	9.530	6.413	22.627
142	44	255	445.295	600.000	24.971	9.697	5.777	77.450
143	50	255	276.040	598.960	25.556	10.245	6.214	169.044
144	37	255	823.041	597.203	21.556	7.967	5.913	76.861
145	63	255	147.849	589.881	27.799	10.205	7.860	166.106
146	1	255	1223.500	593.500	2.828	1.128	1.128	0.000
147	45	255	754.189	583.411	24.142	8.990	6.373	88.640
148	32	255	539.719	576.312	20.728	7.343	5.549	94.421
149	54	255	518.611	573.944	26.971	8.387	8.197	50.310
150	54	255	130.333	570.352	26.385	9.190	7.482	78.116
151	40	255	451.425	568.775	24.728	10.117	5.034	79.049
152	91	255	841.280	565.753	36.042	13.385	8.656	20.405
153	42	255	399.310	563.833	24.385	8.981	5.954	112.795
154	47	255	82.053	563.564	24.142	8.468	7.067	20.584
155	28	255	1015.214	562.286	19.314	7.450	4.785	2.143
156	35	255	1156.386	560.386	20.385	6.894	6.464	134.997
157	43	255	1169.174	557.919	24.728	9.027	6.065	66.730
158	44	255	667.841	554.318	25.799	8.957	6.255	140.103
159	45	255	747.433	551.944	23.556	7.990	7.171	77.793
160	46	255	73.500	551.000	24.142	8.136	7.198	112.741
161	61	255	1119.566	548.238	28.971	11.115	6.988	80.273
162	41	255	1185.817	550.646	22.385	7.764	6.724	22.725
163	38	255	923.711	540.079	23.556	9.490	5.098	26.639
164	62	255	725.677	536.806	28.971	10.500	7.518	156.274
165	38	255	217.053	531.947	21.556	8.264	5.855	111.713
166	32	255	329.219	533.438	22.728	8.460	4.816	4.670
167	35	255	960.043	531.700	21.314	7.793	5.718	115.942
168	51	255	889.912	528.559	25.799	10.097	6.431	52.660
169	68	255	178.926	524.309	30.627	11.695	7.403	142.829
170	38	255	544.316	519.368	22.971	8.755	5.526	48.213
171	39	255	279.526	497.603	22.142	7.672	6.472	133.227
172	55	255	1027.973	496.082	27.314	10.644	6.579	88.399
173	39	255	800.500	496.603	22.728	8.327	5.963	42.141
174	38	255	1202.316	494.211	22.385	7.485	6.464	56.911
175	37	255	415.743	492.932	22.142	8.141	5.787	9.787
176	48	255	705.438	489.896	31.799	9.600	6.366	70.995
177	34	255	899.118	489.412	21.314	8.216	5.269	56.765
178	4	255	1046.000	487.000	5.657	2.257	2.257	0.000
179	47	255	696.138	479.309	24.385	8.177	7.318	154.985
180	55	255	253.536	477.391	27.799	9.824	7.128	39.604
181	87	255	852.224	475.224	33.799	11.153	9.932	149.798
182	59	255	1142.500	473.415	43.113	12.947	5.802	33.581
183	243	255	1157.368	467.233	85.882	20.289	15.249	72.754
184	27	255	1049.574	472.537	18.728	6.681	5.145	70.836
185	67	255	314.067	468.142	29.799	9.860	8.652	89.028
186	51	255	725.265	463.676	25.556	8.333	7.793	49.265
187	49	255	341.418	461.357	24.971	8.447	7.386	75.892
188	31	255	1181.694	461.629	19.556	7.236	5.454	120.102
189	49	255	965.806	459.439	24.728	8.364	7.459	169.382
190	85	255	1137.959	458.582	42.042	13.387	8.084	167.446
191	95	255	924.942	453.184	35.213	11.990	10.089	2.111
192	52	255	120.519	449.654	26.042	8.477	7.810	176.608
193	40	255	1148.975	450.175	23.314	8.803	5.785	108.344
194	52	255	60.923	447.596	27.799	10.531	6.287	54.132
195	44	255	268.636	445.750	23.556	8.629	6.492	53.037
196	44	255	1077.182	445.250	23.556	7.944	7.052	74.923
197	23	255	763.587	437.935	17.314	6.210	4.716	96.772
198	59	255	951.110	435.280	28.627	10.074	7.457	58.012
199	71	255	587.275	429.345	32.627	12.573	7.190	47.902
200	31	255	806.919	432.048	19.899	7.299	5.407	42.682
201	34	255	338.176	431.059	20.728	6.824	6.343	18.435
202	64	255	1205.094	425.641	29.213	9.547	8.535	28.954
203	38	255	1070.316	425.579	22.385	8.191	5.907	146.502
204	50	255	109.320	422.560	25.556	9.068	7.021	94.645
205	37	255	1144.230	422.149	22.971	8.991	5.239	55.230
206	56	255	456.232	416.661	27.799	10.950	6.511	60.136
207	39	255	893.397	412.603	23.799	9.697	5.121	143.196
208	50	255	560.800	407.840	24.971	9.282	6.858	137.137
209	26	255	808.962	409.308	18.728	6.852	4.831	139.631
210	41	255	48.061	406.256	24.142	9.072	5.754	91.940
211	60	255	1030.233	405.583	27.799	9.059	8.433	121.605
212	28	255	911.607	404.536	18.142	7.154	4.983	165.982
213	29	255	1055.948	402.603	19.556	6.838	5.400	88.881
214	41	255	1156.402	400.890	22.971	8.432	6.191	49.718
215	60	255	739.200	400.067	27.799	9.699	7.877	172.044
216	53	255	971.198	398.877	25.799	8.866	7.612	151.879
217	51	255	1137.912	400.225	26.728	10.522	6.172	1.881
218	39	255	675.500	395.500	22.142	7.427	6.686	123.690
219	47	255	542.862	392.351	24.385	8.679	6.895	100.046
220	49	255	122.092	392.173	25.556	8.362	7.461	62.012
221	60	255	150.817	390.867	27.799	11.077	6.896	150.266
222	27	255	941.389	389.056	18.971	7.020	4.897	174.429
223	40	255	397.575	385.475	22.142	7.927	6.425	49.305
224	38	255	1165.237	385.816	22.142	7.497	6.453	135.929
225	39	255	383.500	383.859	24.627	8.172	6.077	94.320
226	61	255	1109.320	381.205	32.042	8.932	8.696	139.017
227	56	255	1066.339	381.196	27.556	8.824	8.080	24.646
228	51	255	450.618	375.520	26.142	9.275	7.001	69.848
229	49	255	498.724	374.153	26.971	9.349	6.673	134.460
230	41	255	558.988	369.598	24.142	9.472	5.511	72.873
231	47	255	737.330	370.138	24.728	8.639	6.927	63.450
232	45	255	691.211	366.856	24.142	9.449	6.064	174.166
233	68	255	501.765	361.382	29.799	10.357	8.359	28.842
234	28	255	415.536	359.500	20.971	7.685	4.639	167.606
235	63	255	923.452	349.960	29.314	10.866	7.382	96.478
236	50	255	1209.300	344.540	25.556	9.009	7.066	10.892
237	40	255	171.175	341.150	25.213	8.949	5.691	53.933
238	49	255	829.357	339.643	24.971	8.974	6.952	106.845
239	53	255	1025.142	338.330	28.142	10.502	6.425	83.718
240	41	255	164.305	337.012	24.142	8.811	5.925	116.071
241	48	255	1212.146	331.854	27.799	10.360	5.899	137.219
242	44	255	155.568	332.455	23.314	7.645	7.328	56.310
243	44	255	858.091	331.045	25.799	9.491	5.902	5.814
244	31	255	965.081	327.597	24.971	7.256	5.440	56.194
245	64	255	791.281	323.719	28.385	9.532	8.548	45.003
246	31	255	1148.435	321.597	20.971	6.652	5.934	46.306
247	58	255	1165.207	318.224	28.627	10.929	6.757	48.952
248	38	255	118.132	319.263	22.728	9.436	5.127	175.819
249	49	255	140.602	307.827	26.385	9.620	6.486	73.874
250	93	255	1193.360	307.360	34.627	12.016	9.855	131.689
251	41	255	902.500	304.915	23.556	8.645	6.039	65.108
252	43	255	194.384	304.523	23.314	7.407	7.392	78.690
253	30	255	655.033	304.100	19.556	6.958	5.489	33.246
254	36	255	634.778	302.444	22.728	8.697	5.270	22.817
255	61	255	200.926	297.861	28.385	10.205	7.611	177.642
256	4	255	1157.000	297.000	5.657	2.257	2.257	0.000
257	50	255	1129.620	292.700	25.556	8.940	7.121	91.974
258	49	255	915.969	291.684	26.627	9.948	6.272	35.638
259	47	255	995.670	289.330	26.142	10.496	5.701	4.460
260	29	255	665.052	288.190	18.728	6.269	5.890	124.695
261	40	255	383.275	285.450	23.556	8.562	5.948	36.328
262	69	255	218.558	281.891	30.385	10.773	8.155	172.623
263	17	255	928.147	278.147	16.142	5.716	3.787	2.293
264	87	255	440.948	267.971	32.971	10.642	10.409	119.055
265	2	255	615.000	272.500	4.243	2.257	1.128	0.000
266	50	255	1203.220	268.300	28.042	9.340	6.816	50.538
267	29	255	638.397	258.155	20.385	7.928	4.658	29.711
268	50	255	1142.460	257.060	26.142	9.968	6.386	176.961
269	38	255	825.263	255.500	22.142	7.806	6.198	59.738
270	57	255	80.658	248.465	27.556	9.904	7.328	9.570
271	39	255	714.038	231.910	22.142	8.070	6.154	105.694
272	46	255	287.957	230.717	24.385	8.546	6.853	125.770
273	54	255	736.074	227.370	26.385	9.288	7.402	69.902
274	46	255	296.304	225.413	25.213	8.087	7.242	120.626
275	3	255	1223.500	227.500	6.828	3.385	1.128	90.000
276	41	255	1102.061	223.573	23.556	7.715	6.766	23.226
277	29	255	1207.052	224.190	19.314	6.984	5.287	128.325
278	43	255	393.872	219.105	24.971	9.739	5.622	105.371
279	74	255	951.716	217.649	31.799	11.328	8.318	114.976
280	42	255	354.286	214.524	31.213	9.012	5.934	68.291
281	67	255	22.739	214.112	28.971	10.296	8.285	174.640
282	37	255	190.419	213.959	21.314	7.326	6.430	170.732
283	32	255	1122.344	212.594	20.971	7.316	5.569	36.639
284	35	255	1015.186	203.586	20.728	7.280	6.121	98.472
285	48	255	575.542	199.458	25.213	8.201	7.452	86.699
286	33	255	318.803	197.894	23.213	8.383	5.012	47.542
287	65	255	1177.038	196.854	28.971	10.118	8.180	18.319
288	56	255	536.393	194.929	26.971	10.104	7.057	93.839
289	54	255	355.889	193.370	26.385	9.508	7.231	49.231
290	48	255	396.729	194.896	25.556	10.043	6.086	167.213
291	64	255	115.484	191.562	28.385	9.471	8.604	3.661
292	42	255	1120.738	189.857	23.556	7.788	6.866	94.062
293	61	255	1176.811	188.598	28.728	10.607	7.322	11.086
294	73	255	728.788	179.048	30.627	9.772	9.512	131.136
295	49	255	1046.582	177.378	24.971	8.797	7.092	82.790
296	59	255	657.568	175.025	26.971	9.051	8.300	172.725
297	69	255	1216.152	174.051	30.142	10.636	8.260	163.416
298	88	255	81.170	168.761	34.627	11.514	9.731	52.907
299	71	255	353.486	168.880	30.627	10.360	8.726	43.322
300	28	255	1136.000	168.179	19.314	7.373	4.835	141.596
301	4	255	924.000	167.000	5.657	2.257	2.257	0.000
302	4	255	1195.250	165.500	7.657	2.734	1.863	90.000
303	51	255	324.873	160.382	26.385	8.888	7.306	158.251
304	92	255	978.413	158.163	34.385	11.631	10.071	15.402
305	89	255	8.320	157.444	35.213	11.758	9.638	7.029
306	44	255	687.545	157.295	24.971	9.312	6.016	177.761
307	27	255	1108.204	154.722	22.971	7.202	4.773	170.725
308	3	255	1157.833	156.833	5.657	2.365	1.615	135.000
309	47	255	147.500	151.734	25.556	9.790	6.113	120.349
310	51	255	824.284	149.618	26.142	9.776	6.642	71.621
311	44	255	1138.386	146.023	29.799	9.062	6.182	58.455
312	4	255	854.000	148.000	5.657	2.257	2.257	0.000
313	57	255	1176.974	145.412	28.971	11.602	6.255	157.174
314	49	255	427.908	140.173	26.142	9.590	6.505	22.500
315	4	255	1205.000	140.000	5.657	2.257	2.257	0.000
316	1	255	848.500	135.500	2.828	1.128	1.128	0.000
317	39	255	1040.064	132.346	24.142	7.902	6.284	92.513
318	37	255	974.581	121.230	22.142	7.814	6.029	35.359
319	45	255	1088.611	120.744	25.799	9.914	5.779	145.168
320	43	255	837.965	114.221	23.314	8.598	6.368	76.665
321	52	255	221.692	110.423	25.556	8.874	7.461	95.414
322	62	255	112.161	107.887	28.385	10.379	7.606	18.479
323	30	255	988.967	104.900	22.728	7.600	5.026	73.048
324	61	255	924.877	102.205	28.385	10.356	7.500	114.354
325	50	255	1171.160	102.660	25.556	8.762	7.266	173.734
326	42	255	815.357	101.714	28.971	10.000	5.348	25.455
327	52	255	994.538	99.731	26.385	9.910	6.681	111.998
328	46	255	765.326	100.587	25.799	8.924	6.563	19.212
329	76	255	209.408	97.355	31.213	10.857	8.913	114.578
330	49	255	538.071	97.459	26.385	9.911	6.295	13.869
331	51	255	1017.931	96.500	25.799	9.318	6.969	64.813
332	48	255	1153.229	95.104	27.799	9.504	6.431	156.942
333	40	255	816.575	95.050	24.385	9.335	5.456	3.158
334	45	255	1210.678	94.567	24.142	8.304	6.900	28.729
335	44	255	312.841	92.182	24.385	9.601	5.835	40.716
336	64	255	828.359	91.281	28.385	9.806	8.310	136.769
337	38	255	824.000	84.026	22.971	8.343	5.799	154.336
338	4	255	1201.000	84.000	5.657	2.257	2.257	0.000
339	43	255	700.430	78.919	23.556	9.211	5.944	52.644
340	70	255	826.043	74.157	30.627	11.621	7.670	139.175
341	83	255	465.548	72.970	33.799	11.274	9.373	44.010
342	63	255	641.341	73.802	29.556	10.623	7.551	39.502
343	12	255	1204.583	74.667	12.485	4.911	3.111	80.583
344	59	255	711.975	69.941	30.627	11.911	6.307	71.480
345	32	255	381.969	69.812	23.799	8.673	4.698	79.941
346	44	255	700.727	70.932	24.971	9.528	5.880	23.321
347	12	255	1202.750	68.083	11.899	4.424	3.453	122.067
348	57	255	851.535	57.763	27.799	9.949	7.295	46.906
349	53	255	917.198	56.047	26.627	9.913	6.808	19.013
350	74	255	268.703	53.203	31.213	11.030	8.542	91.133
351	30	255	1184.100	43.333	19.556	6.345	6.020	115.191
352	74	255	860.378	40.959	30.385	10.760	8.756	118.847
353	47	255	455.053	39.734	24.728	9.261	6.462	93.524
354	53	255	212.217	36.858	26.142	9.507	7.098	42.758
355	89	255	376.174	33.961	39.113	12.561	9.022	70.040
356	86	255	629.419	33.221	34.042	10.857	10.085	138.607
357	61	255	171.549	33.238	29.799	12.160	6.387	128.260
358	46	255	1220.826	28.196	24.728	8.226	7.120	70.925
359	37	255	370.662	24.797	21.556	7.880	5.979	100.937
360	30	255	929.067	23.167	20.971	7.745	4.932	58.150
361	47	255	965.032	19.585	24.728	9.490	6.306	98.179
362	66	255	1060.439	19.515	28.971	10.588	7.937	47.133
363	1	255	1206.500	14.500	2.828	1.128	1.128	0.000
364	51	255	957.559	7.637	26.142	9.557	6.794	4.105
