 	Area	Mean	XM	YM	Perim.	Major	Minor	Angle
1	95	255	25.995	897.858	34.627	12.049	10.039	172.652
2	54	255	75.852	900.204	27.899	10.446	6.582	3.119
3	54	255	118.241	899.926	27.314	9.714	7.078	12.516
4	18	255	176.611	901.667	16.485	7.274	3.151	177.400
5	32	255	447.000	900.812	21.314	7.645	5.329	0.000
6	14	255	474.429	901.857	15.899	6.257	2.849	2.446
7	68	255	486.985	898.985	32.627	10.505	8.242	168.551
8	17	255	514.206	901.676	15.899	6.794	3.186	3.996
9	8	255	539.500	902.125	11.071	4.769	2.136	0.000
10	12	255	555.583	901.833	16.728	5.754	2.655	1.351
11	92	255	783.065	897.207	34.627	11.361	10.310	120.999
12	13	255	846.192	901.808	14.485	5.687	2.910	178.000
13	2	255	970.000	902.500	4.243	2.257	1.128	0.000
14	7	255	989.643	902.214	11.071	4.647	1.918	175.692
15	68	255	1050.221	899.750	31.314	11.604	7.461	3.594
16	2	255	1076.000	902.500	4.243	2.257	1.128	0.000
17	5	255	1080.300	902.100	7.071	3.144	2.025	18.435
18	5	255	1188.500	902.500	10.243	5.642	1.128	0.000
19	82	255	1202.378	898.012	33.213	11.499	9.079	156.134
20	9	255	1211.833	902.167	13.071	5.643	2.031	3.170
21	52	255	417.404	897.769	26.385	9.834	6.732	29.018
22	74	255	504.311	896.311	32.042	12.053	7.817	55.748
23	37	255	1153.716	898.770	21.556	7.027	6.704	16.157
24	51	255	104.657	896.225	26.627	8.663	7.496	76.435
25	44	255	758.477	897.955	27.213	10.158	5.515	171.965
26	63	255	1220.325	895.881	30.971	9.699	8.271	86.200
27	54	255	712.000	896.000	26.142	8.624	7.973	54.462
28	44	255	1095.045	896.818	23.556	8.553	6.550	30.517
29	60	255	457.000	894.500	26.971	9.213	8.292	90.000
30	35	255	979.071	895.357	21.314	8.444	5.278	9.483
31	48	255	1025.062	893.917	24.971	8.436	7.245	58.329
32	55	255	963.536	890.936	26.971	9.959	7.032	71.624
33	46	255	1035.543	892.457	26.971	8.509	6.883	174.118
34	78	255	149.538	889.231	32.627	10.499	9.459	99.103
35	49	255	433.806	891.704	25.556	8.833	7.063	12.018
36	69	255	286.514	889.819	30.142	9.668	9.087	29.938
37	33	255	970.773	890.955	20.485	6.663	6.306	117.719
38	61	255	1061.484	889.631	27.799	9.543	8.139	143.496
39	60	255	1189.517	890.067	31.799	9.945	7.682	172.626
40	82	255	621.073	888.098	32.385	10.523	9.922	114.573
41	85	255	177.312	886.700	32.627	11.111	9.740	12.399
42	70	255	491.000	887.500	29.799	10.545	8.452	26.956
43	74	255	530.676	886.919	32.870	10.424	9.039	66.578
44	82	255	601.622	886.122	33.799	11.658	8.956	106.260
45	55	255	405.845	886.864	26.728	9.069	7.721	129.088
46	47	255	1074.734	887.266	24.971	9.199	6.505	134.999
47	40	255	61.750	886.100	24.142	8.665	5.877	108.636
48	193	255	475.541	877.215	73.497	20.146	12.198	103.972
49	45	255	504.167	886.144	23.556	8.206	6.982	17.824
50	59	255	1010.144	885.500	27.799	9.811	7.657	178.382
51	42	255	517.429	884.619	25.556	9.365	5.710	47.042
52	89	255	226.006	882.669	34.870	13.191	8.590	141.919
53	61	255	250.270	883.697	29.799	11.830	6.565	159.212
54	3	255	1036.833	887.167	5.657	2.365	1.615	45.000
55	57	255	1092.096	883.395	33.213	9.426	7.699	99.753
56	107	255	547.696	880.631	57.598	13.955	9.763	139.507
57	69	255	1211.413	882.297	30.627	11.261	7.801	148.115
58	72	255	953.861	880.236	31.213	9.885	9.274	13.003
59	34	255	1165.324	883.206	20.728	7.080	6.114	15.606
60	58	255	756.466	880.172	27.799	10.149	7.276	49.438
61	1	255	985.500	884.500	2.828	1.128	1.128	0.000
62	81	255	1194.006	878.735	36.042	10.578	9.750	129.330
63	78	255	50.769	878.756	31.799	10.327	9.617	86.219
64	73	255	144.733	877.610	30.385	10.048	9.250	24.884
65	93	255	458.758	875.199	53.355	13.975	8.473	72.275
66	58	255	526.000	877.362	26.385	8.854	8.341	90.000
67	19	255	982.500	879.395	24.627	5.530	4.375	24.195
68	76	255	1042.711	876.461	44.284	13.224	7.317	53.114
69	49	255	411.806	876.541	25.556	8.019	7.780	108.611
70	53	255	297.821	876.085	25.556	8.635	7.815	127.768
71	44	255	908.432	876.591	28.627	8.628	6.493	176.770
72	53	255	1076.651	876.085	26.142	8.580	7.865	47.863
73	58	255	1023.431	874.483	27.213	8.846	8.348	59.354
74	41	255	1006.524	874.451	22.728	7.824	6.672	126.428
75	83	255	159.235	872.295	36.042	11.808	8.950	0.617
76	60	255	506.650	872.550	27.799	9.535	8.012	131.273
77	90	255	616.944	871.722	42.284	12.552	9.130	25.138
78	1	255	985.500	876.500	2.828	1.128	1.128	0.000
79	97	255	1205.716	871.582	43.113	12.755	9.683	10.226
80	55	255	135.318	871.609	26.971	9.703	7.217	118.911
81	53	255	186.198	871.500	26.627	10.574	6.382	133.483
82	89	255	263.140	870.545	36.627	14.091	8.042	146.645
83	69	255	631.978	871.065	30.142	10.830	8.112	70.302
84	42	255	658.238	871.905	23.213	7.628	7.010	95.993
85	50	255	1108.200	871.420	26.385	8.492	7.497	71.249
86	47	255	606.287	871.266	26.385	8.322	7.191	87.216
87	54	255	683.204	870.389	26.385	9.177	7.492	74.212
88	57	255	969.763	870.009	29.799	9.352	7.760	90.923
89	70	255	708.514	866.943	30.385	9.523	9.360	69.228
90	21	255	1166.833	868.881	24.385	6.642	4.026	42.121
91	39	255	1186.628	867.679	22.971	7.664	6.479	40.546
92	58	255	1221.000	866.621	29.556	11.138	6.630	95.680
93	49	255	421.378	865.806	24.142	8.471	7.365	112.198
94	2	255	458.000	869.500	4.243	2.257	1.128	0.000
95	78	255	486.667	863.795	34.042	10.856	9.148	162.609
96	58	255	584.793	863.517	27.213	9.899	7.460	135.921
97	9	255	1212.611	866.500	16.485	4.231	2.708	29.285
98	48	255	600.271	863.458	30.042	9.638	6.341	162.276
99	65	255	718.885	859.838	28.385	10.095	8.198	100.463
100	61	255	846.385	860.598	35.213	9.423	8.242	18.905
101	56	255	311.786	859.911	27.799	9.337	7.636	163.483
102	13	255	1035.115	861.885	11.899	4.380	3.779	135.000
103	55	255	613.336	859.173	26.385	8.743	8.010	28.517
104	87	255	626.707	857.029	33.799	11.388	9.727	151.091
105	21	255	1180.214	860.024	17.899	6.892	3.880	157.214
106	67	255	414.500	856.619	28.971	9.397	9.078	0.000
107	37	255	1197.797	855.878	26.627	7.820	6.025	68.498
108	46	255	206.283	856.000	25.556	8.504	6.887	83.135
109	38	255	425.789	856.421	25.799	8.227	5.881	118.305
110	47	255	801.351	856.053	24.142	8.313	7.199	98.008
111	47	255	969.436	856.032	24.142	8.713	6.869	64.105
112	97	255	1099.758	853.830	35.456	11.691	10.564	74.874
113	56	255	1210.054	855.357	27.213	10.018	7.117	43.563
114	49	255	443.153	854.786	25.799	9.383	6.649	33.712
115	48	255	1178.167	854.688	37.456	9.883	6.184	160.375
116	65	255	255.915	854.085	29.556	10.131	8.169	15.950
117	82	255	1053.037	851.927	32.627	10.586	9.862	79.178
118	64	255	462.875	853.578	28.728	10.744	7.584	4.913
119	43	255	855.477	852.058	23.799	7.765	7.051	165.280
120	55	255	1132.500	852.118	26.971	9.720	7.204	23.439
121	77	255	764.227	849.994	31.799	10.673	9.186	49.376
122	39	255	1085.474	851.551	22.728	7.365	6.742	153.077
123	71	255	394.176	849.951	29.556	10.608	8.522	176.276
124	42	255	1010.524	849.833	22.971	7.476	7.153	72.350
125	54	255	1220.741	849.537	26.142	9.447	7.278	92.983
126	52	255	473.558	848.442	26.142	9.589	6.905	105.154
127	48	255	872.792	847.479	28.627	9.941	6.148	100.150
128	44	255	1155.159	849.477	23.556	7.940	7.055	163.106
129	38	255	990.474	849.132	21.899	7.683	6.297	164.175
130	38	255	1029.842	848.526	22.971	7.390	6.547	84.703
131	89	255	1113.522	845.747	35.456	11.610	9.761	126.468
132	56	255	1066.018	846.179	29.799	9.025	7.901	107.027
133	41	255	1191.524	848.183	30.385	8.925	5.849	174.869
134	57	255	105.079	845.991	26.971	9.166	7.918	142.395
135	103	255	449.908	844.364	36.385	11.619	11.287	104.814
136	70	255	1041.929	845.343	31.213	10.290	8.662	174.062
137	86	255	700.279	842.674	34.042	12.475	8.777	61.762
138	60	255	713.767	844.300	28.385	9.821	7.779	85.319
139	88	255	742.784	843.557	34.627	11.288	9.926	35.761
140	56	255	433.232	843.571	26.385	9.287	7.677	178.277
141	67	255	677.396	843.112	29.556	9.418	9.058	2.586
142	1	255	1082.500	847.500	2.828	1.128	1.128	0.000
143	52	255	1214.442	844.000	26.971	9.455	7.003	149.274
144	48	255	423.729	842.708	30.385	8.255	7.404	29.035
145	93	255	600.145	841.306	35.456	12.046	9.830	42.717
146	43	255	1136.105	843.872	24.728	9.157	5.979	12.257
147	63	255	464.643	841.373	28.627	10.299	7.788	138.875
148	30	255	491.067	842.833	20.142	6.544	5.837	163.794
149	44	255	501.023	842.591	23.556	7.860	7.128	156.947
150	50	255	1173.280	842.080	25.314	8.880	7.169	68.154
151	34	255	589.647	841.029	22.142	7.444	5.815	11.109
152	64	255	1202.781	839.750	29.799	9.641	8.452	16.947
153	37	255	831.716	839.635	22.142	7.771	6.063	32.603
154	77	255	1001.162	838.435	33.213	11.320	8.661	11.753
155	46	255	1022.717	838.717	24.971	8.550	6.850	35.976
156	45	255	237.633	837.700	24.142	8.319	6.887	93.739
157	42	255	357.738	838.667	24.385	7.995	6.688	163.090
158	76	255	638.289	837.053	32.042	10.566	9.158	25.787
159	56	255	1122.000	838.000	26.142	9.049	7.880	45.002
160	85	255	46.453	835.759	33.799	11.914	9.084	26.461
161	17	255	65.441	838.735	14.728	4.989	4.338	104.991
162	80	255	573.375	835.987	32.385	10.354	9.838	147.628
163	42	255	1081.905	837.452	23.799	7.733	6.915	3.205
164	36	255	1144.500	837.000	21.799	7.643	5.997	136.651
165	66	255	6.591	835.182	29.456	10.159	8.272	126.612
166	33	255	482.561	836.894	20.142	7.536	5.576	161.327
167	45	255	610.744	835.233	28.971	9.345	6.131	73.526
168	3	255	68.833	836.833	5.657	2.365	1.615	135.000
169	34	255	1038.412	834.441	24.728	8.913	4.857	63.577
170	38	255	590.132	833.263	22.142	7.494	6.456	62.145
171	47	255	1012.840	832.713	24.385	8.158	7.335	147.802
172	33	255	1048.258	834.015	21.556	8.067	5.209	35.214
173	44	255	119.295	831.977	23.556	7.945	7.052	88.040
174	76	255	460.026	831.316	31.213	10.061	9.618	166.414
175	64	255	722.297	831.219	28.385	9.718	8.385	152.139
176	59	255	1028.975	831.771	26.971	9.465	7.937	61.783
177	82	255	1217.500	831.220	42.284	12.463	8.377	11.548
178	61	255	268.615	830.516	28.627	11.068	7.017	136.532
179	84	255	16.238	828.857	33.213	12.330	8.674	150.457
180	71	255	697.049	829.077	30.627	9.749	9.273	10.678
181	71	255	97.866	828.739	30.385	9.998	9.042	6.903
182	43	255	257.942	829.477	31.213	8.510	6.433	151.415
183	64	255	338.797	828.578	30.627	11.421	7.135	144.306
184	63	255	484.357	828.595	32.042	11.617	6.905	165.433
185	124	255	618.718	826.976	47.941	18.077	8.734	18.224
186	65	255	790.515	828.377	28.385	9.486	8.725	167.718
187	64	255	859.500	829.062	29.556	9.980	8.165	13.259
188	72	255	444.069	826.333	31.799	11.225	8.167	87.498
189	58	255	744.948	827.586	27.556	9.602	7.691	51.188
190	45	255	1004.611	828.433	30.627	8.877	6.454	138.674
191	35	255	413.157	827.071	21.799	6.997	6.369	179.576
192	40	255	776.100	826.275	23.556	8.890	5.729	91.247
193	47	255	979.670	826.862	24.971	7.955	7.522	45.302
194	4	255	1049.500	830.000	7.071	3.216	1.583	31.717
195	32	255	172.438	826.500	24.971	8.375	4.865	61.302
196	82	255	645.756	824.878	33.213	11.183	9.336	176.246
197	70	255	708.600	825.529	29.799	9.736	9.154	4.466
198	1	255	1040.500	829.500	2.828	1.128	1.128	0.000
199	55	255	556.882	824.664	26.385	8.925	7.846	55.436
200	43	255	1188.779	825.128	26.971	8.768	6.244	121.050
201	67	255	68.590	823.590	28.971	9.450	9.027	135.000
202	38	255	804.579	824.842	22.728	7.520	6.434	66.350
203	35	255	883.329	824.900	26.385	7.295	6.109	166.150
204	58	255	432.638	821.621	28.627	9.472	7.797	124.961
205	64	255	965.594	820.703	31.213	12.261	6.646	121.087
206	76	255	1172.579	820.816	30.971	10.990	8.805	61.092
207	47	255	459.415	821.160	28.385	8.410	7.115	56.390
208	41	255	820.890	820.110	24.971	8.091	6.452	9.968
209	84	255	95.155	816.845	34.385	12.286	8.705	88.710
210	42	255	715.286	818.857	24.971	7.464	7.165	160.617
211	17	255	793.265	820.382	14.728	5.886	3.677	50.767
212	35	255	1151.557	819.186	22.142	7.381	6.038	169.484
213	1	255	1186.500	821.500	2.828	1.128	1.128	0.000
214	77	255	726.929	814.955	32.971	12.341	7.944	93.544
215	52	255	942.192	817.077	25.556	8.988	7.367	136.434
216	37	255	1208.500	817.095	24.142	8.278	5.691	31.969
217	70	255	191.543	815.729	29.556	9.794	9.100	140.199
218	40	255	1000.225	816.125	23.213	7.839	6.497	57.534
219	55	255	474.136	814.627	26.971	8.592	8.150	72.393
220	76	255	745.408	814.145	31.556	10.943	8.843	60.143
221	56	255	806.786	813.929	28.971	8.727	8.171	109.780
222	38	255	858.316	814.816	28.971	7.212	6.708	16.957
223	44	255	26.068	812.909	24.385	7.981	7.019	72.586
224	71	255	507.585	812.556	30.971	10.471	8.633	139.304
225	30	255	688.133	813.267	21.556	7.931	4.816	71.404
226	17	255	795.324	814.206	16.728	6.781	3.192	136.922
227	3	255	973.167	816.167	5.657	2.365	1.615	135.000
228	66	255	1012.788	812.606	29.799	9.520	8.827	21.243
229	66	255	778.697	811.636	29.799	9.322	9.015	7.947
230	28	255	464.286	811.786	18.728	6.601	5.400	52.696
231	90	255	227.233	807.911	35.213	12.565	9.120	65.424
232	39	255	335.526	809.962	22.971	8.296	5.985	110.160
233	75	255	438.180	810.313	36.042	12.926	7.388	171.277
234	90	255	676.967	808.678	35.213	11.962	9.579	12.106
235	60	255	417.667	806.800	28.385	10.006	7.634	93.957
236	43	255	942.058	808.570	23.556	8.119	6.743	17.739
237	52	255	456.000	807.000	24.971	8.137	8.137	0.000
238	86	255	470.512	804.988	37.456	11.466	9.550	59.197
239	107	255	798.481	804.360	71.497	14.087	9.671	12.358
240	102	255	991.892	804.990	36.385	12.251	10.601	177.738
241	63	255	1154.294	805.611	28.971	9.249	8.672	112.115
242	78	255	1170.256	804.077	32.627	11.157	8.902	49.400
243	59	255	239.263	802.822	27.799	9.554	7.862	82.990
244	45	255	733.589	803.300	24.728	8.138	7.041	25.502
245	74	255	980.676	802.581	42.042	10.739	8.773	151.749
246	32	255	937.750	801.562	21.556	7.170	5.682	94.978
247	53	255	79.934	799.538	25.799	9.022	7.480	116.004
248	73	255	707.623	800.171	30.971	11.694	7.948	163.093
249	65	255	723.054	798.746	29.213	9.886	8.371	71.710
250	97	255	17.820	797.644	37.213	12.059	10.241	145.172
251	35	255	463.243	799.157	21.556	7.211	6.180	118.343
252	50	255	843.580	798.760	25.799	9.332	6.822	26.805
253	60	255	949.883	797.633	28.385	9.875	7.736	63.967
254	56	255	344.750	797.304	30.385	8.657	8.236	56.035
255	69	255	780.819	797.326	34.627	10.020	8.767	54.982
256	12	255	1016.667	800.583	12.485	4.911	3.111	9.417
257	80	255	418.738	795.712	32.385	11.271	9.037	97.060
258	68	255	428.441	795.824	30.385	10.240	8.455	152.382
259	98	255	1018.663	793.163	37.213	11.499	10.851	51.501
260	62	255	1215.452	795.871	28.385	9.201	8.580	13.892
261	95	255	59.058	792.500	36.042	12.543	9.643	75.020
262	82	255	473.963	793.439	33.213	11.199	9.323	43.048
263	52	255	675.038	795.192	26.971	9.113	7.265	153.721
264	49	255	664.561	795.051	25.314	9.667	6.454	177.279
265	68	255	1039.147	793.794	30.971	9.444	9.168	40.615
266	48	255	1172.083	793.438	31.799	8.560	7.140	20.033
267	33	255	1196.924	793.955	22.142	8.007	5.248	45.748
268	54	255	235.815	792.370	26.728	9.303	7.391	11.332
269	87	255	1184.902	790.132	41.456	11.381	9.733	135.098
270	77	255	462.942	790.214	31.799	10.772	9.101	146.072
271	39	255	1005.603	791.218	24.385	8.853	5.609	167.373
272	71	255	1205.275	788.415	30.385	9.937	9.097	41.442
273	46	255	386.696	788.152	24.142	7.965	7.353	85.548
274	58	255	23.741	785.069	26.971	9.179	8.045	108.665
275	65	255	449.608	785.069	28.971	9.591	8.629	20.745
276	100	255	490.250	784.950	36.385	12.002	10.608	7.295
277	62	255	682.855	785.484	27.799	9.061	8.712	79.542
278	62	255	772.887	785.710	28.385	9.475	8.331	48.412
279	43	255	149.198	784.709	23.799	9.067	6.038	41.826
280	64	255	1195.125	781.766	35.213	10.576	7.705	92.279
281	37	255	715.392	783.851	23.314	9.468	4.976	74.346
282	53	255	952.726	783.217	32.627	9.691	6.963	128.535
283	45	255	697.856	781.767	27.556	8.652	6.622	69.784
284	82	255	481.622	778.134	41.456	14.501	7.200	145.985
285	42	255	1168.024	781.429	25.799	8.923	5.993	26.408
286	73	255	662.116	778.144	31.799	10.909	8.520	44.666
287	64	255	1180.609	779.406	28.971	11.119	7.328	177.304
288	77	255	23.344	775.331	32.385	10.121	9.687	134.540
289	1	255	1189.500	777.500	2.828	1.128	1.128	0.000
290	77	255	297.721	771.383	32.042	10.497	9.340	127.067
291	38	255	391.711	773.421	22.728	8.731	5.541	45.630
292	75	255	452.900	771.927	31.213	10.686	8.936	127.142
293	64	255	471.703	770.719	35.698	12.713	6.410	73.767
294	47	255	512.266	771.670	30.870	8.272	7.234	82.626
295	111	255	1187.572	770.761	42.870	13.743	10.283	24.185
296	81	255	767.796	769.488	32.627	10.644	9.689	11.915
297	46	255	1171.587	770.870	24.971	8.239	7.109	111.661
298	82	255	231.561	768.183	33.799	10.928	9.554	85.523
299	73	255	525.185	769.651	31.799	10.205	9.108	170.892
300	83	255	714.331	768.283	32.971	11.307	9.346	76.033
301	58	255	555.466	768.759	26.971	9.354	7.895	8.465
302	71	255	595.035	766.979	30.971	10.714	8.437	69.401
303	66	255	1153.924	767.924	31.213	9.604	8.750	8.776
304	71	255	245.937	766.401	31.213	11.590	7.800	43.350
305	55	255	418.936	766.518	26.971	9.125	7.675	68.053
306	53	255	695.198	766.802	26.385	8.621	7.828	136.291
307	73	255	462.048	763.596	29.799	10.222	9.092	161.143
308	38	255	490.789	764.184	23.799	8.058	6.004	134.849
309	58	255	1207.862	762.379	28.627	8.818	8.375	31.079
310	69	255	223.370	760.717	30.627	9.907	8.868	101.550
311	39	255	429.500	762.192	22.385	7.751	6.406	73.588
312	57	255	666.412	761.377	26.728	9.649	7.521	97.718
313	69	255	405.399	760.283	29.799	9.656	9.098	116.731
314	5	255	1198.900	763.700	7.657	3.144	2.025	71.565
315	59	255	1218.398	760.076	29.213	10.651	7.053	114.466
316	70	255	150.600	757.857	33.213	10.860	8.207	62.097
317	57	255	132.658	755.904	28.627	10.615	6.837	51.789
318	68	255	120.471	755.559	28.971	9.433	9.179	26.565
319	46	255	201.283	756.348	24.142	8.357	7.008	149.701
320	55	255	182.300	755.191	26.971	8.980	7.798	10.587
321	39	255	301.321	754.397	30.142	7.187	6.909	111.731
322	60	255	389.933	753.250	27.556	9.240	8.267	61.056
323	79	255	580.348	752.728	31.799	10.656	9.440	58.280
324	78	255	400.295	751.321	32.385	10.317	9.626	124.383
325	21	255	736.024	752.500	17.314	5.962	4.485	109.935
326	56	255	755.196	751.536	27.213	9.214	7.738	41.899
327	46	255	909.870	751.217	35.698	8.855	6.614	134.427
328	48	255	1197.896	750.396	25.314	9.677	6.315	94.539
329	67	255	270.993	747.157	29.799	9.972	8.554	17.602
330	45	255	569.322	748.433	28.385	7.801	7.345	129.333
331	110	255	761.355	745.118	44.284	18.206	7.693	35.608
332	2	255	1186.500	751.000	4.828	2.257	1.128	90.000
333	54	255	195.148	745.056	25.799	8.584	8.009	20.100
334	64	255	1033.172	744.766	29.799	9.182	8.874	152.934
335	79	255	420.411	742.487	32.385	10.898	9.230	98.349
336	52	255	1177.769	744.115	25.799	8.588	7.709	139.761
337	55	255	117.573	741.355	27.213	9.179	7.629	52.270
338	47	255	398.096	741.245	25.799	9.569	6.254	14.751
339	63	255	583.151	738.548	28.728	9.765	8.215	105.037
340	43	255	831.686	737.733	23.799	7.993	6.849	120.481
341	68	255	1156.059	737.338	29.556	10.429	8.302	103.056
342	37	255	1221.824	737.338	23.314	9.029	5.218	87.444
343	45	255	854.256	736.700	23.799	8.473	6.762	136.178
344	40	255	1019.750	736.450	30.627	8.558	5.951	85.284
345	57	255	143.623	736.588	26.728	9.649	7.521	172.282
346	71	255	199.176	734.641	30.627	10.323	8.757	97.174
347	7	255	33.214	737.500	8.485	3.086	2.888	90.000
348	48	255	1190.000	734.125	26.142	9.061	6.745	24.502
349	47	255	756.585	733.926	33.556	9.836	6.084	15.446
350	76	255	798.882	731.263	32.385	10.351	9.348	126.615
351	49	255	397.194	730.908	25.556	8.502	7.338	105.524
352	74	255	993.959	730.257	30.971	10.645	8.851	25.190
353	46	255	516.087	729.130	26.385	10.181	5.753	81.717
354	67	255	782.649	729.157	30.385	10.141	8.412	88.143
355	63	255	188.468	728.214	28.385	9.498	8.445	29.465
356	39	255	161.218	727.346	24.142	8.317	5.970	72.834
357	65	255	223.992	727.438	29.213	9.979	8.293	163.329
358	51	255	622.559	727.794	34.385	8.913	7.285	83.464
359	75	255	1114.313	726.967	31.213	10.328	9.246	129.486
360	53	255	204.255	726.198	25.799	8.713	7.745	70.226
361	41	255	978.183	727.598	23.556	8.144	6.410	153.832
362	48	255	468.021	725.750	26.627	9.019	6.776	177.849
363	67	255	820.172	722.978	29.799	10.373	8.224	60.155
364	15	255	1.300	722.900	14.485	6.213	3.074	93.514
365	45	255	125.789	722.589	23.556	8.094	7.079	154.407
366	14	255	489.857	723.286	13.314	4.746	3.756	114.358
367	38	255	547.500	722.737	22.142	7.806	6.198	30.262
368	54	255	1159.333	720.222	26.385	9.828	6.996	80.912
369	43	255	855.616	719.802	34.870	7.885	6.943	76.385
370	80	255	157.963	718.538	32.971	10.948	9.304	169.103
371	30	255	1003.700	718.400	20.485	7.896	4.838	75.642
372	72	255	167.750	716.028	30.971	10.500	8.730	83.179
373	63	255	209.595	716.405	28.385	9.174	8.743	134.994
374	25	255	918.100	718.460	17.899	6.910	4.607	30.254
375	65	255	274.808	715.377	28.385	9.626	8.598	137.532
376	70	255	804.400	715.443	30.385	9.740	9.150	48.173
377	89	255	416.320	713.096	34.627	10.878	10.417	62.824
378	1	255	486.500	718.500	2.828	1.128	1.128	0.000
379	62	255	35.242	712.290	28.385	10.086	7.827	107.208
380	3	255	1223.500	712.500	6.828	3.385	1.128	90.000
381	53	255	1102.387	709.764	26.142	9.269	7.280	5.999
382	58	255	282.362	706.397	33.456	9.376	7.876	75.245
383	44	255	494.341	709.114	24.728	9.179	6.103	5.804
384	58	255	882.241	707.397	26.971	9.416	7.843	58.745
385	41	255	950.110	708.085	24.971	7.530	6.933	159.693
386	39	255	593.628	707.731	22.142	7.726	6.428	49.088
387	47	255	848.032	707.266	24.385	8.260	7.245	26.085
388	72	255	860.472	705.139	30.385	10.012	9.156	122.078
389	49	255	564.520	703.990	25.556	9.220	6.766	63.902
390	54	255	14.500	703.648	27.799	9.652	7.124	117.814
391	81	255	80.302	702.981	33.213	11.300	9.127	138.350
392	56	255	998.000	704.000	26.142	9.049	7.880	45.002
393	30	255	359.567	700.733	22.142	8.628	4.427	97.401
394	66	255	647.303	699.803	29.213	9.489	8.856	74.026
395	88	255	617.830	696.932	33.799	11.242	9.967	14.478
396	67	255	886.933	696.694	32.042	9.733	8.765	158.714
397	38	255	1050.184	696.921	26.385	7.289	6.638	109.918
398	50	255	99.100	695.240	26.142	8.584	7.416	141.916
399	77	255	301.370	694.409	32.627	10.732	9.135	37.483
400	38	255	321.105	695.368	22.385	7.626	6.344	158.774
401	48	255	1202.271	696.125	26.971	10.907	5.603	17.696
402	62	255	221.758	693.726	28.385	9.457	8.347	115.674
403	47	255	335.947	692.606	24.385	7.904	7.571	42.885
404	39	255	866.962	693.654	22.142	8.185	6.067	168.650
405	84	255	9.298	691.298	49.113	12.903	8.289	171.053
406	51	255	580.500	691.186	25.556	8.865	7.325	90.000
407	37	255	244.311	691.743	21.556	7.187	6.555	136.202
408	42	255	205.429	689.929	23.556	8.331	6.419	66.157
409	74	255	450.365	689.095	31.213	9.995	9.427	127.627
410	58	255	435.672	687.828	27.556	10.106	7.307	30.469
411	57	255	762.079	687.693	26.971	9.595	7.564	59.980
412	53	255	852.821	687.557	26.385	8.604	7.843	102.263
413	119	255	869.206	685.139	43.799	15.388	9.846	8.266
414	68	255	703.485	684.838	30.385	9.870	8.772	169.748
415	47	255	51.436	683.500	28.385	8.641	6.926	67.791
416	51	255	130.735	683.833	25.799	9.439	6.880	155.411
417	70	255	508.643	682.700	30.042	9.741	9.150	3.465
418	50	255	748.540	682.740	27.213	10.569	6.024	136.701
419	47	255	619.564	681.968	24.142	8.713	6.869	64.105
420	55	255	940.955	681.409	27.799	10.097	6.936	49.950
421	80	255	77.263	679.500	32.627	10.724	9.499	90.000
422	50	255	215.220	680.760	26.142	8.390	7.588	34.895
423	46	255	18.696	679.630	23.556	8.313	7.046	61.932
424	62	255	414.871	679.194	28.385	10.913	7.234	58.933
425	58	255	791.448	679.552	27.314	9.767	7.561	86.274
426	120	255	5.233	676.058	41.213	14.429	10.589	125.976
427	35	255	841.586	679.929	20.728	7.742	5.756	149.093
428	62	255	264.516	676.016	28.142	9.907	7.968	27.191
429	79	255	762.981	673.449	32.385	10.496	9.583	0.576
430	1	255	866.500	677.500	2.828	1.128	1.128	0.000
431	70	255	193.086	671.586	29.799	11.098	8.031	102.175
432	52	255	227.865	673.077	25.556	8.207	8.067	115.979
433	119	255	655.828	667.643	41.456	15.347	9.873	69.754
434	68	255	833.500	670.632	30.385	9.568	9.049	143.475
435	49	255	869.010	670.724	35.456	8.182	7.625	76.997
436	43	255	607.174	669.616	23.556	8.050	6.801	65.016
437	42	255	640.810	670.690	25.556	7.853	6.809	142.190
438	62	255	805.371	668.645	29.799	9.470	8.336	174.407
439	33	255	931.045	669.803	21.556	8.113	5.179	50.455
440	71	255	305.923	666.725	30.728	10.513	8.599	95.470
441	43	255	118.058	666.686	23.799	7.677	7.131	104.385
442	46	255	275.109	666.848	25.799	8.163	7.175	71.364
443	57	255	411.026	666.763	28.627	8.859	8.192	28.700
444	42	255	1133.952	665.881	30.385	8.728	6.127	84.068
445	63	255	390.405	664.706	28.385	9.469	8.471	133.045
446	86	255	759.116	662.942	34.284	11.081	9.882	31.802
447	66	255	148.712	663.379	31.213	11.539	7.283	25.086
448	35	255	1196.414	664.329	20.971	6.911	6.448	104.944
449	50	255	533.020	662.960	25.556	8.438	7.545	71.000
450	51	255	594.951	661.676	25.799	8.912	7.286	53.420
451	47	255	772.798	662.223	26.385	8.825	6.781	146.831
452	51	255	608.971	660.382	26.385	9.292	6.988	107.485
453	73	255	621.281	659.637	41.113	11.132	8.350	70.179
454	36	255	1025.806	662.139	21.314	7.153	6.408	2.382
455	73	255	1185.610	660.267	30.385	10.048	9.250	114.884
456	52	255	71.308	661.000	26.142	10.657	6.213	180.000
457	13	255	953.269	662.269	12.728	4.849	3.414	19.794
458	42	255	1144.429	660.048	25.799	8.203	6.519	157.402
459	85	255	1058.971	658.053	32.971	10.718	10.098	50.770
460	54	255	3.630	657.815	26.142	9.075	7.576	139.098
461	84	255	385.333	655.393	32.870	11.502	9.299	117.345
462	38	255	403.842	656.658	22.142	7.935	6.098	70.280
463	65	255	926.192	656.531	29.213	10.448	7.921	29.011
464	98	255	331.469	653.071	52.184	14.460	8.629	108.042
465	97	255	412.005	653.335	43.113	13.376	9.233	67.931
466	53	255	804.651	656.368	26.142	9.073	7.437	173.071
467	65	255	105.408	653.592	29.799	10.145	8.158	114.482
468	48	255	394.542	654.917	29.213	8.419	7.259	106.523
469	73	255	870.610	653.760	31.213	10.926	8.507	116.164
470	52	255	449.250	653.596	26.142	9.201	7.196	170.511
471	58	255	792.224	652.466	28.971	9.928	7.438	17.401
472	88	255	209.739	648.420	35.213	13.292	8.429	75.022
473	69	255	560.558	649.746	29.799	10.040	8.751	86.196
474	101	255	597.787	649.005	37.456	12.920	9.953	53.904
475	37	255	784.041	651.122	24.142	8.891	5.299	112.079
476	86	255	156.686	649.395	33.799	10.976	9.976	175.807
477	70	255	427.529	649.243	30.385	9.959	8.949	62.802
478	63	255	625.262	648.690	30.627	11.724	6.842	42.845
479	76	255	711.013	648.658	31.556	10.298	9.397	16.965
480	26	255	342.423	648.731	20.728	7.807	4.240	161.666
481	63	255	573.595	646.738	28.385	10.111	7.933	38.741
482	36	255	724.556	647.583	25.799	8.074	5.677	120.601
483	33	255	1112.773	648.076	21.556	7.560	5.558	16.562
484	45	255	400.078	645.611	26.627	8.072	7.098	25.886
485	56	255	1052.982	645.964	26.971	8.946	7.970	141.917
486	72	255	302.903	642.306	30.971	11.248	8.151	102.137
487	72	255	1186.403	643.014	30.971	11.222	8.169	121.123
488	63	255	1137.373	642.706	28.385	9.599	8.356	29.990
489	58	255	71.621	641.879	27.556	9.120	8.098	26.922
490	140	255	87.721	639.764	48.042	16.911	10.541	130.734
491	74	255	422.122	640.243	32.042	10.975	8.585	107.122
492	78	255	585.090	641.244	31.213	10.137	9.797	151.179
493	35	255	1123.157	641.443	20.728	7.127	6.253	78.057
494	50	255	387.680	639.300	24.971	8.138	7.823	53.248
495	40	255	314.025	639.025	22.971	7.612	6.691	15.447
496	104	255	1094.519	635.837	37.698	12.970	10.209	158.046
497	1	255	1143.500	641.500	2.828	1.128	1.128	0.000
498	64	255	715.250	635.453	31.213	10.383	7.848	28.057
499	33	255	879.500	636.348	22.142	8.152	5.154	115.203
500	44	255	481.432	635.864	28.042	10.158	5.515	44.400
501	70	255	564.529	633.714	32.971	12.996	6.858	75.538
502	52	255	576.231	636.481	26.971	9.346	7.084	166.530
503	85	255	691.171	634.488	32.627	11.391	9.501	129.282
504	3	255	862.167	638.167	5.657	2.365	1.615	135.000
505	41	255	1083.622	634.866	22.385	7.761	6.726	85.396
506	39	255	592.013	634.423	23.556	8.162	6.084	76.531
507	63	255	379.627	632.532	28.971	9.592	8.363	79.606
508	60	255	632.217	632.550	36.627	9.756	7.830	173.085
509	113	255	75.314	629.509	38.870	12.629	11.393	106.512
510	64	255	410.656	632.391	31.213	11.128	7.323	167.006
511	67	255	749.500	632.067	44.284	11.183	7.628	165.422
512	49	255	861.827	631.724	25.556	9.187	6.791	87.895
513	68	255	365.882	630.809	28.971	10.520	8.230	6.876
514	73	255	597.281	629.705	38.042	13.665	6.802	44.021
515	61	255	648.303	630.664	27.799	9.296	8.355	28.406
516	53	255	894.538	631.066	26.971	9.688	6.966	170.208
517	52	255	313.019	629.712	25.799	8.470	7.817	135.249
518	10	255	484.300	631.700	11.899	4.752	2.679	45.000
519	51	255	85.657	628.971	24.971	9.031	7.190	136.772
520	93	255	392.392	628.188	35.799	11.611	10.198	172.294
521	68	255	425.162	627.897	29.213	9.954	8.698	88.226
522	3	255	502.833	630.833	5.657	2.365	1.615	135.000
523	70	255	608.029	626.157	30.042	10.055	8.864	49.666
524	29	255	954.534	628.672	21.314	7.679	4.808	16.312
525	34	255	1166.588	627.853	39.456	7.475	5.791	129.688
526	71	255	276.204	625.768	30.385	10.230	8.837	169.008
527	64	255	323.062	625.062	28.971	10.024	8.129	179.079
528	1	255	1092.500	628.500	2.828	1.128	1.128	0.000
529	8	255	1097.125	627.625	14.485	4.992	2.040	146.044
530	69	255	716.717	623.123	31.799	12.390	7.091	27.113
531	34	255	1156.706	625.088	21.556	8.206	5.275	16.726
532	46	255	1090.217	622.087	28.627	8.717	6.719	116.030
533	81	255	572.253	618.019	32.385	10.342	9.972	63.497
534	36	255	265.778	619.194	22.142	7.937	5.775	169.993
535	2	255	1159.000	621.500	4.243	2.257	1.128	0.000
536	68	255	829.588	616.250	30.385	10.501	8.245	124.553
537	77	255	1131.396	616.305	31.799	10.989	8.922	6.138
538	37	255	1188.203	618.122	21.556	8.293	5.681	154.841
539	89	255	56.354	614.309	33.456	11.125	10.186	135.342
540	75	255	199.687	614.313	31.799	10.766	8.870	9.710
541	44	255	665.818	614.977	24.142	8.223	6.813	78.893
542	51	255	589.971	614.402	25.556	8.832	7.352	168.957
543	101	255	761.243	611.817	36.385	12.021	10.698	37.575
544	1	255	527.500	615.500	2.828	1.128	1.128	0.000
545	59	255	786.568	611.975	26.971	9.051	8.300	7.275
546	3	255	1223.500	614.500	6.828	3.385	1.128	90.000
547	80	255	966.750	610.362	32.627	10.438	9.759	2.262
548	83	255	1059.018	609.946	33.213	10.566	10.001	143.671
549	66	255	559.091	609.879	29.799	9.708	8.656	10.211
550	67	255	655.739	609.007	61.598	11.996	7.111	162.762
551	59	255	343.500	608.381	28.385	10.181	7.379	150.195
552	42	255	291.310	608.429	22.728	7.502	7.129	122.178
553	53	255	695.764	606.632	36.284	9.471	7.125	104.426
554	57	255	751.202	606.272	27.799	9.055	8.014	64.981
555	68	255	1142.250	604.809	31.799	11.145	7.768	52.176
556	61	255	15.582	603.779	28.627	9.904	7.842	51.016
557	51	255	569.657	604.186	29.799	9.234	7.033	65.390
558	70	255	1167.657	603.300	30.385	10.220	8.721	117.614
559	59	255	360.381	602.364	28.385	9.160	8.201	165.791
560	56	255	210.268	601.732	26.971	10.165	7.014	149.473
561	86	255	686.593	599.221	38.042	13.722	7.980	85.317
562	31	255	738.500	602.532	23.799	7.222	5.466	122.748
563	73	255	947.555	600.966	30.385	10.198	9.114	93.468
564	61	255	141.746	600.189	29.799	10.106	7.685	57.233
565	55	255	314.555	600.591	26.385	9.455	7.407	157.793
566	50	255	764.020	600.020	36.870	8.888	7.162	100.109
567	101	255	905.975	598.886	44.527	13.913	9.243	46.136
568	32	255	1017.344	601.688	20.142	6.789	6.001	162.521
569	53	255	1180.575	601.123	35.456	9.065	7.444	11.650
570	37	255	610.986	600.743	24.385	7.046	6.686	156.960
571	38	255	772.105	600.474	22.728	7.403	6.535	37.246
572	79	255	24.513	597.842	32.385	10.734	9.371	128.968
573	38	255	1103.237	599.579	23.556	7.345	6.587	177.400
574	50	255	994.340	597.860	29.799	9.229	6.898	118.878
575	77	255	1066.877	595.214	33.456	11.665	8.404	95.341
576	42	255	449.643	596.238	23.799	7.956	6.722	35.072
577	11	255	578.409	598.682	11.899	4.982	2.811	166.717
578	18	255	916.389	597.167	21.556	5.780	3.965	87.301
579	74	255	708.338	593.757	30.971	9.960	9.460	82.286
580	55	255	1157.900	594.627	26.971	8.821	7.939	69.260
581	67	255	588.052	592.172	32.042	9.645	8.845	1.928
582	34	255	1074.441	593.559	21.556	7.269	5.956	94.313
583	55	255	67.609	592.100	26.971	8.576	8.166	29.859
584	19	255	579.079	593.763	20.385	5.512	4.389	21.661
585	65	255	671.377	591.654	30.385	10.500	7.882	40.342
586	60	255	430.850	590.700	28.627	9.306	8.209	162.387
587	85	255	859.253	589.476	34.284	11.310	9.569	43.858
588	36	255	967.306	591.056	21.556	8.127	5.640	66.859
589	65	255	652.485	588.869	29.213	10.037	8.245	75.270
590	64	255	1187.109	589.266	30.627	10.843	7.515	23.179
591	44	255	96.932	589.432	25.799	8.141	6.881	175.231
592	57	255	1170.939	589.132	30.627	9.844	7.372	23.955
593	58	255	58.293	585.655	29.799	11.068	6.672	83.574
594	37	255	1061.635	586.554	23.556	7.886	5.974	38.594
595	64	255	690.844	585.719	29.213	9.304	8.759	158.440
596	46	255	307.326	585.261	28.627	8.298	7.058	163.823
597	63	255	998.532	584.722	28.385	9.427	8.509	165.018
598	81	255	1106.957	584.154	46.527	10.543	9.782	172.550
599	46	255	572.239	583.804	24.728	8.402	6.971	97.436
600	1	255	579.500	587.500	2.828	1.128	1.128	0.000
601	50	255	903.460	584.560	24.971	8.998	7.076	3.592
602	32	255	1222.156	583.281	21.899	9.385	4.341	86.995
603	57	255	224.798	580.728	27.799	9.556	7.595	119.788
604	76	255	981.250	579.461	32.627	10.548	9.174	118.824
605	55	255	338.009	578.427	34.627	10.057	6.963	59.274
606	68	255	193.382	577.426	29.799	9.983	8.672	18.759
607	67	255	279.918	576.470	30.627	10.032	8.503	42.567
608	41	255	1074.085	577.476	23.799	9.114	5.728	38.772
609	76	255	1181.434	577.184	30.385	10.487	9.227	65.957
610	80	255	945.788	576.312	33.556	12.571	8.103	178.699
611	57	255	181.114	574.693	27.556	8.845	8.205	118.737
612	72	255	260.292	572.639	32.971	13.066	7.016	85.501
613	54	255	471.000	574.537	26.971	8.941	7.690	90.000
614	49	255	774.153	575.031	31.456	9.394	6.642	10.980
615	50	255	93.200	573.840	25.799	8.430	7.552	22.915
616	51	255	763.049	572.441	25.314	8.668	7.491	7.173
617	46	255	667.587	570.891	24.142	8.662	6.762	59.442
618	80	255	1104.263	567.962	32.627	10.336	9.855	44.653
619	61	255	136.385	566.352	28.385	9.311	8.342	115.730
620	47	255	701.053	567.351	25.799	8.841	6.768	9.907
621	44	255	955.932	567.136	23.556	8.195	6.836	101.281
622	41	255	1000.939	567.305	22.385	7.893	6.614	173.516
623	84	255	1116.000	565.690	32.627	11.413	9.371	125.708
624	78	255	349.179	565.282	31.799	10.532	9.430	146.707
625	67	255	785.336	561.425	30.385	9.993	8.536	64.164
626	71	255	215.923	559.331	30.627	11.020	8.203	141.042
627	75	255	327.527	560.433	31.213	10.850	8.801	18.352
628	29	255	1042.397	562.328	29.799	7.672	4.813	174.743
629	48	255	265.542	559.729	24.971	9.154	6.676	16.342
630	66	255	797.697	559.045	31.556	9.853	8.529	150.474
631	65	255	37.577	558.192	28.971	9.791	8.453	0.874
632	83	255	741.669	556.633	33.213	11.804	8.953	59.988
633	61	255	621.943	555.959	32.042	10.181	7.628	60.292
634	2	255	1042.000	559.500	4.243	2.257	1.128	0.000
635	66	255	1214.879	555.167	31.456	10.328	8.137	130.500
636	70	255	379.157	554.357	30.385	11.481	7.763	34.911
637	65	255	343.931	552.715	28.971	9.443	8.764	88.913
638	42	255	1079.810	553.095	26.385	8.783	6.089	37.460
639	50	255	1161.080	552.420	27.213	8.565	7.432	98.400
640	46	255	828.087	551.739	26.042	8.188	7.153	73.344
641	77	255	1043.747	549.760	32.627	12.079	8.116	34.759
642	60	255	95.117	548.983	28.385	9.616	7.944	97.158
643	57	255	325.149	549.430	26.385	9.542	7.606	121.433
644	62	255	540.742	549.097	29.213	9.419	8.381	101.222
645	39	255	798.064	549.551	25.799	7.822	6.348	130.942
646	69	255	630.312	546.746	29.799	9.718	9.040	97.033
647	52	255	454.885	547.115	25.556	8.695	7.615	124.944
648	52	255	611.558	547.231	26.971	9.432	7.020	174.790
649	39	255	1114.500	547.500	22.142	7.981	6.222	127.534
650	64	255	41.016	545.016	29.213	9.537	8.545	118.592
651	47	255	75.883	544.691	25.556	9.346	6.403	108.232
652	1	255	1082.500	548.500	2.828	1.128	1.128	0.000
653	62	255	467.613	544.097	27.556	9.462	8.343	15.253
654	54	255	1066.574	543.315	29.213	9.723	7.072	91.178
655	86	255	1088.651	542.186	40.870	11.560	9.472	134.386
656	50	255	299.040	542.540	25.799	8.936	7.124	114.382
657	52	255	61.596	540.923	26.385	9.610	6.889	100.218
658	42	255	603.810	542.190	24.971	8.062	6.633	54.819
659	69	255	1077.703	539.674	31.799	10.608	8.282	146.977
660	33	255	1166.015	541.833	22.142	6.932	6.061	106.150
661	36	255	1192.806	541.806	21.314	7.172	6.391	76.430
662	148	255	619.074	537.797	50.527	17.548	10.739	30.408
663	11	255	806.955	541.864	11.314	3.994	3.507	161.565
664	85	255	27.182	536.794	34.042	10.562	10.247	72.885
665	113	255	45.394	534.907	42.527	16.405	8.770	43.824
666	79	255	338.854	538.272	33.556	12.268	8.199	173.300
667	63	255	265.817	536.310	28.385	9.583	8.371	58.650
668	99	255	430.247	535.439	36.627	12.306	10.243	147.014
669	67	255	498.619	536.142	28.971	9.707	8.788	40.391
670	66	255	767.788	536.318	30.385	10.144	8.284	104.341
671	51	255	1106.794	536.167	25.799	9.256	7.015	57.146
672	36	255	444.250	535.000	22.971	7.404	6.191	41.008
673	38	255	928.105	534.132	24.142	9.124	5.303	119.670
674	99	255	1183.712	532.732	35.799	12.401	10.165	168.476
675	43	255	508.058	533.291	23.556	8.069	6.785	30.517
676	76	255	1043.263	531.776	32.627	9.925	9.750	3.358
677	72	255	1023.736	530.917	30.627	10.029	9.140	26.238
678	51	255	105.245	531.284	25.799	8.700	7.463	156.712
679	61	255	1082.074	531.238	28.971	9.477	8.195	159.672
680	76	255	1094.671	530.013	32.870	12.252	7.898	152.006
681	58	255	1130.483	529.983	44.527	13.916	5.307	19.749
682	53	255	34.896	529.481	32.627	9.361	7.209	95.126
683	72	255	550.194	530.042	32.971	12.666	7.238	12.880
684	45	255	278.344	529.767	24.728	8.136	7.042	147.748
685	59	255	524.127	527.771	28.385	8.764	8.572	53.973
686	48	255	941.292	527.458	25.799	8.289	7.373	61.426
687	56	255	1069.589	527.357	27.556	9.622	7.410	67.631
688	95	255	1142.858	523.858	34.627	12.036	10.050	74.997
689	57	255	79.096	524.096	26.971	8.947	8.112	115.865
690	33	255	617.500	526.621	20.485	7.651	5.492	0.000
691	90	255	51.389	523.011	33.799	11.414	10.039	148.208
692	59	255	495.212	523.246	29.213	10.463	7.180	53.092
693	54	255	597.241	524.093	33.456	8.996	7.643	129.602
694	89	255	235.725	519.478	34.042	11.972	9.465	135.714
695	44	255	272.500	521.205	24.971	8.331	6.725	112.743
696	54	255	350.333	521.630	32.385	9.846	6.983	5.537
697	89	255	261.208	518.669	36.385	11.530	9.828	83.343
698	69	255	314.355	515.877	31.799	10.490	8.375	35.095
699	83	255	1098.717	514.163	32.627	10.771	9.811	72.272
700	66	255	1125.970	514.606	29.799	11.673	7.199	37.445
701	32	255	652.188	514.281	23.799	8.290	4.915	29.801
702	54	255	496.426	511.389	28.627	9.436	7.287	113.614
703	54	255	1203.222	510.333	27.213	9.949	6.910	143.355
704	50	255	486.300	510.500	27.213	8.913	7.143	15.482
705	54	255	598.648	508.889	26.385	8.529	8.061	20.830
706	47	255	847.606	509.372	24.971	9.207	6.500	23.459
707	79	255	149.487	506.892	41.113	10.587	9.501	7.546
708	57	255	576.360	507.149	31.213	9.031	8.036	35.331
709	33	255	722.591	508.348	20.728	7.401	5.677	173.290
710	50	255	884.280	506.640	26.385	9.605	6.628	18.966
711	54	255	1187.704	503.667	26.971	9.942	6.915	99.231
712	40	255	561.625	503.950	23.556	8.306	6.132	89.473
713	10	255	1223.200	504.500	15.657	6.425	1.982	90.000
714	90	255	163.489	500.378	41.941	11.856	9.666	90.996
715	58	255	63.241	500.362	29.213	10.943	6.749	126.855
716	80	255	37.538	499.837	34.042	12.623	8.069	142.393
717	68	255	891.382	499.824	30.385	9.633	8.988	112.116
718	60	255	905.183	500.250	37.456	8.925	8.560	11.098
719	62	255	120.871	500.097	27.799	10.587	7.457	156.228
720	70	255	263.800	498.357	30.627	11.173	7.977	154.537
721	59	255	569.992	499.042	27.556	9.052	8.299	169.630
722	68	255	192.632	496.397	29.213	10.898	7.945	142.191
723	54	255	311.815	496.296	27.556	10.369	6.631	107.677
724	59	255	1133.025	497.551	27.556	10.790	6.962	166.292
725	94	255	334.383	494.574	34.627	11.259	10.630	150.186
726	62	255	916.065	495.452	30.042	10.802	7.308	24.289
727	57	255	526.833	495.044	27.556	10.223	7.099	179.333
728	61	255	1048.238	491.582	32.627	9.467	8.204	125.883
729	94	255	28.362	489.543	35.213	11.597	10.320	120.153
730	70	255	973.471	489.914	29.799	10.273	8.676	118.484
731	64	255	997.375	490.188	29.213	9.434	8.638	173.603
732	52	255	894.750	489.385	28.385	8.783	7.538	81.119
733	48	255	349.875	488.312	26.142	9.463	6.459	91.015
734	43	255	581.221	488.174	32.042	7.958	6.880	37.627
735	59	255	527.890	487.178	28.385	9.899	7.589	11.310
736	89	255	1148.624	485.421	34.385	11.576	9.789	81.103
737	57	255	1206.009	485.079	26.385	9.166	7.918	52.395
738	61	255	320.648	484.369	27.799	9.155	8.483	152.686
739	66	255	290.470	482.833	30.042	11.177	7.519	46.666
740	57	255	220.640	482.219	28.627	10.142	7.156	132.278
741	79	255	61.829	480.715	32.042	11.780	8.538	145.677
742	110	255	487.427	477.918	37.213	12.695	11.033	68.142
743	79	255	719.462	479.399	32.385	11.663	8.624	21.164
744	6	255	46.667	481.667	8.485	3.140	2.433	45.000
745	62	255	103.145	478.403	29.213	10.528	7.498	136.162
746	82	255	191.171	478.049	38.627	10.959	9.527	119.404
747	57	255	231.219	478.272	27.213	8.961	8.099	54.027
748	108	255	254.944	476.176	38.284	13.183	10.431	53.440
749	59	255	1068.619	476.653	27.799	9.484	7.921	134.031
750	66	255	207.394	475.848	32.385	9.615	8.740	152.255
751	44	255	972.114	476.136	43.941	8.730	6.417	168.503
752	76	255	907.382	473.553	31.213	10.485	9.229	39.167
753	70	255	707.371	473.657	29.556	9.632	9.253	146.657
754	81	255	785.883	472.302	32.627	11.689	8.823	128.326
755	57	255	324.939	472.868	28.142	9.018	8.048	22.768
756	49	255	747.888	471.357	26.385	8.797	7.092	112.082
757	46	255	1036.739	472.826	24.971	8.533	6.864	169.696
758	46	255	497.630	469.957	24.142	8.761	6.686	65.705
759	62	255	845.742	468.032	28.870	10.790	7.316	137.962
760	81	255	1201.821	464.117	32.385	10.468	9.852	47.451
761	48	255	1221.000	463.500	25.556	8.974	6.811	106.400
762	67	255	149.560	461.978	30.142	10.847	7.865	91.416
763	62	255	704.726	462.677	32.627	9.679	8.156	144.091
764	51	255	339.441	462.147	26.971	8.244	7.877	105.511
765	41	255	1070.549	462.817	35.799	7.623	6.848	172.589
766	79	255	968.259	459.804	32.385	10.224	9.838	151.897
767	77	255	58.136	458.903	31.213	11.084	8.845	42.716
768	132	255	197.303	456.455	43.941	16.668	10.083	139.409
769	63	255	304.310	458.579	28.971	9.860	8.135	43.819
770	63	255	494.817	457.167	34.627	9.129	8.787	118.832
771	46	255	1077.826	458.283	32.627	7.996	7.324	177.103
772	56	255	614.321	456.768	26.971	9.814	7.265	146.954
773	36	255	547.722	455.861	22.728	8.859	5.174	72.860
774	69	255	953.529	453.080	30.627	11.768	7.465	52.590
775	53	255	1138.840	454.481	25.799	8.596	7.850	138.385
776	47	255	531.649	454.181	24.385	7.848	7.625	63.227
777	35	255	1034.071	454.443	20.728	7.316	6.091	64.748
778	87	255	1098.420	452.730	33.799	11.036	10.037	81.196
779	54	255	281.000	452.000	26.142	8.624	7.973	125.538
780	62	255	311.613	452.097	27.556	9.462	8.343	15.253
781	35	255	1066.871	452.814	21.556	7.906	5.637	160.521
782	60	255	563.067	450.650	28.627	9.856	7.751	145.045
783	55	255	1053.264	450.664	26.971	9.415	7.438	152.771
784	41	255	987.451	449.915	23.314	7.960	6.558	26.901
785	66	255	45.167	446.030	30.627	11.969	7.021	42.958
786	74	255	652.378	446.135	31.556	10.577	8.908	104.616
787	63	255	1197.659	445.532	27.799	9.553	8.396	138.613
788	66	255	937.530	444.788	44.284	9.395	8.945	17.917
789	75	255	128.793	443.513	31.799	10.549	9.053	129.400
790	68	255	1218.735	443.353	34.627	9.661	8.962	14.519
791	36	255	1145.056	442.861	22.142	8.275	5.539	25.436
792	79	255	1181.234	440.677	34.870	14.124	7.121	38.479
793	40	255	216.525	441.850	22.971	7.486	6.803	148.808
794	53	255	619.236	440.783	26.385	9.065	7.444	106.612
795	63	255	164.643	439.960	28.142	9.639	8.322	175.682
796	59	255	336.195	437.890	28.385	10.055	7.471	99.555
797	41	255	611.695	437.988	24.971	8.235	6.339	82.146
798	62	255	970.210	437.242	28.971	10.517	7.506	17.154
799	80	255	1023.337	434.262	31.799	11.127	9.154	111.363
800	74	255	150.541	434.095	33.213	10.846	8.687	175.494
801	94	255	557.096	434.426	34.971	12.760	9.380	176.141
802	49	255	1034.051	434.949	24.971	8.305	7.512	29.677
803	98	255	40.602	432.327	36.042	12.006	10.393	149.847
804	59	255	211.534	433.856	28.385	9.215	8.152	17.865
805	53	255	367.123	434.123	25.799	8.653	7.798	20.323
806	44	255	494.591	434.614	26.385	8.257	6.785	167.779
807	31	255	1221.919	432.919	23.314	7.715	5.116	91.123
808	1	255	1196.500	435.500	2.828	1.128	1.128	0.000
809	42	255	190.524	431.452	23.314	8.123	6.583	141.155
810	73	255	126.048	428.719	31.799	10.358	8.974	61.610
811	61	255	82.057	427.795	29.456	9.244	8.402	126.268
812	50	255	692.480	428.520	24.971	8.909	7.146	102.420
813	102	255	645.314	423.912	36.627	11.934	10.882	67.971
814	57	255	1217.746	425.991	39.698	9.552	7.598	2.743
815	40	255	117.225	425.300	24.385	7.988	6.376	155.930
816	51	255	180.735	425.265	24.971	8.112	8.005	45.018
817	61	255	354.139	424.615	28.627	9.187	8.454	55.537
818	29	255	786.431	425.810	18.971	6.576	5.615	150.927
819	78	255	142.538	420.538	46.527	12.021	8.262	108.066
820	59	255	658.280	423.110	28.385	10.216	7.353	146.526
821	108	255	1062.704	417.917	38.971	14.731	9.335	88.397
822	50	255	99.160	419.740	24.971	8.568	7.430	159.684
823	67	255	533.993	419.396	30.385	9.900	8.617	48.817
824	67	255	1030.127	419.679	29.556	10.590	8.055	1.270
825	68	255	627.647	417.632	31.213	11.917	7.266	117.939
826	57	255	887.325	418.535	26.627	8.940	8.118	127.243
827	62	255	16.694	416.887	28.971	10.384	7.602	73.959
828	67	255	872.321	417.187	30.385	9.486	8.992	12.470
829	1	255	1080.500	421.500	2.828	1.128	1.128	0.000
830	1	255	1223.500	421.500	2.828	1.128	1.128	0.000
831	97	255	366.397	414.510	35.213	11.709	10.548	141.584
832	70	255	32.300	413.129	30.385	10.322	8.634	117.560
833	65	255	572.931	411.869	28.385	10.131	8.169	177.145
834	77	255	750.825	411.383	33.213	10.736	9.131	32.674
835	81	255	790.191	411.611	32.971	10.811	9.540	172.956
836	69	255	909.225	412.225	31.799	12.223	7.188	174.758
837	39	255	774.115	410.756	24.385	8.175	6.074	162.012
838	63	255	1107.992	407.325	29.213	9.962	8.052	148.483
839	65	255	7.792	406.669	29.213	9.465	8.744	148.326
840	45	255	51.944	407.256	24.385	7.995	7.166	120.954
841	72	255	462.181	405.069	31.213	10.253	8.941	40.521
842	42	255	580.810	404.643	27.799	8.581	6.232	108.991
843	38	255	492.237	404.500	25.799	7.165	6.753	117.136
844	36	255	1173.222	405.667	24.971	9.411	4.871	10.973
845	78	255	168.449	400.846	32.385	10.402	9.548	61.472
846	29	255	868.810	402.534	20.728	7.196	5.131	172.812
847	79	255	618.285	399.209	32.627	10.902	9.227	67.363
848	9	255	774.722	403.167	13.314	3.733	3.070	32.492
849	81	255	682.204	398.759	32.971	10.863	9.494	152.666
850	49	255	1180.663	399.296	25.799	8.467	7.369	77.361
851	58	255	329.000	398.500	26.971	9.270	7.967	80.068
852	61	255	552.139	398.484	28.385	9.150	8.488	74.557
853	74	255	709.162	398.338	30.971	10.343	9.110	78.044
854	82	255	841.927	398.512	34.042	11.314	9.228	161.812
855	54	255	43.907	397.463	26.385	9.089	7.565	110.061
856	68	255	783.353	397.559	29.556	9.947	8.704	127.696
857	162	255	276.309	390.778	59.355	21.309	9.680	78.102
858	71	255	670.908	393.810	30.627	10.561	8.560	137.653
859	44	255	605.523	394.114	23.556	8.162	6.864	102.579
860	59	255	507.212	391.737	37.456	9.296	8.081	76.780
861	58	255	1022.414	392.034	27.556	10.263	7.195	94.781
862	55	255	62.791	391.100	27.213	9.812	7.137	47.493
863	52	255	74.981	391.038	25.799	8.739	7.576	21.542
864	44	255	1088.091	391.841	26.385	9.299	6.024	17.427
865	78	255	443.782	388.821	32.385	10.473	9.483	103.415
866	41	255	451.915	390.500	24.142	8.337	6.262	107.029
867	79	255	775.044	389.044	32.627	10.942	9.193	43.707
868	55	255	361.064	387.755	26.142	8.489	8.250	59.744
869	60	255	954.133	387.250	27.556	9.053	8.438	105.368
870	44	255	428.250	386.477	24.971	9.547	5.868	74.478
871	66	255	241.500	385.227	33.799	10.686	7.864	113.962
872	50	255	696.100	385.240	32.627	8.882	7.168	72.536
873	54	255	321.426	383.981	27.799	9.037	7.609	77.340
874	71	255	488.472	384.275	30.870	11.540	7.834	149.233
875	3	255	1091.167	387.833	5.657	2.365	1.615	45.000
876	58	255	1188.845	384.552	27.799	9.337	7.909	51.191
877	64	255	2.047	380.391	42.385	17.152	4.751	84.321
878	61	255	1144.893	383.943	28.971	10.869	7.146	25.867
879	45	255	15.633	383.567	24.142	7.852	7.297	163.947
880	58	255	287.207	383.241	27.799	10.290	7.176	146.449
881	87	255	38.477	379.822	34.627	12.129	9.133	32.277
882	69	255	74.428	380.225	30.042	9.661	9.094	122.947
883	72	255	262.333	379.681	32.385	11.589	7.910	71.333
884	52	255	355.481	378.981	27.799	8.807	7.518	39.420
885	73	255	448.007	376.568	31.799	10.854	8.563	89.316
886	44	255	767.568	377.841	24.142	8.309	6.743	117.061
887	45	255	1066.167	378.211	24.142	8.586	6.673	165.727
888	62	255	550.000	377.000	28.385	9.614	8.211	169.586
889	61	255	815.943	376.402	29.799	9.690	8.015	52.969
890	48	255	825.604	375.646	29.799	8.092	7.553	71.213
891	95	255	365.142	373.563	34.971	11.760	10.286	98.261
892	68	255	993.382	373.500	30.627	10.721	8.075	68.148
893	56	255	848.411	373.804	26.385	9.407	7.580	154.885
894	64	255	506.953	372.453	38.284	10.234	7.962	59.459
895	60	255	974.683	372.000	27.799	10.207	7.484	152.966
896	40	255	869.700	371.050	24.385	8.133	6.262	11.123
897	96	255	1070.844	368.646	35.799	11.604	10.533	74.008
898	40	255	984.200	368.175	27.799	8.038	6.336	119.344
899	51	255	126.245	367.598	25.799	8.813	7.368	111.080
900	84	255	320.345	367.452	32.385	11.265	9.495	176.278
901	72	255	602.792	367.042	31.213	10.934	8.384	55.013
902	69	255	787.949	366.790	29.799	10.364	8.476	106.317
903	65	255	58.608	366.423	28.385	9.563	8.654	40.082
904	37	255	1043.365	367.554	21.556	7.750	6.079	141.546
905	60	255	844.083	363.700	40.870	10.264	7.443	107.385
906	41	255	363.085	364.500	24.142	9.012	5.793	7.441
907	50	255	815.740	363.380	25.314	8.419	7.562	1.879
908	51	255	960.598	362.637	25.799	9.920	6.546	32.121
909	53	255	72.406	361.783	26.142	9.378	7.196	6.313
910	78	255	255.628	360.487	32.385	11.570	8.583	23.627
911	77	255	489.032	360.136	31.213	11.328	8.654	134.268
912	97	255	370.696	358.541	36.627	12.016	10.278	5.812
913	49	255	629.194	360.439	24.728	8.364	7.459	10.618
914	50	255	892.580	360.100	31.213	8.251	7.715	152.743
915	43	255	1095.756	357.570	23.556	8.342	6.563	22.795
916	79	255	522.804	355.335	33.213	11.368	8.848	160.719
917	42	255	1150.357	356.429	22.728	8.120	6.585	136.109
918	69	255	127.326	352.659	29.799	9.983	8.800	175.829
919	67	255	360.545	350.679	29.799	9.813	8.694	124.773
920	42	255	662.643	350.690	22.728	7.751	6.899	142.513
921	74	255	816.878	348.189	31.213	10.658	8.840	155.436
922	60	255	852.383	349.033	27.556	9.157	8.343	161.524
923	31	255	833.500	348.500	19.314	7.360	5.363	90.000
924	58	255	536.534	346.534	27.799	9.759	7.567	127.594
925	53	255	325.236	346.179	25.799	8.830	7.643	5.684
926	67	255	914.739	345.082	31.456	12.102	7.049	37.080
927	57	255	415.956	345.254	40.870	9.739	7.452	21.036
928	340	255	477.624	332.621	91.983	26.618	16.264	80.120
929	65	255	671.069	343.485	29.799	11.402	7.259	135.804
930	45	255	1086.056	344.100	24.385	8.232	6.960	22.389
931	45	255	513.189	343.456	25.799	9.243	6.199	135.768
932	87	255	460.489	341.144	33.799	11.221	9.872	158.058
933	63	255	752.563	340.198	30.385	9.620	8.338	160.669
934	67	255	445.978	338.575	30.385	11.378	7.498	76.777
935	65	255	554.654	339.700	28.385	9.535	8.680	142.262
936	59	255	790.941	340.110	27.799	9.248	8.123	170.700
937	41	255	868.695	340.110	25.799	8.457	6.173	53.600
938	83	255	91.837	335.295	42.870	15.548	6.797	55.294
939	41	255	836.500	338.963	22.971	8.049	6.485	104.944
940	53	255	607.047	337.877	29.799	9.303	7.254	43.000
941	89	255	775.534	335.545	34.042	12.115	9.354	139.226
942	69	255	132.413	335.486	28.971	9.647	9.107	147.359
943	78	255	710.051	334.038	32.042	12.249	8.108	46.924
944	43	255	1089.756	336.360	23.314	7.492	7.307	101.391
945	57	255	168.588	333.868	28.971	10.526	6.895	70.154
946	78	255	622.026	333.256	34.870	11.417	8.699	61.238
947	53	255	536.934	334.123	35.799	9.303	7.254	166.096
948	70	255	461.557	329.886	30.385	10.420	8.553	61.775
949	45	255	200.633	330.100	26.971	8.768	6.534	117.824
950	75	255	148.527	328.060	30.971	10.044	9.507	79.555
951	51	255	452.951	327.363	26.142	9.115	7.124	91.515
952	45	255	830.544	328.967	30.042	9.117	6.284	8.684
953	93	255	850.210	325.790	34.627	11.950	9.909	97.105
954	55	255	1108.555	327.409	31.213	9.045	7.742	55.359
955	62	255	1050.952	325.565	30.385	11.663	6.768	112.457
956	38	255	138.816	326.263	22.385	7.664	6.313	113.209
957	50	255	608.280	325.660	24.971	8.157	7.804	19.866
958	50	255	1082.660	326.140	31.799	8.265	7.702	118.685
959	47	255	993.883	326.074	25.556	10.016	5.974	176.693
960	30	255	355.967	323.167	19.314	6.949	5.496	132.363
961	1	255	827.500	325.500	2.828	1.128	1.128	0.000
962	73	255	1066.938	321.267	30.385	10.160	9.148	22.942
963	65	255	182.608	319.654	29.799	10.724	7.717	51.565
964	61	255	225.385	318.648	28.142	10.351	7.504	85.057
965	58	255	405.121	318.931	28.385	10.519	7.021	61.347
966	83	255	983.476	318.596	32.971	11.140	9.487	82.816
967	49	255	1126.949	318.194	25.799	8.248	7.564	15.226
968	50	255	239.540	317.000	24.971	8.122	7.838	90.000
969	37	255	1090.878	317.986	22.142	8.161	5.773	8.057
970	56	255	778.679	315.000	27.213	10.460	6.817	61.542
971	50	255	442.000	311.940	27.556	10.702	5.948	101.784
972	66	255	455.833	312.242	29.799	9.579	8.772	120.640
973	33	255	483.015	311.591	20.142	7.336	5.727	124.070
974	2	255	1092.000	313.500	4.243	2.257	1.128	0.000
975	64	255	525.797	307.859	29.213	10.600	7.687	53.711
976	112	255	395.795	305.188	38.627	12.550	11.362	85.060
977	73	255	251.171	305.007	33.213	10.724	8.667	109.421
978	69	255	117.123	303.123	31.799	11.768	7.466	98.050
979	38	255	1097.684	305.500	22.142	7.727	6.261	132.548
980	40	255	674.175	304.150	22.971	8.178	6.227	66.786
981	66	255	863.136	303.652	28.971	10.214	8.227	179.495
982	128	255	308.992	301.102	42.042	14.096	11.562	173.750
983	53	255	643.425	301.085	31.213	9.564	7.056	86.431
984	35	255	234.043	301.300	20.728	7.237	6.158	81.374
985	53	255	265.104	299.425	31.213	9.798	6.887	131.540
986	33	255	1078.288	299.500	20.971	7.440	5.647	19.501
987	115	255	85.630	295.839	38.627	12.533	11.683	87.727
988	79	255	880.918	296.247	32.627	11.272	8.924	68.437
989	69	255	184.906	295.804	30.385	10.817	8.122	78.793
990	72	255	558.556	296.472	30.971	10.367	8.843	119.756
991	62	255	546.177	295.371	27.799	9.172	8.607	131.061
992	58	255	1054.828	295.586	26.971	9.327	7.918	67.742
993	44	255	671.000	295.523	24.971	7.995	7.007	47.642
994	46	255	781.109	295.261	24.385	7.939	7.377	110.274
995	93	255	1070.522	293.070	36.042	13.776	8.596	155.583
996	67	255	1196.754	294.396	40.042	12.279	6.947	165.619
997	80	255	149.162	292.475	32.627	10.799	9.433	174.793
998	90	255	335.144	291.533	34.627	11.724	9.774	47.434
999	72	255	901.333	292.472	30.971	9.712	9.439	11.468
1000	62	255	998.210	292.645	28.142	9.726	8.116	67.803
1001	36	255	678.194	291.611	24.971	8.059	5.688	85.782
1002	54	255	687.426	292.537	26.142	9.368	7.340	166.758
1003	38	255	110.658	291.658	21.556	8.058	6.004	134.999
1004	50	255	1166.580	290.960	25.556	9.025	7.054	107.901
1005	18	255	534.500	291.000	14.485	5.587	4.102	23.109
1006	85	255	798.829	288.194	33.556	10.856	9.969	121.503
1007	55	255	75.482	287.136	27.213	9.321	7.513	101.594
1008	59	255	1179.517	287.449	32.042	10.051	7.474	31.008
1009	117	255	732.731	284.406	57.941	12.674	11.754	38.806
1010	77	255	137.331	285.227	31.799	10.620	9.232	4.030
1011	62	255	1220.016	284.403	34.042	9.980	7.910	77.001
1012	84	255	548.714	283.679	34.627	12.629	8.469	49.687
1013	77	255	188.955	283.370	30.971	10.484	9.352	161.121
1014	42	255	540.381	282.857	24.142	8.778	6.092	88.018
1015	58	255	1047.534	282.379	31.456	9.126	8.092	136.554
1016	33	255	481.015	282.439	21.556	7.939	5.293	41.120
1017	60	255	660.450	280.850	29.213	8.816	8.666	12.010
1018	71	255	253.923	279.627	29.799	10.068	8.979	17.036
1019	91	255	491.390	279.368	37.213	13.671	8.476	10.821
1020	93	255	63.403	276.855	34.385	12.462	9.501	96.022
1021	72	255	240.833	277.083	31.213	10.851	8.449	137.225
1022	76	255	319.934	276.750	31.213	10.706	9.039	135.799
1023	100	255	469.860	276.800	38.627	11.652	10.927	156.809
1024	57	255	643.114	278.026	38.870	11.043	6.572	159.854
1025	81	255	1159.179	276.451	32.627	10.532	9.793	81.939
1026	130	255	107.800	273.877	41.698	13.900	11.908	125.647
1027	85	255	1176.347	275.700	33.213	11.039	9.804	175.290
1028	66	255	670.030	275.439	29.556	9.758	8.612	112.143
1029	53	255	701.934	275.991	26.142	9.157	7.369	125.591
1030	77	255	560.123	273.149	31.799	10.383	9.443	168.948
1031	47	255	848.436	274.840	26.385	8.777	6.818	175.698
1032	50	255	722.120	272.760	24.971	8.052	7.906	163.112
1033	88	255	1008.670	270.864	53.941	10.923	10.258	133.385
1034	89	255	615.904	270.624	33.799	11.680	9.702	57.489
1035	44	255	159.818	271.500	24.142	8.582	6.528	36.542
1036	72	255	446.833	270.458	29.799	10.319	8.884	10.721
1037	67	255	75.097	270.007	28.971	10.259	8.315	178.396
1038	40	255	377.400	270.625	23.556	7.486	6.803	50.407
1039	74	255	853.297	267.378	32.284	11.098	8.489	51.429
1040	33	255	930.712	270.167	23.556	7.138	5.886	173.132
1041	79	255	352.930	266.816	31.799	10.637	9.456	26.292
1042	41	255	482.890	267.841	23.556	7.804	6.689	49.915
1043	65	255	733.823	267.792	29.213	9.401	8.804	177.271
1044	42	255	1076.738	267.738	24.142	8.159	6.554	83.096
1045	61	255	363.779	267.172	28.142	9.610	8.082	172.682
1046	104	255	643.221	263.490	53.355	13.237	10.004	54.555
1047	38	255	505.342	266.474	22.728	7.960	6.078	122.580
1048	61	255	879.959	264.566	27.556	9.368	8.291	97.786
1049	71	255	192.937	263.542	29.799	10.768	8.396	152.100
1050	46	255	652.261	263.826	24.142	8.535	6.862	66.580
1051	70	255	244.586	262.214	30.385	10.785	8.264	58.173
1052	53	255	776.915	261.972	26.385	9.380	7.194	127.834
1053	63	255	1220.770	262.071	29.314	10.570	7.589	91.480
1054	83	255	797.187	259.536	34.870	13.033	8.108	124.649
1055	59	255	166.195	259.127	27.799	10.083	7.450	18.969
1056	38	255	538.342	259.974	21.899	7.535	6.421	19.342
1057	89	255	614.534	257.287	33.799	11.377	9.960	4.280
1058	57	255	905.009	257.868	32.627	8.938	8.119	159.603
1059	76	255	64.868	256.316	31.799	10.350	9.349	100.287
1060	75	255	96.353	254.620	30.971	10.000	9.549	70.344
1061	60	255	564.067	253.033	27.556	8.998	8.490	70.162
1062	97	255	734.438	252.985	35.799	11.902	10.377	10.090
1063	44	255	1159.682	254.545	23.314	8.009	6.995	134.086
1064	52	255	1172.673	254.192	25.556	9.214	7.186	9.891
1065	68	255	331.897	251.721	31.456	11.387	7.604	39.437
1066	87	255	21.661	250.351	34.042	10.979	10.089	158.843
1067	56	255	489.161	250.018	27.556	8.623	8.269	19.769
1068	117	255	215.013	247.338	40.042	14.894	10.002	158.761
1069	62	255	247.274	248.694	28.385	9.961	7.925	132.427
1070	58	255	636.103	248.897	26.728	8.884	8.312	45.004
1071	72	255	788.736	247.972	30.627	10.588	8.659	38.380
1072	53	255	954.443	248.349	35.213	10.017	6.737	100.658
1073	70	255	1139.443	247.871	30.385	10.228	8.714	65.207
1074	82	255	580.244	247.646	32.385	11.181	9.337	15.297
1075	41	255	511.451	247.110	23.556	8.386	6.225	58.477
1076	64	255	617.609	245.547	42.870	9.701	8.399	76.035
1077	63	255	316.341	245.357	29.799	9.439	8.498	76.534
1078	48	255	1065.583	245.479	34.627	10.224	5.977	63.176
1079	128	255	90.422	240.953	47.113	16.948	9.616	50.733
1080	84	255	649.798	244.167	34.042	11.267	9.492	0.679
1081	65	255	1155.408	244.408	28.385	9.569	8.649	135.000
1082	22	255	1222.636	244.364	20.485	8.502	3.295	87.881
1083	38	255	857.237	244.395	22.728	7.324	6.606	117.374
1084	66	255	1026.576	241.030	36.042	10.620	7.913	46.744
1085	41	255	541.207	239.280	22.971	7.578	6.889	102.333
1086	104	255	988.231	236.510	38.042	13.234	10.006	123.436
1087	75	255	752.820	235.913	30.627	10.090	9.464	43.950
1088	54	255	321.074	234.537	27.799	10.431	6.591	117.472
1089	83	255	585.524	234.898	33.556	11.041	9.572	66.174
1090	47	255	1076.351	235.968	26.142	8.565	6.987	86.861
1091	46	255	1149.609	235.239	25.556	8.384	6.986	140.179
1092	59	255	1219.212	234.127	30.627	9.425	7.970	32.857
1093	81	255	78.821	233.525	36.042	11.510	8.960	3.968
1094	60	255	1010.917	231.483	29.213	9.411	8.118	141.480
1095	42	255	203.952	231.833	22.971	8.332	6.418	25.787
1096	83	255	1165.367	230.295	32.627	11.170	9.461	164.718
1097	63	255	732.135	229.659	28.971	10.402	7.712	13.571
1098	15	255	1024.167	232.100	18.142	6.502	2.937	147.508
1099	67	255	99.769	228.440	29.799	10.084	8.459	52.356
1100	66	255	384.788	228.303	29.799	10.071	8.344	33.762
1101	73	255	704.555	228.212	31.556	10.475	8.873	111.734
1102	78	255	620.462	226.115	31.213	10.612	9.359	84.942
1103	61	255	763.156	226.893	27.799	10.299	7.541	119.015
1104	61	255	964.221	227.664	28.142	9.711	7.998	113.588
1105	58	255	1148.948	226.828	32.870	9.659	7.646	25.235
1106	56	255	749.054	225.500	27.213	8.684	8.211	171.984
1107	91	255	79.258	224.357	37.213	13.997	8.278	27.079
1108	65	255	843.192	223.023	28.385	10.338	8.006	164.784
1109	72	255	24.056	220.194	34.042	10.394	8.820	65.125
1110	46	255	325.696	221.826	24.971	8.729	6.709	163.557
1111	59	255	636.195	220.500	27.799	9.136	8.222	90.000
1112	65	255	932.054	218.454	30.385	11.489	7.204	74.192
1113	67	255	980.724	219.784	38.870	9.668	8.823	22.351
1114	44	255	1022.886	219.659	24.971	8.783	6.378	123.975
1115	50	255	154.200	219.220	26.385	8.417	7.563	29.597
1116	121	255	757.186	217.566	41.456	14.239	10.820	171.626
1117	69	255	94.964	217.688	31.213	9.912	8.863	170.620
1118	38	255	740.474	216.684	25.799	8.468	5.714	105.574
1119	70	255	82.014	214.686	30.385	9.821	9.075	32.296
1120	52	255	1199.788	213.250	29.799	9.131	7.251	76.726
1121	60	255	726.483	212.850	27.799	10.123	7.547	41.806
1122	48	255	1082.688	213.583	27.556	10.624	5.753	17.345
1123	87	255	1178.006	211.833	33.213	10.548	10.502	137.218
1124	32	255	19.781	212.656	20.971	7.052	5.778	165.468
1125	99	255	871.924	209.217	35.799	12.209	10.325	81.486
1126	53	255	161.104	210.142	26.385	8.610	7.838	22.711
1127	39	255	764.397	209.013	22.971	7.984	6.219	37.843
1128	53	255	143.689	207.745	26.971	9.898	6.817	117.549
1129	97	255	238.088	206.820	35.456	11.870	10.404	162.743
1130	53	255	681.858	206.821	24.971	8.437	7.998	31.996
1131	90	255	419.789	204.800	48.527	11.595	9.883	6.844
1132	45	255	651.056	206.100	24.971	8.277	6.922	21.036
1133	64	255	959.938	205.188	30.042	11.278	7.225	48.155
1134	48	255	991.604	205.396	26.385	8.910	6.859	0.854
1135	92	255	287.913	202.772	38.627	13.950	8.397	24.263
1136	54	255	478.074	204.000	26.142	8.881	7.742	38.002
1137	45	255	774.544	203.744	25.799	9.824	5.832	146.193
1138	104	255	974.394	201.663	37.456	13.054	10.144	151.596
1139	74	255	75.257	201.419	31.213	10.281	9.164	123.602
1140	64	255	89.094	200.062	28.971	10.971	7.427	117.150
1141	101	255	232.035	197.955	36.042	12.868	9.994	130.243
1142	40	255	379.225	199.750	24.971	8.232	6.187	164.699
1143	58	255	346.345	197.483	27.213	9.493	7.779	123.307
1144	67	255	749.201	195.381	30.627	10.219	8.348	44.427
1145	50	255	993.100	195.040	25.799	8.389	7.588	95.870
1146	51	255	1019.833	195.716	28.971	8.437	7.697	6.010
1147	54	255	47.981	194.963	27.799	8.858	7.762	166.307
1148	48	255	716.146	194.833	28.627	9.296	6.575	153.651
1149	81	255	803.623	193.414	34.284	11.330	9.103	109.495
1150	42	255	284.262	195.048	24.142	8.711	6.139	4.664
1151	32	255	643.438	195.281	22.142	7.175	5.679	168.140
1152	67	255	31.366	192.634	29.556	9.805	8.700	65.565
1153	53	255	212.028	191.726	27.799	9.012	7.488	97.548
1154	45	255	1033.900	192.522	23.556	8.389	6.830	168.611
1155	69	255	302.587	190.181	31.213	9.964	8.817	108.445
1156	52	255	39.442	188.577	26.142	9.801	6.755	115.987
1157	98	255	257.092	187.724	36.042	12.174	10.250	34.634
1158	69	255	326.181	187.210	29.799	10.662	8.240	83.197
1159	73	255	628.829	187.226	31.213	10.014	9.281	68.498
1160	68	255	905.250	187.662	30.385	9.780	8.852	151.801
1161	52	255	244.154	185.750	25.799	8.899	7.440	51.572
1162	72	255	338.889	185.028	31.456	9.770	9.383	171.964
1163	22	255	965.409	187.045	21.556	6.876	4.074	117.741
1164	79	255	683.032	184.044	32.870	11.325	8.882	152.446
1165	94	255	952.840	183.521	41.113	15.112	7.920	37.701
1166	65	255	60.408	183.208	30.042	9.824	8.424	149.539
1167	72	255	369.972	181.264	30.627	10.588	8.659	128.380
1168	79	255	212.968	180.019	32.627	11.128	9.039	169.196
1169	39	255	620.141	181.013	24.385	8.246	6.022	25.298
1170	74	255	696.595	180.135	30.971	10.442	9.023	97.809
1171	54	255	743.370	178.389	27.213	9.889	6.953	30.177
1172	67	255	853.858	177.231	29.799	10.183	8.378	178.169
1173	29	255	1208.397	179.328	20.142	6.445	5.729	178.212
1174	83	255	28.211	174.500	35.456	10.966	9.637	121.902
1175	14	255	41.429	177.143	13.899	4.935	3.612	69.337
1176	38	255	549.447	176.711	23.556	7.992	6.054	32.397
1177	57	255	644.816	175.202	28.142	9.127	7.952	169.132
1178	57	255	353.921	173.991	26.971	9.166	7.918	37.605
1179	87	255	244.213	171.282	35.213	13.596	8.147	121.617
1180	71	255	482.880	171.655	30.627	10.410	8.684	133.734
1181	54	255	190.204	171.648	27.556	10.501	6.548	122.691
1182	43	255	791.802	169.988	26.142	8.848	6.188	74.873
1183	77	255	260.136	167.669	32.627	11.685	8.390	52.973
1184	58	255	621.414	168.138	28.627	9.199	8.028	140.822
1185	50	255	574.440	168.080	31.213	8.621	7.385	77.169
1186	69	255	693.094	164.819	30.385	10.666	8.237	91.164
1187	73	255	704.253	164.473	30.971	10.219	9.096	37.604
1188	37	255	759.527	163.581	33.213	7.169	6.571	133.050
1189	76	255	1003.618	161.671	32.385	11.489	8.422	72.748
1190	77	255	40.045	160.058	31.213	10.553	9.290	23.325
1191	74	255	537.568	157.716	31.799	11.058	8.520	73.980
1192	86	255	60.523	155.884	37.213	14.428	7.589	66.786
1193	66	255	117.697	157.455	29.556	9.608	8.747	82.533
1194	26	255	1118.269	158.808	21.314	6.317	5.241	108.546
1195	67	255	23.440	156.187	29.556	9.460	9.017	171.254
1196	28	255	1108.250	157.893	20.728	7.362	4.843	154.838
1197	62	255	11.774	155.629	31.456	9.364	8.430	20.165
1198	79	255	608.880	155.804	32.385	12.355	8.141	176.800
1199	38	255	1034.368	155.289	22.728	8.063	6.001	49.860
1200	71	255	859.866	152.669	30.385	10.273	8.800	172.508
1201	55	255	652.064	151.591	26.971	9.264	7.559	48.132
1202	37	255	744.581	152.959	21.314	7.326	6.430	9.268
1203	66	255	692.758	151.091	29.556	9.885	8.502	178.902
1204	93	255	487.629	147.823	34.870	11.728	10.097	120.260
1205	86	255	760.291	149.023	33.799	10.708	10.226	11.155
1206	17	255	1.324	149.206	16.485	6.794	3.186	93.996
1207	61	255	421.303	148.270	27.799	9.237	8.409	129.322
1208	40	255	709.750	146.450	25.556	7.510	6.782	53.641
1209	52	255	699.500	144.423	27.456	8.596	7.703	8.081
1210	41	255	687.646	143.500	22.142	7.550	6.915	133.952
1211	52	255	1026.385	143.058	26.385	8.842	7.488	49.502
1212	57	255	987.956	141.167	34.870	9.237	7.857	107.770
1213	71	255	523.401	139.401	29.556	9.785	9.239	45.000
1214	48	255	636.896	140.208	24.971	8.603	7.104	55.755
1215	61	255	310.402	135.582	28.971	9.886	7.856	119.419
1216	68	255	945.926	133.662	31.213	10.335	8.377	156.494
1217	27	255	681.759	132.315	18.728	6.325	5.435	46.369
1218	39	255	900.423	129.936	21.899	7.636	6.503	10.730
1219	67	255	771.709	126.440	29.213	10.118	8.431	178.641
1220	75	255	962.167	126.100	44.284	10.678	8.943	38.260
1221	60	255	309.833	123.100	28.385	9.690	7.884	64.673
1222	58	255	1009.603	124.086	27.556	9.443	7.821	32.008
1223	50	255	795.780	123.040	34.627	9.796	6.499	143.166
1224	62	255	941.823	122.403	39.698	10.162	7.769	129.017
1225	51	255	901.578	122.127	26.627	9.508	6.829	141.732
1226	78	255	716.154	119.192	31.213	10.248	9.691	34.835
1227	79	255	118.095	116.753	31.799	10.602	9.487	12.174
1228	54	255	612.222	117.074	26.142	8.461	8.126	82.065
1229	56	255	820.000	117.000	26.142	9.049	7.880	45.002
1230	32	255	642.812	116.656	20.142	6.771	6.017	97.420
1231	39	255	84.603	114.141	24.385	7.194	6.902	171.790
1232	79	255	167.842	111.753	31.799	10.587	9.501	41.621
1233	103	255	1158.053	107.966	36.385	12.942	10.133	68.910
1234	48	255	131.208	109.042	24.971	7.979	7.659	127.454
1235	61	255	1047.418	106.008	29.213	9.939	7.814	43.571
1236	78	255	1140.423	105.128	32.042	10.451	9.503	153.795
1237	61	255	340.877	104.877	27.556	9.371	8.288	19.407
1238	16	255	799.250	106.938	13.899	5.015	4.062	27.990
1239	80	255	815.763	100.775	40.284	14.028	7.261	125.852
1240	56	255	299.857	101.893	28.385	9.296	7.670	145.697
1241	63	255	912.944	100.246	28.627	9.731	8.243	15.768
1242	74	255	708.176	97.392	32.385	10.107	9.322	11.622
1243	62	255	94.210	95.758	28.385	9.318	8.472	43.598
1244	110	255	426.609	91.682	37.213	12.354	11.337	89.379
1245	1	255	1099.500	97.500	2.828	1.128	1.128	0.000
1246	57	255	791.026	92.535	28.385	9.886	7.341	56.979
1247	52	255	684.269	91.135	27.799	8.684	7.624	56.228
1248	34	255	755.559	93.147	23.556	7.558	5.727	155.915
1249	28	255	1097.250	92.750	19.556	7.270	4.904	155.007
1250	59	255	509.432	91.076	27.556	9.383	8.006	6.640
1251	88	255	412.205	88.182	35.456	12.128	9.239	149.796
1252	70	255	803.814	89.757	30.385	10.417	8.556	21.338
1253	40	255	1022.400	90.700	22.728	7.837	6.498	30.991
1254	74	255	601.676	87.270	32.042	10.090	9.338	168.875
1255	59	255	363.500	86.636	29.213	9.052	8.299	172.040
1256	60	255	538.283	86.867	26.971	9.280	8.232	15.265
1257	85	255	1049.806	85.147	38.870	15.852	6.827	133.615
1258	38	255	1059.658	87.184	22.142	7.862	6.154	163.298
1259	73	255	1026.760	83.267	32.042	9.691	9.591	176.362
1260	56	255	1083.929	84.875	26.142	8.993	7.929	137.051
1261	49	255	84.418	83.888	25.556	8.804	7.087	103.558
1262	28	255	1179.857	81.393	19.556	6.891	5.173	136.323
1263	2	255	1184.500	84.000	4.828	2.257	1.128	90.000
1264	45	255	738.056	80.567	23.556	7.990	7.171	12.207
1265	54	255	233.259	78.111	26.385	8.798	7.815	42.425
1266	65	255	391.115	78.054	29.799	10.569	7.830	1.313
1267	62	255	418.855	76.581	28.627	9.045	8.728	94.500
1268	71	255	173.261	75.275	30.385	11.214	8.062	77.221
1269	79	255	182.715	75.918	33.213	10.869	9.254	37.188
1270	44	255	82.614	74.909	27.213	8.307	6.744	54.309
1271	63	255	519.421	74.659	28.385	9.409	8.525	42.220
1272	58	255	563.741	74.603	28.971	9.431	7.830	52.939
1273	68	255	1005.971	71.868	30.042	10.693	8.097	49.480
1274	47	255	378.457	71.074	25.799	9.079	6.592	124.345
1275	64	255	118.344	69.812	29.213	9.474	8.601	14.043
1276	40	255	92.975	68.725	23.556	7.853	6.485	128.862
1277	110	255	103.591	65.236	46.527	15.773	8.880	35.173
1278	44	255	654.000	67.977	30.042	8.030	6.976	92.857
1279	51	255	79.206	66.520	25.799	8.527	7.615	115.455
1280	57	255	406.009	66.289	26.385	8.648	8.392	82.272
1281	62	255	937.403	66.758	30.385	9.288	8.500	60.046
1282	51	255	733.539	66.225	25.556	8.562	7.584	49.578
1283	67	255	349.888	63.231	29.799	9.558	8.925	137.710
1284	52	255	682.058	63.192	32.385	9.164	7.225	147.110
1285	72	255	980.806	62.250	29.799	10.247	8.947	161.935
1286	82	255	156.512	60.817	33.213	11.131	9.380	67.005
1287	108	255	886.472	58.676	45.698	12.218	11.255	98.776
1288	83	255	795.367	58.717	33.456	11.146	9.481	38.710
1289	116	255	69.905	55.250	40.870	15.250	9.685	70.047
1290	24	255	239.958	59.708	18.142	6.576	4.647	11.373
1291	75	255	391.553	56.847	30.385	10.181	9.379	81.700
1292	82	255	96.098	53.915	39.698	11.396	9.162	92.113
1293	56	255	143.411	56.571	26.971	9.851	7.238	22.484
1294	53	255	368.726	56.972	26.385	9.326	7.236	55.823
1295	264	255	311.958	51.674	67.012	21.804	15.416	7.465
1296	50	255	668.660	55.420	34.042	8.856	7.189	60.009
1297	61	255	130.418	54.730	28.385	9.761	7.957	128.478
1298	64	255	186.891	53.859	28.385	9.936	8.201	90.442
1299	72	255	267.069	53.847	31.213	11.103	8.257	28.314
1300	602	255	373.580	37.608	124.853	36.756	20.854	64.398
1301	45	255	402.878	54.567	29.213	8.358	6.855	151.479
1302	73	255	1153.473	53.212	30.971	9.900	9.389	116.989
1303	51	255	450.716	53.049	24.971	8.512	7.629	126.190
1304	66	255	815.000	49.409	29.314	9.788	8.585	90.000
1305	83	255	779.669	46.596	49.698	12.018	8.794	78.240
1306	52	255	298.615	45.981	28.971	11.386	5.815	119.655
1307	48	255	979.208	46.000	24.728	8.356	7.314	73.181
1308	45	255	1074.678	44.878	24.142	8.301	6.903	75.491
1309	50	255	388.900	43.840	24.971	8.485	7.503	162.013
1310	58	255	1171.638	43.000	26.971	8.854	8.341	1.822E-13
1311	38	255	1220.132	44.000	25.556	8.355	5.791	22.639
1312	50	255	880.840	40.300	25.213	9.227	6.899	126.600
1313	41	255	1047.695	41.744	22.728	7.807	6.687	140.981
1314	77	255	965.136	38.136	31.213	10.434	9.396	34.485
1315	89	255	1137.815	37.287	33.799	11.101	10.208	94.314
1316	76	255	995.000	36.132	31.213	10.655	9.082	134.869
1317	62	255	25.806	35.145	28.971	9.943	7.939	103.103
1318	69	255	796.732	34.123	34.385	11.296	7.778	51.012
1319	77	255	981.708	33.747	32.627	10.595	9.253	22.153
1320	72	255	393.889	33.403	30.385	10.938	8.381	30.226
1321	39	255	721.295	34.346	22.971	7.423	6.689	99.449
1322	29	255	603.776	34.086	19.556	7.048	5.239	156.252
1323	79	255	131.892	30.690	32.627	11.207	8.975	46.179
1324	1	255	1223.500	35.500	2.828	1.128	1.128	0.000
1325	68	255	1069.941	29.941	29.799	10.173	8.510	166.628
1326	5	255	1223.100	30.700	7.657	3.144	2.025	108.435
1327	78	255	644.333	25.974	31.799	10.590	9.378	132.465
1328	48	255	1161.708	26.417	31.456	9.243	6.612	129.652
1329	53	255	1174.311	26.708	29.799	9.289	7.265	132.513
1330	81	255	182.043	22.722	33.213	10.667	9.669	107.367
1331	50	255	208.700	25.220	26.142	10.183	6.252	6.632
1332	68	255	407.221	20.132	29.799	9.894	8.751	165.040
1333	89	255	859.837	19.815	34.385	11.302	10.026	53.200
1334	100	255	1073.730	19.140	40.627	14.895	8.548	129.827
1335	86	255	117.651	18.360	35.213	11.639	9.408	74.248
1336	58	255	492.017	19.655	28.971	9.594	7.698	97.689
1337	67	255	846.858	18.500	30.385	10.920	7.812	100.790
1338	51	255	275.500	19.108	25.799	8.827	7.356	19.940
1339	77	255	587.240	18.292	31.799	10.456	9.377	41.664
1340	53	255	1193.915	19.142	26.142	8.351	8.080	64.184
1341	68	255	12.206	17.426	30.385	10.027	8.635	41.031
1342	44	255	80.091	18.636	23.556	7.972	7.028	3.546
1343	54	255	476.148	17.481	26.385	8.601	7.994	92.230
1344	76	255	365.855	15.829	31.799	10.781	8.976	152.414
1345	89	255	207.073	11.354	34.042	11.400	9.941	63.846
1346	63	255	606.310	11.548	29.799	9.982	8.036	150.132
1347	48	255	740.667	12.458	25.799	9.185	6.654	35.373
1348	51	255	459.598	8.775	25.556	8.358	7.769	123.971
1349	108	255	811.611	5.398	39.213	14.537	9.459	120.820
1350	61	255	368.221	5.779	29.799	9.844	7.890	32.222
1351	75	255	651.967	3.447	30.385	10.282	9.288	161.165
1352	77	255	835.838	3.110	32.142	10.436	9.394	9.206
1353	66	255	912.455	3.106	30.627	9.583	8.769	14.930
1354	97	255	217.892	2.325	44.385	16.455	7.506	4.845
1355	43	255	204.709	1.802	24.728	8.476	6.460	162.392
1356	56	255	277.411	1.750	28.728	11.439	6.233	5.426
1357	32	255	1117.719	0.844	21.899	9.385	4.341	3.005
1358	20	255	163.300	0.350	18.485	7.868	3.236	2.828
1359	14	255	324.000	0.214	13.899	6.173	2.888	0.000
1360	8	255	1180.750	-0.250	13.071	5.666	1.798	175.269
1361	5	255	1003.500	-0.500	10.243	5.642	1.128	0.000
