 	Area	Mean	XM	YM	Perim.	Major	Minor	Angle
1	10	255	154.600	902.100	13.071	6.132	2.076	6.021
2	44	255	893.818	899.773	24.142	9.006	6.220	35.018
3	23	255	970.065	897.413	17.314	7.071	4.141	86.298
4	33	255	503.076	888.470	20.142	7.516	5.590	62.807
5	28	255	471.607	888.536	18.142	7.154	4.983	165.982
6	21	255	40.595	885.548	17.314	6.519	4.102	54.121
7	46	255	110.630	884.674	24.385	9.224	6.350	25.486
8	26	255	369.923	884.923	19.556	6.675	4.960	48.289
9	48	255	438.521	884.271	24.971	9.322	6.556	19.473
10	30	255	256.133	883.633	20.142	6.957	5.490	129.749
11	49	255	963.867	882.908	29.213	10.248	6.088	143.719
12	27	255	327.907	881.722	20.971	7.870	4.368	140.106
13	31	255	418.113	879.565	21.556	8.340	4.733	60.072
14	47	255	860.947	880.372	24.971	8.659	6.911	35.584
15	46	255	514.261	878.087	31.213	10.523	5.566	54.620
16	73	255	323.500	873.884	38.284	14.335	6.484	116.571
17	44	255	839.273	875.136	28.385	8.262	6.781	60.200
18	49	255	220.643	872.827	25.556	9.706	6.428	135.898
19	4	255	607.000	875.000	5.657	2.257	2.257	0.000
20	25	255	716.340	872.580	18.971	7.163	4.444	156.032
21	47	255	7.096	869.330	26.385	10.635	5.627	126.096
22	21	255	380.643	871.976	16.485	6.050	4.420	176.509
23	29	255	82.914	866.500	20.142	8.508	4.340	127.155
24	46	255	688.630	866.283	25.799	10.366	5.650	149.274
25	40	255	825.525	865.075	30.042	8.972	5.676	60.745
26	37	255	350.581	865.797	23.556	10.034	4.695	157.632
27	42	255	955.857	865.095	22.728	8.415	6.355	8.649
28	37	255	1076.284	862.014	25.799	8.434	5.586	95.093
29	37	255	101.392	857.716	22.728	8.091	5.823	12.301
30	25	255	265.340	857.780	18.142	6.512	4.888	0.227
31	60	255	736.267	855.033	29.799	10.515	7.265	11.685
32	6	255	442.667	856.833	9.899	4.387	1.742	32.243
33	27	255	47.981	853.500	19.556	7.972	4.312	50.535
34	52	255	976.250	852.962	26.385	10.019	6.608	142.214
35	69	255	307.196	851.645	36.627	10.336	8.500	137.006
36	35	255	709.814	852.557	22.971	6.806	6.548	87.456
37	41	255	874.988	851.012	24.142	8.859	5.893	97.486
38	23	255	591.370	849.674	19.556	6.678	4.386	102.400
39	25	255	643.700	849.780	20.385	7.073	4.501	142.436
40	44	255	3.727	847.682	25.213	9.294	6.028	117.104
41	34	255	274.441	847.324	22.728	8.687	4.983	88.121
42	57	255	859.746	843.132	29.799	9.786	7.416	101.988
43	42	255	953.095	843.238	32.042	8.509	6.284	123.877
44	35	255	890.386	843.071	24.385	8.682	5.133	127.220
45	50	255	996.040	841.680	28.385	8.867	7.179	165.526
46	27	255	736.944	841.759	20.728	6.614	5.197	150.888
47	32	255	593.344	840.656	20.728	7.923	5.143	169.655
48	29	255	521.948	837.914	20.142	7.760	4.758	81.544
49	34	255	639.029	838.647	20.142	7.027	6.160	115.348
50	49	255	663.051	837.010	26.385	9.907	6.297	89.623
51	30	255	453.267	838.933	20.728	8.898	4.293	176.575
52	50	255	1057.480	835.340	27.556	9.372	6.793	74.475
53	41	255	1104.183	833.768	23.314	8.546	6.108	17.793
54	28	255	723.000	831.964	20.728	7.781	4.582	44.986
55	36	255	576.139	830.778	23.556	9.685	4.733	109.648
56	3	255	968.167	830.167	5.657	2.365	1.615	135.000
57	35	255	617.671	827.271	22.142	8.608	5.177	2.872
58	29	255	588.397	825.672	18.728	7.121	5.185	80.031
59	27	255	502.685	823.204	21.314	7.037	4.885	71.894
60	44	255	991.886	823.000	32.971	8.317	6.736	91.122
61	48	255	249.812	820.938	25.314	8.673	7.047	67.149
62	23	255	1081.065	821.326	19.556	7.509	3.900	138.633
63	29	255	598.328	821.190	21.556	7.937	4.652	172.605
64	34	255	870.706	821.088	24.971	8.022	5.396	156.397
65	27	255	668.093	820.574	17.899	6.451	5.329	12.492
66	58	255	354.534	816.069	28.385	10.004	7.382	99.353
67	72	255	1066.792	815.792	30.627	11.324	8.096	40.988
68	21	255	544.500	817.500	15.314	5.171	5.171	0.000
69	30	255	611.933	816.833	18.728	6.503	5.874	157.545
70	46	255	757.087	815.239	28.385	8.121	7.212	12.090
71	28	255	666.821	814.107	20.142	7.596	4.693	38.331
72	23	255	276.500	813.674	16.485	5.433	5.390	0.000
73	39	255	135.013	807.218	22.728	8.557	5.803	114.675
74	27	255	276.167	806.389	19.556	6.961	4.939	108.435
75	56	255	627.036	805.893	26.971	9.175	7.771	153.007
76	28	255	1205.071	805.250	22.728	7.372	4.836	124.767
77	43	255	488.360	804.942	23.556	8.286	6.607	64.590
78	30	255	744.000	804.933	21.556	7.457	5.122	30.190
79	17	255	659.735	804.676	14.728	5.068	4.271	160.300
80	27	255	666.278	799.389	21.556	7.999	4.298	90.444
81	31	255	274.210	797.855	20.971	8.785	4.493	54.827
82	44	255	643.045	794.545	24.971	8.932	6.272	92.530
83	63	255	305.357	794.040	30.627	10.541	7.610	169.907
84	52	255	547.577	793.654	27.213	9.695	6.829	47.354
85	20	255	687.000	794.050	19.799	5.350	4.760	44.841
86	25	255	62.940	791.940	19.314	8.367	3.804	106.051
87	41	255	236.622	790.622	23.799	9.696	5.384	135.000
88	61	255	620.287	790.336	28.385	10.355	7.500	130.636
89	36	255	131.722	789.583	24.385	8.732	5.249	13.901
90	32	255	442.656	788.469	21.314	8.278	4.922	105.803
91	47	255	678.181	786.479	25.799	9.405	6.363	34.266
92	1	255	112.500	789.500	2.828	1.128	1.128	0.000
93	29	255	435.259	786.603	19.314	7.507	4.918	74.265
94	28	255	1066.000	786.357	18.485	6.539	5.452	0.000
95	29	255	44.500	783.879	20.142	7.912	4.667	108.549
96	53	255	206.142	783.406	26.385	10.128	6.663	156.475
97	30	255	71.233	781.267	19.556	6.720	5.684	112.690
98	63	255	286.437	779.008	32.042	11.133	7.205	140.275
99	23	255	1069.065	781.239	17.314	6.385	4.586	6.535
100	43	255	1120.523	779.593	28.385	10.323	5.303	77.999
101	38	255	630.079	779.368	22.385	7.825	6.183	27.143
102	29	255	398.086	778.569	20.142	7.988	4.622	13.305
103	34	255	692.912	776.382	20.728	8.114	5.335	125.207
104	43	255	551.523	774.105	24.728	10.323	5.304	94.994
105	31	255	273.500	775.306	21.799	8.256	4.781	30.048
106	43	255	1091.872	773.942	24.385	7.716	7.096	43.404
107	32	255	1053.344	773.625	21.556	7.845	5.194	175.028
108	32	255	222.062	771.562	21.556	7.026	5.799	102.704
109	41	255	596.524	770.500	24.728	9.495	5.498	88.560
110	20	255	535.000	771.900	15.899	6.031	4.222	167.875
111	74	255	165.257	765.973	30.971	11.463	8.220	12.805
112	23	255	519.717	767.804	18.728	7.232	4.050	171.094
113	30	255	472.200	765.667	20.971	7.964	4.796	130.022
114	39	255	868.500	764.500	23.314	9.463	5.247	85.514
115	26	255	851.846	764.654	17.899	6.366	5.200	176.492
116	35	255	1217.014	763.929	22.971	7.932	5.618	6.466
117	32	255	92.062	760.094	20.971	7.810	5.217	154.285
118	2	255	1104.500	762.000	4.828	2.257	1.128	90.000
119	25	255	73.740	757.980	17.899	6.593	4.828	106.342
120	29	255	122.224	754.638	19.899	7.484	4.934	92.773
121	28	255	751.357	752.464	20.728	7.375	4.834	93.117
122	41	255	27.744	750.085	28.385	9.528	5.479	120.721
123	27	255	91.907	751.722	18.971	5.968	5.761	82.502
124	45	255	628.478	749.478	26.385	9.511	6.024	154.491
125	21	255	907.119	749.738	22.728	7.054	3.790	79.728
126	67	255	133.948	747.366	30.627	10.472	8.146	156.293
127	34	255	180.588	747.824	20.728	8.187	5.288	83.841
128	27	255	301.722	748.796	18.971	7.928	4.336	140.628
129	55	255	405.136	746.027	28.385	10.355	6.763	22.876
130	28	255	94.500	745.393	19.314	6.628	5.379	77.034
131	34	255	538.000	742.706	25.556	7.849	5.516	58.140
132	34	255	413.324	741.941	20.728	7.304	5.927	152.298
133	20	255	130.250	737.450	15.314	5.713	4.457	132.920
134	31	255	371.532	735.500	21.314	7.159	5.513	93.969
135	22	255	1103.136	736.318	18.142	6.486	4.318	150.824
136	36	255	76.333	734.056	24.142	9.726	4.713	7.120
137	41	255	156.159	729.159	23.556	9.038	5.776	69.673
138	28	255	652.286	728.964	20.142	7.660	4.654	32.461
139	39	255	87.167	726.885	23.314	9.084	5.466	65.440
140	52	255	112.135	724.673	26.385	9.720	6.811	118.584
141	60	255	840.833	724.033	28.385	10.630	7.187	116.458
142	66	255	610.697	723.288	30.627	11.298	7.438	31.663
143	38	255	359.026	722.316	22.728	8.321	5.815	87.613
144	36	255	392.417	723.528	22.142	9.278	4.940	165.480
145	47	255	1058.755	720.160	26.385	9.066	6.601	112.865
146	42	255	53.786	719.405	24.385	8.713	6.138	168.862
147	30	255	1088.033	718.967	23.799	7.628	5.007	174.908
148	31	255	763.984	717.242	21.314	7.957	4.960	15.808
149	29	255	328.086	712.086	18.728	7.072	5.221	45.000
150	38	255	911.526	710.789	26.627	9.252	5.229	137.800
151	40	255	142.350	709.625	23.799	8.442	6.033	124.480
152	42	255	258.286	707.595	24.142	8.764	6.102	38.106
153	50	255	376.120	706.360	25.799	10.052	6.333	16.137
154	32	255	928.938	704.719	22.971	7.656	5.322	75.192
155	40	255	340.300	702.800	26.142	9.174	5.552	123.599
156	35	255	419.129	703.186	21.556	8.501	5.242	114.682
157	45	255	160.167	699.856	24.385	8.416	6.808	29.075
158	30	255	325.600	700.733	20.142	7.411	5.154	25.163
159	37	255	837.851	699.068	24.971	8.721	5.402	75.856
160	37	255	70.203	698.122	21.556	8.293	5.681	154.841
161	26	255	130.654	695.846	17.899	6.366	5.200	93.508
162	46	255	334.348	691.130	25.213	9.741	6.012	135.201
163	57	255	235.289	688.939	28.385	10.791	6.725	68.744
164	53	255	529.462	690.160	26.971	10.247	6.586	1.722
165	34	255	396.088	689.618	20.971	7.450	5.811	48.194
166	37	255	826.122	688.662	22.142	8.668	5.435	164.686
167	30	255	1150.333	687.933	21.799	7.897	4.837	167.591
168	52	255	1200.000	686.173	32.627	9.475	6.987	131.720
169	26	255	374.885	686.962	19.556	6.986	4.739	124.666
170	49	255	512.929	683.949	26.385	9.094	6.860	46.043
171	26	255	444.115	684.962	20.142	7.603	4.354	15.275
172	62	255	113.065	682.387	29.799	11.272	7.003	32.535
173	39	255	129.936	682.038	22.142	8.428	5.892	71.663
174	43	255	308.244	681.942	23.799	8.572	6.387	136.136
175	58	255	408.103	681.172	28.385	10.642	6.939	71.020
176	31	255	919.274	683.339	24.385	7.904	4.994	155.264
177	44	255	346.182	680.932	24.971	8.572	6.536	89.314
178	53	255	885.292	675.953	36.870	9.792	6.891	95.998
179	49	255	75.092	676.010	26.142	10.305	6.054	78.338
180	28	255	1137.750	676.857	23.799	6.549	5.443	115.358
181	35	255	320.043	675.786	21.556	8.133	5.479	67.826
182	32	255	378.906	674.500	21.556	7.830	5.203	32.166
183	30	255	450.567	675.567	19.314	7.326	5.214	175.306
184	55	255	160.445	671.955	26.385	9.663	7.247	96.740
185	32	255	278.719	673.781	21.556	7.651	5.325	0.909
186	50	255	866.200	671.520	30.971	8.929	7.130	80.482
187	39	255	1169.090	671.654	26.385	8.576	5.790	16.152
188	54	255	295.204	667.463	30.385	9.080	7.572	114.377
189	36	255	359.278	668.361	22.142	8.279	5.537	131.740
190	48	255	383.167	664.896	27.799	10.257	5.959	56.628
191	95	255	534.689	662.121	35.799	12.878	9.393	101.561
192	36	255	333.583	664.139	23.799	9.253	4.954	20.485
193	31	255	461.403	663.048	20.142	7.348	5.372	11.151
194	30	255	855.767	660.800	20.971	6.756	5.654	161.041
195	24	255	320.208	660.208	17.314	6.135	4.981	92.973
196	37	255	123.176	658.959	22.142	8.223	5.729	18.114
197	20	255	435.100	655.000	15.899	6.031	4.222	77.875
198	24	255	360.167	654.625	16.728	6.111	5.001	160.395
199	18	255	374.500	654.500	16.728	6.754	3.393	170.355
200	38	255	131.132	651.868	23.799	8.816	5.488	45.000
201	42	255	413.881	649.786	23.556	8.792	6.082	96.121
202	27	255	137.426	649.093	17.899	6.451	5.329	102.492
203	40	255	271.925	648.375	22.971	8.664	5.878	35.612
204	66	255	369.318	647.227	30.385	10.653	7.889	2.853
205	61	255	519.943	646.451	28.142	9.805	7.921	68.308
206	32	255	94.125	647.031	21.556	8.231	4.950	38.182
207	22	255	465.227	646.500	18.728	7.654	3.660	121.099
208	44	255	675.364	645.295	23.556	7.765	7.215	116.430
209	34	255	351.412	642.059	23.556	7.640	5.666	28.110
210	38	255	112.526	638.684	24.142	9.635	5.022	83.075
211	27	255	407.574	641.093	17.899	6.451	5.329	77.508
212	18	255	418.222	640.167	17.556	6.937	3.304	163.700
213	39	255	668.987	636.141	28.728	8.280	5.997	80.814
214	24	255	1031.500	636.667	20.385	7.775	3.930	149.527
215	33	255	579.318	634.470	28.042	8.300	5.062	137.669
216	37	255	368.446	633.473	22.728	9.272	5.081	8.122
217	35	255	469.671	632.643	25.213	9.320	4.781	158.938
218	30	255	598.300	633.533	20.728	8.013	4.767	5.804
219	15	255	638.100	633.100	13.071	4.659	4.099	135.000
220	99	255	419.995	628.096	40.042	11.922	10.573	157.549
221	42	255	101.905	629.333	24.385	8.600	6.218	165.601
222	32	255	947.656	628.344	25.799	7.088	5.749	81.939
223	38	255	286.711	628.342	21.556	7.224	6.698	120.275
224	49	255	324.214	627.357	26.971	9.696	6.434	96.190
225	42	255	350.452	628.238	24.142	7.788	6.866	144.293
226	71	255	1158.641	627.092	30.385	10.547	8.571	111.936
227	32	255	181.812	626.844	25.556	7.767	5.246	73.084
228	42	255	294.071	626.976	23.556	7.987	6.695	112.761
229	31	255	307.048	626.306	23.314	9.640	4.094	94.185
230	54	255	657.574	626.796	27.213	10.567	6.506	41.615
231	29	255	750.397	628.397	23.314	8.505	4.342	21.670
232	26	255	169.308	625.808	18.728	7.101	4.662	82.304
233	65	255	277.715	622.946	29.799	10.896	7.596	72.955
234	28	255	374.893	625.000	18.728	7.098	5.023	41.404
235	46	255	701.957	623.674	24.728	9.275	6.315	79.920
236	42	255	529.214	623.524	23.556	7.650	6.990	174.013
237	26	255	368.077	622.962	18.142	6.293	5.261	165.583
238	45	255	973.744	621.367	24.385	9.270	6.181	113.707
239	25	255	573.100	621.500	20.142	6.919	4.600	34.573
240	27	255	597.352	622.870	20.971	8.149	4.219	170.195
241	44	255	878.455	621.682	23.314	8.009	6.995	44.086
242	42	255	743.929	619.381	23.556	8.573	6.238	160.141
243	31	255	396.016	618.242	20.142	7.940	4.971	124.971
244	30	255	359.733	616.100	23.213	8.113	4.708	113.900
245	31	255	685.339	614.694	22.971	7.513	5.253	55.849
246	38	255	593.447	615.526	24.142	9.382	5.157	178.560
247	38	255	312.632	612.474	23.314	9.251	5.230	87.543
248	43	255	112.012	611.081	24.142	8.729	6.272	97.881
249	34	255	220.088	611.147	23.799	8.625	5.019	115.503
250	27	255	341.093	613.426	17.899	6.451	5.329	167.508
251	25	255	377.620	613.260	18.142	6.745	4.719	178.077
252	36	255	511.194	611.778	21.556	8.389	5.464	65.648
253	55	255	662.064	609.591	29.456	11.332	6.180	67.040
254	28	255	296.607	610.286	20.385	7.839	4.548	51.913
255	19	255	475.816	611.026	20.971	6.312	3.832	30.754
256	47	255	608.543	608.330	26.042	9.862	6.068	46.662
257	29	255	254.466	608.914	18.385	6.587	5.605	173.365
258	29	255	466.879	608.983	21.556	8.044	4.590	41.797
259	44	255	670.409	607.705	27.799	8.247	6.793	56.247
260	70	255	1191.157	607.429	30.971	11.722	7.604	37.353
261	49	255	707.602	605.439	25.556	9.308	6.703	100.178
262	25	255	748.780	606.860	18.971	6.245	5.097	6.560
263	20	255	872.700	605.600	20.142	6.583	3.868	97.448
264	54	255	388.259	602.963	33.213	9.891	6.951	95.602
265	23	255	487.457	604.804	18.142	5.863	4.995	61.056
266	38	255	698.158	603.184	22.142	7.680	6.300	82.761
267	57	255	732.500	601.500	27.314	9.758	7.438	97.210
268	33	255	194.591	600.894	21.556	7.850	5.352	135.336
269	55	255	404.173	599.300	26.971	10.000	7.003	122.279
270	40	255	638.825	600.950	22.728	8.456	6.023	23.721
271	41	255	927.402	599.963	24.971	9.150	5.705	129.887
272	65	255	105.715	599.085	29.799	10.541	7.851	172.905
273	78	255	598.282	595.436	51.598	14.039	7.074	103.240
274	36	255	1100.639	599.472	26.385	8.509	5.387	150.896
275	53	255	247.236	597.896	26.385	9.966	6.771	140.693
276	40	255	217.025	597.375	25.799	7.582	6.717	16.519
277	23	255	681.630	597.674	18.142	7.370	3.974	120.794
278	37	255	142.473	595.203	22.385	7.395	6.371	151.970
279	43	255	190.709	595.198	23.556	8.417	6.505	123.784
280	26	255	335.885	596.385	19.556	7.523	4.401	15.861
281	42	255	459.500	594.095	22.971	7.854	6.809	56.493
282	27	255	486.611	593.389	23.799	6.647	5.172	153.097
283	54	255	961.870	592.981	26.142	8.883	7.740	52.533
284	56	255	308.911	589.000	28.385	10.947	6.513	119.959
285	24	255	361.250	589.875	19.314	7.674	3.982	78.929
286	28	255	369.964	590.857	18.728	6.364	5.602	58.449
287	26	255	650.962	590.385	22.728	6.960	4.756	151.375
288	68	255	114.279	587.456	29.799	11.035	7.846	34.043
289	23	255	271.935	589.848	19.556	7.052	4.153	165.872
290	61	255	429.172	587.762	27.799	10.329	7.519	157.097
291	33	255	816.712	589.591	20.728	7.880	5.332	7.615
292	24	255	379.083	588.083	22.385	6.035	5.064	154.968
293	48	255	637.292	584.333	27.556	10.636	5.746	86.001
294	18	255	668.944	585.722	17.899	5.947	3.854	64.594
295	46	255	1160.717	584.174	26.627	8.521	6.874	3.129
296	22	255	368.091	583.182	16.728	6.091	4.598	5.366
297	49	255	467.092	581.704	26.142	9.661	6.458	76.385
298	76	255	332.974	580.487	36.042	13.307	7.272	21.260
299	39	255	348.218	579.397	23.556	9.176	5.411	71.900
300	32	255	538.719	580.438	20.971	7.993	5.098	131.968
301	44	255	1221.568	579.227	27.556	10.012	5.595	96.936
302	19	255	377.342	578.658	16.728	6.650	3.638	126.027
303	52	255	411.885	578.154	25.799	9.644	6.866	144.660
304	36	255	99.500	577.417	21.556	7.613	6.021	157.198
305	46	255	781.457	574.543	25.556	9.322	6.283	93.225
306	35	255	289.157	574.443	20.728	7.127	6.253	78.057
307	18	255	354.333	575.833	16.728	6.163	3.719	7.840
308	34	255	740.294	573.824	21.556	7.452	5.809	101.963
309	39	255	766.321	574.885	23.314	8.696	5.710	21.558
310	45	255	680.722	572.433	24.971	9.454	6.061	152.238
311	41	255	157.305	571.256	24.142	9.570	5.455	50.844
312	47	255	214.734	571.713	24.971	9.530	6.279	159.830
313	27	255	537.500	572.389	20.728	7.649	4.494	177.661
314	30	255	242.967	569.567	20.971	8.726	4.378	130.246
315	29	255	6.259	568.224	19.556	7.532	4.902	55.571
316	24	255	363.792	569.000	18.142	6.599	4.631	45.852
317	61	255	396.254	567.926	28.971	10.173	7.635	6.340
318	13	255	746.885	569.808	14.728	5.110	3.239	28.632
319	22	255	351.773	567.364	17.314	7.211	3.884	102.439
320	44	255	656.114	566.818	23.799	9.384	5.970	41.335
321	40	255	339.125	566.850	22.971	8.810	5.781	154.778
322	61	255	459.943	564.352	29.213	11.376	6.828	146.804
323	51	255	127.931	563.931	25.556	9.719	6.681	45.000
324	62	255	505.452	562.710	28.385	11.025	7.160	102.265
325	144	255	306.958	558.167	49.113	14.768	12.415	66.593
326	46	255	579.848	560.717	33.213	9.293	6.302	85.835
327	37	255	89.419	561.797	24.142	9.692	4.861	15.131
328	41	255	698.110	560.939	26.971	8.127	6.424	89.166
329	29	255	116.603	559.052	20.142	7.467	4.945	107.246
330	34	255	381.588	559.382	20.971	6.999	6.185	141.299
331	48	255	555.958	559.208	25.799	9.654	6.331	146.473
332	56	255	769.589	559.393	29.213	10.943	6.516	162.631
333	61	255	176.057	556.730	29.213	10.440	7.440	30.494
334	33	255	279.409	556.015	23.556	8.874	4.735	110.780
335	21	255	360.881	556.405	16.142	6.630	4.033	151.533
336	31	255	152.242	554.242	20.142	7.086	5.570	94.581
337	50	255	131.160	551.080	25.799	9.087	7.006	121.759
338	47	255	676.011	551.926	24.971	9.462	6.324	47.275
339	27	255	294.426	550.981	23.799	7.285	4.719	39.748
340	34	255	653.676	551.471	25.213	9.134	4.739	160.778
341	60	255	855.283	549.850	38.627	10.625	7.190	53.557
342	27	255	377.241	550.537	20.728	7.709	4.459	73.602
343	31	255	872.242	550.532	23.556	8.176	4.828	157.831
344	32	255	563.031	549.156	19.899	6.780	6.009	38.218
345	42	255	117.143	545.643	24.385	9.551	5.599	136.857
346	26	255	316.885	546.923	21.556	7.662	4.321	138.075
347	23	255	616.674	547.065	17.899	5.868	4.991	57.609
348	55	255	772.500	544.445	35.456	9.139	7.662	69.295
349	33	255	435.227	546.015	21.556	7.949	5.286	29.153
350	45	255	59.056	541.544	24.142	9.420	6.083	102.904
351	25	255	925.020	543.100	20.971	6.025	5.283	147.323
352	25	255	176.820	541.100	21.556	7.883	4.038	172.207
353	54	255	219.593	539.833	26.385	9.910	6.938	36.469
354	35	255	550.414	540.643	22.385	7.086	6.289	24.444
355	54	255	703.704	538.000	26.385	8.763	7.846	90.543
356	40	255	601.100	538.225	28.971	8.966	5.680	37.404
357	69	255	360.094	535.442	31.213	11.451	7.672	160.015
358	25	255	194.820	535.700	17.899	6.875	4.630	28.019
359	34	255	1034.735	534.235	21.556	8.075	5.361	98.629
360	56	255	945.446	532.446	27.799	9.674	7.370	156.010
361	63	255	326.611	530.611	28.385	10.176	7.883	50.232
362	25	255	587.420	531.940	19.556	7.335	4.340	10.673
363	29	255	732.224	531.052	24.142	7.081	5.215	134.197
364	33	255	335.864	530.227	22.142	8.270	5.080	105.511
365	35	255	38.643	530.500	22.142	8.905	5.004	8.601
366	41	255	186.012	528.890	23.556	8.660	6.028	104.967
367	30	255	581.300	526.500	21.556	7.766	4.918	127.331
368	25	255	602.900	526.820	18.142	6.566	4.848	39.136
369	41	255	178.988	525.329	22.971	7.965	6.554	149.635
370	23	255	509.370	523.152	22.142	5.897	4.966	72.920
371	63	255	168.341	520.405	29.799	11.204	7.160	75.567
372	40	255	86.750	521.200	23.556	8.571	5.942	124.072
373	56	255	437.554	519.661	26.627	9.684	7.363	137.692
374	59	255	1011.280	519.568	28.385	10.347	7.260	127.436
375	64	255	268.453	519.547	28.971	11.150	7.308	1.829
376	25	255	964.740	520.540	17.314	6.416	4.962	27.031
377	40	255	1158.400	518.950	34.284	7.989	6.375	166.520
378	45	255	832.433	517.256	27.456	9.444	6.067	116.438
379	28	255	533.821	517.321	20.971	8.914	3.999	138.306
380	87	255	598.224	515.385	41.698	13.828	8.011	139.878
381	40	255	285.800	515.375	24.142	9.330	5.459	83.631
382	29	255	354.052	516.466	19.556	6.871	5.374	97.375
383	29	255	541.293	516.224	22.142	7.780	4.746	51.424
384	43	255	311.547	514.291	28.385	10.017	5.466	25.266
385	36	255	765.250	515.500	26.971	8.716	5.259	173.825
386	38	255	900.053	511.211	31.799	8.680	5.574	71.593
387	47	255	102.904	512.372	26.385	10.165	5.887	155.653
388	36	255	252.167	512.278	23.799	8.401	5.456	49.185
389	35	255	367.414	511.729	21.556	7.922	5.625	164.419
390	26	255	479.423	512.346	18.142	6.716	4.929	6.047
391	35	255	570.757	511.214	22.971	8.437	5.282	67.365
392	46	255	207.739	509.717	25.799	10.648	5.501	140.653
393	22	255	293.364	512.227	17.314	7.211	3.884	12.439
394	62	255	240.113	508.919	28.385	9.776	8.075	172.757
395	41	255	160.427	506.524	26.142	10.139	5.149	76.207
396	29	255	492.190	506.914	22.971	8.819	4.187	120.140
397	34	255	817.353	506.647	26.385	7.340	5.898	51.202
398	36	255	520.611	505.028	24.385	9.123	5.024	30.153
399	46	255	588.000	505.152	24.971	9.378	6.246	44.788
400	17	255	256.676	505.735	15.314	4.791	4.518	30.695
401	50	255	563.280	503.580	26.385	10.023	6.352	123.186
402	55	255	673.282	503.227	28.385	10.299	6.799	92.482
403	47	255	261.457	501.904	30.385	9.931	6.026	53.090
404	20	255	600.950	503.700	16.728	5.846	4.356	97.729
405	36	255	752.611	504.444	22.142	9.460	4.845	165.919
406	63	255	1031.357	501.706	29.213	10.537	7.612	44.277
407	13	255	326.423	503.808	13.071	5.025	3.294	79.357
408	90	255	336.000	501.167	40.627	15.750	7.275	179.140
409	47	255	104.074	499.160	26.142	10.081	5.936	77.506
410	48	255	10.083	499.375	24.971	8.380	7.293	147.749
411	37	255	243.851	499.527	22.385	8.002	5.887	5.419
412	44	255	283.455	499.136	24.627	9.730	5.758	143.894
413	39	255	487.192	496.090	25.556	8.398	5.913	96.886
414	37	255	348.527	496.608	21.556	7.212	6.533	117.670
415	69	255	589.080	493.659	43.941	11.625	7.557	48.264
416	32	255	728.031	495.156	24.385	8.124	5.015	94.363
417	30	255	249.400	494.833	22.728	8.197	4.660	38.664
418	24	255	1133.500	493.375	19.556	5.862	5.213	61.762
419	32	255	502.500	493.062	20.142	7.049	5.780	36.221
420	40	255	622.200	492.350	23.314	8.695	5.857	108.131
421	31	255	777.952	491.306	22.971	9.062	4.355	56.021
422	33	255	328.955	491.318	23.556	8.752	4.801	159.547
423	1	255	331.500	494.500	2.828	1.128	1.128	0.000
424	48	255	650.375	492.000	24.728	9.594	6.370	0.000
425	47	255	683.372	490.457	29.799	8.399	7.125	152.198
426	37	255	256.446	488.581	22.971	8.353	5.640	27.578
427	33	255	384.652	486.955	21.314	8.545	4.917	76.350
428	26	255	372.731	485.846	20.142	8.019	4.128	29.972
429	57	255	351.693	483.044	28.971	11.246	6.453	8.439
430	35	255	282.014	483.300	21.556	7.528	5.920	159.277
431	25	255	763.380	484.060	17.899	7.369	4.320	175.651
432	44	255	13.795	480.159	26.971	9.072	6.175	68.435
433	31	255	310.726	481.790	20.142	7.518	5.250	62.259
434	40	255	557.875	481.475	23.799	8.696	5.856	28.619
435	36	255	1127.167	479.750	23.556	8.381	5.469	62.193
436	46	255	41.957	480.457	24.385	8.924	6.563	159.635
437	26	255	618.731	480.923	18.142	7.244	4.570	134.066
438	35	255	829.300	479.786	22.971	7.298	6.106	118.025
439	35	255	274.729	479.043	21.556	8.166	5.457	28.363
440	52	255	523.750	477.327	27.213	10.051	6.587	132.361
441	41	255	738.354	476.988	29.213	8.193	6.372	100.526
442	5	255	513.300	479.100	9.657	3.732	1.706	95.152
443	41	255	598.841	473.866	31.456	8.785	5.942	64.482
444	43	255	295.616	473.360	24.728	9.673	5.660	94.480
445	75	255	405.953	472.020	31.799	12.205	7.824	77.730
446	64	255	946.375	472.656	29.799	10.354	7.870	123.287
447	48	255	369.812	471.833	25.556	10.036	6.090	85.859
448	50	255	585.980	473.140	27.213	9.988	6.374	20.840
449	35	255	988.586	473.500	21.556	7.909	5.635	46.332
450	32	255	1041.219	471.875	23.314	8.191	4.974	101.586
451	42	255	672.762	469.976	23.899	8.844	6.047	100.418
452	37	255	640.797	468.905	25.799	8.935	5.272	33.555
453	70	255	1161.757	467.300	33.213	10.514	8.477	158.348
454	28	255	24.750	468.786	19.314	7.462	4.778	136.686
455	22	255	659.727	468.818	17.314	5.525	5.070	131.393
456	23	255	746.152	468.674	17.899	5.756	5.087	103.675
457	28	255	358.429	467.357	20.385	7.390	4.824	48.755
458	45	255	986.233	466.189	24.971	9.177	6.243	9.385
459	33	255	710.258	464.742	24.971	7.892	5.324	103.988
460	30	255	348.000	463.900	19.314	6.344	6.021	90.000
461	53	255	416.066	462.689	29.213	10.750	6.277	164.042
462	41	255	282.963	462.061	23.314	8.604	6.068	9.769
463	31	255	609.371	462.532	24.971	8.865	4.452	168.382
464	30	255	651.133	460.400	25.556	8.677	4.402	83.590
465	36	255	255.972	459.944	22.971	9.126	5.023	36.487
466	50	255	795.640	458.780	25.556	9.375	6.791	112.479
467	38	255	1037.237	459.579	23.556	8.449	5.726	165.624
468	51	255	341.755	457.735	27.213	8.685	7.477	73.073
469	24	255	502.792	459.083	17.314	6.562	4.657	113.286
470	26	255	664.192	458.654	20.971	7.515	4.405	161.933
471	25	255	815.540	458.100	17.314	6.042	5.268	100.870
472	33	255	9.076	455.985	20.971	8.457	4.969	60.194
473	30	255	496.133	456.867	18.728	6.529	5.850	45.001
474	39	255	1186.295	456.192	23.799	8.220	6.041	19.730
475	70	255	413.257	452.543	34.284	14.129	6.308	142.540
476	33	255	734.045	452.106	23.314	9.665	4.347	93.581
477	34	255	363.029	452.676	22.971	7.948	5.447	17.675
478	48	255	375.979	451.250	25.556	10.089	6.058	82.530
479	45	255	256.989	447.589	25.314	9.853	5.815	69.764
480	38	255	721.868	448.974	24.971	8.814	5.489	161.234
481	40	255	619.325	447.250	23.556	8.465	6.017	172.546
482	27	255	635.574	446.796	18.971	6.367	5.399	178.323
483	49	255	528.622	443.969	30.385	8.924	6.991	83.082
484	33	255	661.167	444.985	21.899	7.574	5.547	45.429
485	45	255	752.789	445.033	24.728	8.965	6.391	82.947
486	42	255	162.762	444.571	25.213	9.692	5.517	150.594
487	30	255	351.467	444.367	21.556	8.052	4.744	171.898
488	41	255	226.500	441.500	23.314	9.581	5.448	90.000
489	45	255	265.656	440.700	29.213	9.091	6.303	64.185
490	43	255	277.802	441.733	24.385	8.626	6.347	118.344
491	31	255	381.823	441.177	22.142	9.001	4.385	119.232
492	24	255	422.375	441.750	19.899	7.550	4.047	172.995
493	45	255	867.256	438.589	24.728	9.458	6.058	92.651
494	32	255	645.094	438.344	21.799	8.060	5.055	40.432
495	52	255	831.615	437.865	27.799	11.121	5.954	153.545
496	33	255	38.318	436.803	21.556	8.163	5.147	116.355
497	55	255	401.355	436.064	27.556	10.468	6.690	6.920
498	52	255	503.962	435.327	31.799	9.846	6.724	124.887
499	46	255	365.978	435.717	24.728	8.755	6.690	150.983
500	35	255	311.443	434.329	21.556	7.344	6.068	129.810
501	44	255	679.250	433.364	24.385	9.715	5.767	117.934
502	37	255	460.041	432.608	25.799	7.828	6.018	112.483
503	51	255	926.225	432.892	26.385	9.968	6.514	134.999
504	46	255	753.217	431.196	27.213	11.144	5.255	54.568
505	32	255	330.125	430.656	19.556	6.924	5.884	69.706
506	21	255	425.262	431.452	19.556	7.719	3.464	136.971
507	32	255	582.781	428.656	24.142	9.376	4.345	118.800
508	55	255	1108.555	430.573	26.971	9.930	7.052	15.840
509	47	255	268.883	430.202	26.385	9.823	6.092	176.301
510	52	255	283.365	429.615	26.385	9.901	6.687	166.861
511	41	255	437.939	427.280	25.799	9.480	5.506	66.367
512	34	255	450.265	426.294	21.556	7.185	6.025	53.051
513	40	255	569.425	426.525	22.142	7.927	6.425	49.305
514	71	255	200.711	422.739	30.971	11.344	7.969	86.009
515	25	255	270.260	421.420	18.728	7.391	4.307	26.785
516	31	255	340.306	420.210	19.556	6.880	5.737	168.266
517	41	255	311.378	418.598	22.728	7.842	6.657	53.549
518	30	255	595.033	418.000	20.728	6.774	5.639	49.098
519	27	255	135.167	415.574	20.728	7.693	4.469	109.325
520	47	255	579.521	416.521	29.213	9.165	6.530	4.586
521	34	255	368.765	415.618	26.627	7.946	5.448	29.171
522	20	255	656.050	416.650	18.142	6.993	3.642	174.968
523	7	255	1021.786	415.500	9.071	3.086	2.888	90.000
524	35	255	413.071	413.071	23.799	8.626	5.166	28.036
525	39	255	251.833	410.987	23.213	9.477	5.240	133.707
526	29	255	331.362	412.155	19.556	6.527	5.657	151.516
527	46	255	284.109	407.826	25.556	9.898	5.917	83.581
528	39	255	1165.756	409.064	22.142	8.056	6.164	175.139
529	49	255	1074.031	407.112	32.042	11.400	5.473	146.236
530	35	255	306.871	406.186	22.142	8.836	5.043	117.723
531	32	255	236.719	405.250	20.728	8.304	4.907	98.922
532	48	255	499.958	405.896	25.556	10.639	5.745	168.361
533	7	255	733.643	406.500	11.314	4.075	2.187	147.732
534	61	255	395.795	401.893	29.799	10.763	7.216	122.458
535	33	255	425.682	404.106	20.728	7.260	5.788	9.030
536	57	255	295.553	400.237	28.971	10.861	6.682	76.191
537	58	255	326.552	400.534	29.799	11.345	6.509	112.942
538	55	255	677.136	400.991	28.042	10.763	6.507	131.199
539	29	255	539.845	399.121	19.556	7.351	5.023	132.753
540	50	255	517.380	397.340	25.799	9.030	7.050	124.339
541	27	255	422.463	397.907	24.385	8.450	4.068	176.469
542	30	255	131.700	396.500	19.899	7.615	5.016	101.034
543	27	255	446.204	395.500	18.728	6.009	5.721	9.779
544	35	255	493.671	394.043	22.142	8.387	5.313	115.646
545	31	255	1220.952	392.371	22.142	7.749	5.094	88.599
546	34	255	829.794	390.471	26.385	8.332	5.196	132.812
547	8	255	379.000	391.500	12.485	4.621	2.204	139.731
548	57	255	351.781	386.535	28.385	10.435	6.955	94.568
549	42	255	1175.119	386.952	25.799	7.700	6.945	171.054
550	46	255	748.130	384.870	25.556	9.246	6.334	90.734
551	4	255	384.000	387.500	7.657	3.216	1.583	58.283
552	60	255	403.400	384.367	28.385	9.936	7.689	52.190
553	63	255	42.897	383.563	29.213	10.419	7.699	28.380
554	18	255	375.222	384.333	14.728	5.289	4.334	121.586
555	2	255	384.500	384.000	4.828	2.257	1.128	90.000
556	45	255	736.456	380.389	24.385	9.943	5.762	153.087
557	1	255	379.500	381.500	2.828	1.128	1.128	0.000
558	24	255	499.083	379.292	20.142	6.582	4.643	144.583
559	25	255	691.260	380.100	22.728	7.511	4.238	7.042
560	39	255	847.500	377.885	23.314	9.152	5.426	84.066
561	44	255	602.045	377.364	23.556	8.693	6.444	159.251
562	66	255	327.924	375.303	28.971	10.457	8.036	72.202
563	109	255	476.399	374.243	38.627	12.708	10.921	9.030
564	46	255	557.587	373.652	30.627	8.731	6.708	102.269
565	74	255	1209.419	374.757	31.213	10.838	8.693	172.194
566	39	255	199.346	375.244	24.142	10.061	4.936	3.667
567	54	255	397.574	373.796	27.213	10.567	6.506	41.615
568	26	255	588.769	375.385	20.142	7.150	4.630	15.363
569	43	255	659.221	370.244	25.799	10.032	5.458	54.985
570	51	255	52.520	369.833	26.385	10.685	6.077	142.348
571	49	255	1164.316	370.480	26.385	9.725	6.415	166.538
572	31	255	594.887	369.016	19.556	6.838	5.772	158.424
573	41	255	1012.866	367.841	29.213	7.970	6.550	146.320
574	30	255	462.900	367.433	22.971	6.879	5.553	156.860
575	53	255	82.915	365.726	25.556	9.506	7.099	138.318
576	36	255	375.167	366.417	21.899	8.672	5.286	12.433
577	29	255	708.810	362.431	22.971	8.762	4.214	68.614
578	51	255	721.637	362.304	26.971	10.258	6.330	156.437
579	30	255	777.433	362.933	21.556	6.964	5.485	123.429
580	27	255	167.833	359.574	20.142	7.978	4.309	64.803
581	53	255	101.726	356.726	25.799	9.292	7.262	150.382
582	54	255	183.444	356.111	27.213	9.689	7.096	59.669
583	41	255	766.915	356.671	32.870	8.981	5.812	145.646
584	57	255	402.693	356.711	28.142	10.287	7.055	10.849
585	42	255	490.405	354.238	23.556	8.602	6.217	58.970
586	34	255	794.441	352.765	25.556	7.377	5.869	165.019
587	30	255	1012.933	353.600	20.142	8.065	4.736	174.323
588	18	255	739.444	351.333	23.556	6.120	3.745	139.583
589	35	255	751.757	350.500	22.385	6.885	6.472	56.943
590	41	255	435.768	348.720	24.385	9.955	5.244	119.196
591	21	255	783.452	349.833	17.314	6.994	3.823	52.046
592	42	255	977.262	349.762	23.556	9.105	5.873	165.740
593	23	255	1100.717	349.674	17.314	6.010	4.872	37.918
594	56	255	98.446	348.179	29.556	12.496	5.706	177.228
595	51	255	846.206	345.775	27.799	10.605	6.123	65.171
596	36	255	468.389	347.278	21.899	7.600	6.031	175.520
597	41	255	503.524	345.451	24.385	9.257	5.639	119.419
598	24	255	56.625	344.417	18.142	7.492	4.079	61.157
599	12	255	1152.000	345.750	17.314	4.066	3.758	142.018
600	46	255	1127.500	343.000	24.142	8.798	6.657	115.971
601	31	255	978.468	342.371	22.728	8.284	4.764	9.923
602	32	255	525.531	339.656	23.556	9.286	4.388	102.368
603	38	255	780.000	337.553	25.799	9.421	5.136	141.125
604	49	255	401.888	337.133	25.556	10.079	6.190	173.832
605	44	255	453.841	336.091	24.142	9.088	6.164	119.496
606	13	255	834.115	338.269	12.485	4.253	3.892	120.964
607	28	255	161.786	334.393	23.556	7.486	4.762	115.416
608	38	255	720.895	333.842	21.556	7.920	6.109	79.642
609	56	255	109.446	327.232	28.142	11.033	6.463	70.461
610	37	255	680.878	328.041	28.385	8.447	5.577	61.221
611	31	255	696.952	329.177	20.728	6.900	5.720	49.664
612	66	255	1143.894	327.924	28.385	10.147	8.282	173.534
613	40	255	272.300	326.575	24.142	8.281	6.150	93.124
614	26	255	804.077	327.654	20.971	7.024	4.713	30.043
615	41	255	1201.622	326.427	28.627	10.181	5.128	151.376
616	59	255	544.127	324.364	27.556	10.053	7.473	60.118
617	57	255	467.798	323.746	27.799	10.480	6.925	19.661
618	47	255	352.883	322.053	26.627	10.686	5.600	126.786
619	30	255	518.133	323.867	18.728	6.529	5.850	45.001
620	42	255	737.905	323.857	23.556	8.545	6.258	23.255
621	28	255	1215.929	324.286	19.314	6.979	5.108	46.292
622	69	255	140.688	320.094	30.385	11.254	7.807	124.811
623	22	255	840.045	321.682	17.556	5.387	5.200	116.216
624	47	255	445.521	317.798	27.799	8.955	6.683	80.007
625	50	255	691.800	317.480	27.556	11.072	5.750	83.559
626	22	255	341.455	319.955	21.314	6.350	4.412	179.067
627	42	255	487.976	315.286	24.971	8.948	5.976	87.024
628	27	255	866.981	314.352	22.142	7.835	4.388	83.446
629	25	255	893.820	314.740	21.799	6.971	4.566	127.332
630	62	255	714.161	312.145	28.971	10.959	7.203	118.477
631	37	255	848.149	309.338	25.556	8.808	5.349	107.311
632	51	255	466.794	308.049	25.556	8.281	7.841	112.880
633	52	255	905.712	306.115	27.213	9.880	6.702	144.907
634	41	255	558.159	306.646	23.556	8.735	5.977	31.233
635	68	255	762.853	304.515	37.456	11.333	7.640	60.842
636	27	255	446.981	304.648	19.899	8.072	4.259	97.762
637	34	255	668.294	305.676	22.971	7.356	5.885	25.150
638	62	255	729.661	304.387	42.870	12.414	6.359	35.282
639	30	255	841.633	304.167	22.728	7.858	4.861	124.657
640	30	255	1090.400	306.533	23.556	7.870	4.854	175.208
641	31	255	493.242	302.661	20.728	8.206	4.810	101.648
642	64	255	751.000	301.781	28.385	9.918	8.216	90.000
643	39	255	425.449	299.603	22.971	8.235	6.030	60.061
644	28	255	163.821	298.821	18.728	6.012	5.930	135.000
645	50	255	957.180	298.520	26.971	10.080	6.316	18.117
646	49	255	334.316	296.071	26.971	10.437	5.978	92.443
647	27	255	733.907	296.019	24.385	7.084	4.853	136.950
648	1	255	735.500	299.500	2.828	1.128	1.128	0.000
649	32	255	499.031	296.250	20.728	6.848	5.950	168.307
650	43	255	701.616	294.244	24.971	10.209	5.363	121.957
651	54	255	605.241	293.907	27.556	10.075	6.824	35.944
652	51	255	386.500	292.912	26.142	8.934	7.268	79.992
653	44	255	922.682	290.159	30.042	8.468	6.616	73.004
654	41	255	448.573	289.500	23.899	9.533	5.476	94.286
655	22	255	681.773	291.455	16.728	5.978	4.686	149.164
656	34	255	404.265	288.765	22.728	8.147	5.313	75.225
657	35	255	437.414	289.529	22.142	8.170	5.454	111.451
658	17	255	695.029	290.029	18.142	5.993	3.612	99.398
659	28	255	144.679	289.143	18.728	6.515	5.472	64.591
660	43	255	493.291	288.337	25.556	8.626	6.347	37.409
661	26	255	752.077	289.769	21.314	8.560	3.867	9.617
662	35	255	465.957	286.414	22.971	8.754	5.091	118.730
663	25	255	586.980	287.180	19.556	7.403	4.300	6.549
664	47	255	197.628	284.287	25.556	9.513	6.291	105.460
665	33	255	357.076	286.076	19.899	6.707	6.264	45.000
666	69	255	948.717	284.717	29.799	10.996	7.990	168.916
667	4	255	846.500	287.250	7.071	2.734	1.863	0.000
668	71	255	153.204	282.585	31.213	12.088	7.479	148.788
669	29	255	735.776	282.121	20.142	7.681	4.807	125.093
670	33	255	714.955	280.470	25.556	7.027	5.979	64.923
671	23	255	1187.065	282.413	18.142	6.730	4.351	148.255
672	21	255	694.167	281.881	17.314	6.521	4.100	169.704
673	35	255	808.071	278.929	26.385	8.177	5.450	85.313
674	1	255	811.500	282.500	2.828	1.128	1.128	0.000
675	47	255	647.989	277.074	24.385	9.420	6.353	142.238
676	37	255	936.932	277.554	21.314	7.478	6.300	82.205
677	24	255	728.083	277.208	18.728	6.685	4.571	27.291
678	53	255	1141.821	276.274	26.385	10.233	6.595	148.052
679	41	255	520.305	275.037	23.556	9.343	5.587	125.546
680	59	255	1013.432	274.449	29.213	10.715	7.011	124.806
681	41	255	358.549	272.549	24.142	9.878	5.285	1.856
682	43	255	781.895	270.733	23.799	9.372	5.842	141.383
683	40	255	533.550	270.325	22.142	7.315	6.962	149.230
684	60	255	710.467	269.433	27.213	9.588	7.968	33.533
685	37	255	507.878	268.257	20.971	7.095	6.640	41.360
686	40	255	813.975	267.650	26.627	8.932	5.702	136.541
687	34	255	1202.206	268.000	22.971	8.392	5.159	29.284
688	35	255	690.814	265.957	25.799	8.327	5.351	97.089
689	22	255	609.045	266.182	18.142	6.869	4.078	173.742
690	50	255	495.840	261.480	27.213	9.867	6.452	126.384
691	47	255	662.372	262.926	27.799	9.939	6.021	2.472
692	42	255	675.119	262.190	26.627	7.848	6.814	117.537
693	33	255	734.409	261.015	25.213	7.365	5.705	116.195
694	36	255	505.472	260.278	20.971	7.209	6.358	140.091
695	25	255	698.700	260.860	22.385	7.637	4.168	47.213
696	45	255	422.344	257.322	24.971	9.313	6.152	28.887
697	29	255	472.776	256.741	24.971	7.333	5.035	63.966
698	27	255	540.944	257.278	19.556	7.755	4.433	120.448
699	73	255	776.637	255.295	34.627	10.573	8.791	110.102
700	45	255	296.367	255.678	23.556	8.278	6.921	63.158
701	41	255	553.378	256.671	33.456	10.236	5.100	3.025
702	30	255	1018.100	257.067	22.728	9.164	4.168	176.086
703	38	255	717.658	251.342	21.556	8.058	6.004	45.001
704	60	255	273.567	249.517	28.971	10.174	7.509	60.173
705	21	255	705.119	251.500	16.142	6.020	4.442	38.657
706	31	255	498.855	248.242	23.556	9.623	4.102	61.285
707	22	255	749.727	250.636	16.142	6.017	4.655	12.069
708	58	255	827.776	248.000	27.213	8.938	8.263	90.000
709	18	255	692.722	248.444	17.314	6.048	3.789	95.644
710	84	255	483.714	244.821	34.385	12.428	8.606	83.087
711	36	255	514.722	248.083	22.142	7.838	5.848	163.272
712	43	255	117.012	245.105	24.142	8.873	6.170	82.356
713	47	255	299.351	246.543	24.971	8.573	6.980	160.380
714	20	255	256.400	246.450	15.314	5.251	4.849	116.565
715	40	255	645.525	243.750	29.213	8.910	5.716	59.809
716	21	255	685.786	245.643	17.314	6.862	3.897	158.375
717	32	255	698.062	244.688	23.556	6.859	5.941	94.989
718	52	255	932.827	242.442	37.698	9.344	7.086	126.585
719	31	255	679.500	243.500	19.314	7.360	5.363	90.000
720	44	255	722.295	242.818	22.971	8.047	6.962	71.346
721	26	255	572.077	242.346	20.385	8.388	3.946	154.481
722	48	255	659.458	240.646	25.799	10.100	6.051	147.036
723	76	255	441.263	238.382	32.385	11.929	8.112	70.162
724	35	255	993.614	236.843	24.142	8.092	5.507	113.059
725	33	255	100.924	236.742	22.142	8.145	5.158	126.917
726	48	255	381.458	235.500	26.142	9.784	6.246	73.072
727	31	255	740.532	233.661	22.971	8.643	4.567	127.361
728	47	255	565.649	231.649	25.556	9.188	6.513	77.945
729	42	255	667.738	230.762	24.971	9.367	5.709	23.471
730	49	255	484.031	229.684	26.385	10.288	6.064	158.911
731	32	255	370.812	227.469	22.971	8.609	4.733	112.368
732	49	255	257.622	227.847	25.556	9.427	6.618	7.373
733	45	255	311.922	227.478	23.556	8.746	6.551	149.997
734	51	255	830.402	225.245	26.385	10.007	6.489	112.001
735	22	255	217.409	224.591	15.899	5.554	5.043	134.999
736	57	255	408.956	222.044	28.627	9.603	7.558	146.866
737	46	255	500.283	221.935	25.556	9.524	6.150	45.270
738	22	255	539.727	221.273	20.728	7.668	3.653	107.866
739	36	255	706.833	220.611	21.899	8.547	5.363	179.254
740	63	255	1183.357	215.627	40.284	10.734	7.473	142.304
741	29	255	278.328	215.983	22.142	7.667	4.816	111.355
742	29	255	945.948	216.638	20.385	6.906	5.347	20.684
743	45	255	373.056	214.878	24.971	10.018	5.719	42.578
744	26	255	661.115	214.615	19.314	6.563	5.044	7.864
745	45	255	694.211	211.944	24.142	8.378	6.839	84.185
746	7	255	1193.643	212.643	12.485	4.788	1.862	139.623
747	25	255	101.020	210.620	18.142	6.984	4.558	40.194
748	28	255	288.036	210.786	18.728	6.200	5.750	103.792
749	56	255	799.946	209.786	27.556	10.335	6.899	171.707
750	41	255	928.061	207.598	25.799	9.051	5.768	82.444
751	32	255	656.750	206.469	27.556	8.307	4.905	83.951
752	57	255	901.430	206.132	28.728	10.848	6.690	99.666
753	30	255	1099.233	208.033	19.899	6.517	5.861	142.940
754	47	255	1144.691	206.777	28.627	9.285	6.445	29.647
755	72	255	633.361	205.903	30.385	11.016	8.322	179.765
756	35	255	336.443	204.386	20.971	6.685	6.666	153.435
757	54	255	546.185	203.167	27.556	10.548	6.518	96.988
758	31	255	648.855	204.919	19.314	6.794	5.810	146.174
759	32	255	395.406	202.906	22.728	9.007	4.524	78.110
760	54	255	687.519	202.148	35.456	11.572	5.941	130.160
761	32	255	938.000	201.656	24.142	8.159	4.994	110.994
762	30	255	948.533	203.833	19.556	7.103	5.377	146.429
763	60	255	382.750	202.167	30.971	10.430	7.325	15.758
764	54	255	505.037	201.463	26.385	10.216	6.730	125.441
765	27	255	724.722	201.833	20.971	7.504	4.581	154.685
766	1	255	1096.500	203.500	2.828	1.128	1.128	0.000
767	3	255	1099.167	202.833	5.657	2.365	1.615	45.000
768	36	255	104.889	198.611	22.971	8.156	5.620	74.068
769	62	255	53.323	197.516	28.971	11.113	7.103	136.797
770	60	255	166.617	197.850	27.556	9.171	8.330	158.089
771	43	255	617.430	197.523	23.799	8.853	6.184	162.590
772	26	255	1166.846	197.346	24.385	6.573	5.037	81.043
773	67	255	312.485	193.440	30.042	10.598	8.049	124.791
774	48	255	464.062	194.125	24.971	9.184	6.655	43.464
775	60	255	1121.700	193.467	37.698	9.561	7.990	51.087
776	14	255	1131.786	194.000	12.485	4.264	4.181	90.000
777	38	255	1187.500	192.263	23.799	7.033	6.879	169.353
778	42	255	379.548	190.190	24.385	8.659	6.176	79.097
779	44	255	583.591	188.909	27.213	10.181	5.503	120.957
780	54	255	954.111	189.093	34.042	9.431	7.290	55.401
781	54	255	671.074	190.056	27.556	10.719	6.415	169.172
782	46	255	883.783	187.739	26.142	8.708	6.726	85.286
783	1	255	881.500	191.500	2.828	1.128	1.128	0.000
784	14	255	1222.929	187.786	19.314	7.343	2.428	88.622
785	43	255	93.640	185.360	24.385	9.554	5.731	59.418
786	42	255	409.405	184.786	23.556	9.097	5.879	9.064
787	89	255	906.489	180.028	33.799	12.137	9.336	83.413
788	39	255	947.167	178.526	22.971	8.526	5.824	126.564
789	48	255	992.542	178.062	26.385	10.210	5.986	70.183
790	48	255	62.500	177.896	24.728	8.971	6.813	118.885
791	72	255	677.292	176.958	30.971	10.557	8.684	100.359
792	23	255	445.587	177.196	16.728	6.473	4.524	121.203
793	52	255	307.692	175.019	26.385	9.223	7.178	55.771
794	79	255	619.918	171.222	33.213	10.727	9.377	116.739
795	32	255	660.781	172.938	26.971	7.653	5.324	106.935
796	37	255	504.473	171.365	23.799	9.557	4.929	145.082
797	29	255	692.086	171.948	19.556	7.013	5.265	167.758
798	72	255	783.264	171.347	31.556	11.523	7.956	179.535
799	30	255	578.467	170.700	21.314	7.594	5.030	97.944
800	29	255	653.224	170.086	20.728	8.494	4.347	70.238
801	37	255	37.581	168.878	22.728	8.781	5.365	95.044
802	28	255	943.786	167.714	20.728	8.294	4.298	101.883
803	25	255	445.980	167.060	20.142	7.184	4.431	58.125
804	30	255	1121.200	164.800	22.728	8.294	4.606	109.816
805	67	255	1185.619	161.381	28.971	9.980	8.548	131.945
806	38	255	391.500	160.526	22.728	8.295	5.833	39.271
807	36	255	926.917	159.306	29.213	8.409	5.451	114.886
808	23	255	1102.370	160.717	16.728	5.884	4.977	120.043
809	53	255	797.934	159.406	28.385	10.758	6.272	4.867
810	52	255	957.500	158.000	25.314	8.682	7.626	90.000
811	49	255	327.561	154.133	28.627	10.195	6.120	137.309
812	30	255	279.200	153.533	20.142	8.644	4.419	155.968
813	59	255	292.636	150.907	27.556	10.358	7.253	97.451
814	42	255	539.619	150.405	29.456	9.630	5.553	50.938
815	67	255	449.828	149.112	30.385	10.314	8.271	99.533
816	37	255	801.257	150.932	25.799	8.580	5.491	177.520
817	50	255	575.540	146.580	25.556	9.241	6.889	80.385
818	37	255	634.986	145.095	28.385	8.059	5.846	72.160
819	27	255	958.722	146.093	19.556	6.126	5.612	27.665
820	31	255	358.952	142.887	20.971	8.225	4.799	60.312
821	44	255	755.682	135.227	32.627	8.918	6.282	85.924
822	69	255	926.906	134.761	30.971	11.253	7.807	88.672
823	83	255	989.572	135.380	33.213	11.647	9.074	3.015
824	37	255	463.392	134.608	26.971	9.234	5.102	124.179
825	55	255	527.209	134.064	27.556	10.783	6.494	70.611
826	49	255	57.643	133.582	26.385	10.023	6.225	145.993
827	44	255	956.705	133.432	23.899	7.730	7.248	117.624
828	33	255	316.742	131.682	21.899	8.779	4.786	73.726
829	29	255	963.397	131.707	19.314	6.862	5.381	104.566
830	32	255	131.281	130.625	20.142	7.262	5.610	164.815
831	26	255	792.731	130.885	20.385	6.093	5.433	39.790
832	60	255	1158.250	129.317	28.385	10.296	7.420	132.382
833	48	255	622.562	125.708	26.385	10.593	5.770	63.204
834	57	255	678.868	126.272	28.385	10.765	6.742	64.772
835	51	255	549.500	126.225	26.385	9.214	7.047	141.980
836	36	255	812.417	123.806	21.556	7.796	5.880	179.922
837	40	255	148.425	122.275	22.971	9.226	5.520	161.890
838	42	255	211.048	120.833	22.971	8.332	6.418	154.213
839	40	255	302.700	119.550	22.971	8.857	5.750	98.667
840	37	255	1016.824	120.203	26.385	8.095	5.820	39.427
841	31	255	442.790	118.661	22.971	8.787	4.492	94.558
842	51	255	594.127	116.892	26.971	10.207	6.362	76.991
843	58	255	967.138	114.379	28.385	11.075	6.668	82.095
844	2	255	995.000	119.500	4.243	2.257	1.128	0.000
845	29	255	460.534	115.603	20.728	8.214	4.495	163.662
846	30	255	994.567	114.267	22.385	8.378	4.559	43.158
847	1	255	390.500	116.500	2.828	1.128	1.128	0.000
848	63	255	613.484	112.325	30.385	9.807	8.179	63.595
849	31	255	470.371	112.855	21.314	8.126	4.857	29.664
850	30	255	906.833	112.067	19.556	6.780	5.634	37.345
851	2	255	278.500	112.000	4.828	2.257	1.128	90.000
852	57	255	501.289	108.605	28.385	10.623	6.832	135.724
853	57	255	144.939	105.518	26.971	10.127	7.166	55.973
854	2	255	618.500	109.000	4.828	2.257	1.128	90.000
855	48	255	786.500	105.688	28.627	9.899	6.174	144.601
856	28	255	475.929	102.536	19.556	7.393	4.822	130.943
857	49	255	208.500	100.316	26.971	9.543	6.538	97.854
858	35	255	460.643	99.243	21.556	8.149	5.469	40.324
859	46	255	536.783	98.609	28.627	9.009	6.501	28.005
860	34	255	389.529	94.618	22.142	8.419	5.142	87.701
861	25	255	262.060	94.860	18.728	7.084	4.493	41.347
862	36	255	584.472	93.750	22.728	9.107	5.033	83.807
863	46	255	842.848	93.500	31.213	9.023	6.491	108.136
864	33	255	477.682	88.894	21.556	8.760	4.797	147.989
865	35	255	821.643	87.214	22.728	9.501	4.690	71.459
866	51	255	993.559	87.382	26.385	9.746	6.663	118.789
867	40	255	446.875	86.300	23.556	8.775	5.804	74.301
868	23	255	253.065	85.413	16.728	6.029	4.857	29.428
869	2	255	906.000	86.500	4.243	2.257	1.128	0.000
870	53	255	850.972	80.689	27.799	10.829	6.232	59.293
871	33	255	588.258	77.652	25.799	7.213	5.826	102.359
872	33	255	901.197	76.227	27.799	9.151	4.591	55.041
873	38	255	966.947	75.132	24.971	8.479	5.706	80.245
874	36	255	461.944	74.417	22.971	9.031	5.075	71.692
875	49	255	513.908	74.745	26.385	9.498	6.569	65.204
876	47	255	483.670	72.096	24.971	9.006	6.645	100.820
877	44	255	748.000	73.205	24.385	9.557	5.862	149.760
878	43	255	974.826	70.919	29.799	8.711	6.285	59.677
879	54	255	640.352	71.185	27.556	10.559	6.511	18.922
880	29	255	824.190	71.603	20.728	8.556	4.316	19.817
881	53	255	436.594	68.745	26.142	9.473	7.124	74.597
882	46	255	473.630	69.130	24.728	8.360	7.006	102.366
883	37	255	715.095	68.905	22.728	8.276	5.692	93.263
884	36	255	448.528	66.833	23.556	9.915	4.623	54.609
885	33	255	846.288	65.773	20.728	8.253	5.091	103.188
886	29	255	196.638	65.397	21.314	7.662	4.819	101.626
887	33	255	426.348	62.379	22.728	9.256	4.539	72.251
888	52	255	478.885	61.038	25.556	8.442	7.843	119.448
889	44	255	587.273	60.750	24.142	9.657	5.801	162.870
890	30	255	951.100	59.733	20.728	8.196	4.660	103.373
891	32	255	440.000	56.500	21.314	9.359	4.354	90.000
892	42	255	805.714	55.286	27.799	7.596	7.040	167.624
893	39	255	454.397	53.167	27.213	8.631	5.753	62.026
894	33	255	1100.348	53.833	22.142	8.424	4.988	99.480
895	61	255	487.418	52.730	28.385	9.190	8.451	155.938
896	35	255	584.843	53.929	21.314	7.399	6.023	24.631
897	38	255	87.211	53.579	23.314	9.306	5.199	173.173
898	24	255	703.792	52.917	19.556	7.405	4.127	39.039
899	27	255	500.426	51.907	17.899	6.451	5.329	77.508
900	55	255	379.991	50.555	28.142	10.916	6.415	17.463
901	50	255	793.560	50.380	27.556	10.140	6.278	3.429
902	54	255	841.833	48.296	32.042	12.278	5.600	118.248
903	43	255	118.244	50.012	24.142	9.555	5.730	159.107
904	43	255	280.826	46.756	23.799	9.537	5.741	133.069
905	61	255	677.369	44.500	29.556	11.007	7.056	85.456
906	42	255	686.952	46.476	23.799	8.668	6.170	140.546
907	26	255	1114.923	46.654	19.556	7.858	4.213	45.378
908	40	255	256.550	44.650	22.728	8.311	6.128	132.448
909	40	255	1076.250	42.450	29.799	8.313	6.127	174.628
910	56	255	633.357	40.071	27.213	8.764	8.136	108.264
911	39	255	69.500	37.885	23.314	9.152	5.426	95.934
912	42	255	398.976	36.857	23.799	9.681	5.524	136.485
913	47	255	1104.585	36.926	24.728	9.414	6.357	177.739
914	31	255	573.210	35.048	19.314	6.870	5.745	133.687
915	44	255	318.614	32.250	31.213	8.552	6.551	73.484
916	50	255	1081.780	32.080	26.627	10.127	6.286	144.193
917	62	255	250.613	30.129	28.971	10.104	7.813	90.848
918	44	255	62.477	28.500	25.314	9.742	5.750	90.000
919	42	255	276.524	28.238	24.385	9.552	5.599	123.550
920	37	255	591.041	29.095	22.142	7.735	6.090	64.312
921	67	255	386.888	24.560	30.385	10.870	7.848	100.101
922	56	255	404.750	26.464	28.385	10.734	6.643	165.857
923	23	255	1206.283	25.457	29.799	7.649	3.828	124.192
924	56	255	1105.714	23.911	28.042	11.403	6.253	128.988
925	33	255	1185.288	25.227	33.213	7.124	5.898	174.331
926	4	255	1211.000	26.000	5.657	2.257	2.257	0.000
927	57	255	1058.570	22.044	26.971	9.824	7.388	35.837
928	33	255	1075.652	22.136	22.142	8.427	4.986	113.518
929	47	255	1119.138	21.479	25.556	8.573	6.981	83.440
930	23	255	810.761	19.109	18.728	6.930	4.225	85.950
931	33	255	844.439	19.288	22.142	8.228	5.107	34.012
932	15	255	326.367	19.833	15.314	5.589	3.417	153.325
933	46	255	1039.217	15.413	32.042	10.786	5.430	134.767
934	35	255	218.214	17.643	21.899	8.745	5.096	166.107
935	43	255	304.058	15.314	23.556	8.058	6.795	14.204
936	52	255	653.577	13.519	30.385	9.306	7.115	91.892
937	35	255	314.957	13.357	20.971	7.806	5.709	131.584
938	24	255	1213.417	9.208	20.728	6.735	4.537	89.446
939	28	255	579.571	6.643	22.728	7.989	4.463	119.621
940	2	255	580.000	10.500	4.243	2.257	1.128	0.000
941	35	255	802.900	7.900	22.142	8.465	5.265	7.101
942	46	255	924.500	7.565	24.385	9.866	5.937	153.838
943	63	255	556.246	5.897	30.385	10.481	7.653	162.470
944	39	255	240.295	3.474	25.556	9.207	5.393	94.924
945	67	255	256.187	4.067	29.556	10.474	8.145	15.353
946	16	255	603.500	0.125	17.899	7.497	2.717	174.960
947	14	255	1065.214	0.214	16.728	6.631	2.688	176.942
948	4	255	1153.500	0.000	7.071	3.216	1.583	148.283
