 	Area	Mean	XM	YM	Perim.	Major	Minor	Angle
1	91	255	104.885	891.753	34.627	12.707	9.118	158.245
2	82	255	132.280	890.768	33.799	12.016	8.689	86.346
3	58	255	377.362	888.000	26.971	8.854	8.341	0.000
4	92	255	993.446	882.489	34.042	12.474	9.390	136.741
5	68	255	723.868	876.691	45.698	11.023	7.854	124.520
6	80	255	1115.825	875.263	32.385	10.280	9.908	53.373
7	76	255	55.447	871.737	32.385	10.892	8.885	167.105
8	88	255	397.898	865.761	34.042	12.383	9.048	121.411
9	25	255	894.700	864.260	17.314	6.122	5.200	96.132
10	139	255	833.270	856.917	42.870	14.927	11.856	132.088
11	59	255	672.314	849.076	30.042	10.097	7.440	86.438
12	32	255	1222.312	846.625	23.899	10.177	4.003	85.809
13	76	255	412.276	825.395	32.042	11.403	8.486	55.806
14	63	255	883.262	821.627	29.799	10.050	7.982	127.430
15	76	255	419.013	819.461	32.042	11.479	8.430	53.254
16	67	255	874.500	818.500	28.971	9.495	8.984	63.435
17	121	255	45.517	804.558	39.799	13.365	11.528	167.780
18	65	255	266.608	791.608	28.385	10.124	8.175	45.000
19	60	255	630.200	789.733	34.627	9.818	7.781	49.499
20	59	255	1124.076	782.703	28.971	9.971	7.534	121.836
21	98	255	97.418	776.735	36.627	12.407	10.057	79.484
22	128	255	201.250	775.969	40.870	14.234	11.450	31.134
23	2	255	1176.000	779.000	5.657	2.596	0.981	45.000
24	97	255	177.624	771.067	37.213	13.584	9.092	94.402
25	55	255	310.355	770.482	31.799	10.029	6.982	45.856
26	89	255	1204.646	768.399	35.213	11.389	9.950	118.874
27	82	255	1215.256	767.622	32.627	10.898	9.580	86.151
28	40	255	316.550	764.175	36.627	7.778	6.548	41.452
29	2	255	317.500	762.000	4.828	2.257	1.128	90.000
30	40	255	1.950	755.100	26.728	11.045	4.611	92.519
31	82	255	382.622	739.768	32.627	11.538	9.049	103.833
32	74	255	956.108	730.568	29.799	10.414	9.047	159.931
33	102	255	331.069	705.863	37.213	13.300	9.765	115.104
34	1	255	48.500	705.500	2.828	1.128	1.128	0.000
35	61	255	363.205	691.434	27.799	9.052	8.580	38.805
36	2	255	118.000	682.500	4.243	2.257	1.128	0.000
37	83	255	583.837	668.681	32.627	10.699	9.878	131.848
38	101	255	412.530	667.054	36.627	12.964	9.920	51.790
39	59	255	704.636	665.076	27.213	8.765	8.571	177.214
40	106	255	65.519	642.660	37.456	12.764	10.574	104.969
41	54	255	830.870	628.630	26.971	8.954	7.679	80.913
42	100	255	807.920	627.020	35.799	12.467	10.213	16.602
43	78	255	56.192	616.987	31.799	10.330	9.614	110.701
44	68	255	693.971	602.426	30.385	10.659	8.123	83.751
45	88	255	483.739	589.625	34.385	12.054	9.295	98.946
46	93	255	412.629	586.833	34.971	12.531	9.449	91.724
47	76	255	248.579	586.158	31.799	10.939	8.846	129.570
48	97	255	733.809	575.521	36.042	12.331	10.016	69.446
49	76	255	797.605	548.171	35.799	10.770	8.985	71.689
50	73	255	806.637	544.459	31.213	10.525	8.831	77.102
51	27	255	897.056	543.019	18.728	6.427	5.349	115.641
52	34	255	529.706	531.706	26.627	7.061	6.130	105.544
53	57	255	208.886	507.465	29.213	8.640	8.400	123.025
54	74	255	310.405	487.108	30.385	10.808	8.717	122.046
55	239	255	1062.743	484.073	59.113	18.811	16.177	11.817
56	69	255	1111.051	473.659	30.385	9.627	9.125	141.882
57	28	255	500.464	466.107	25.213	6.845	5.208	20.064
58	101	255	968.886	458.371	36.042	12.522	10.270	95.628
59	68	255	498.426	458.353	31.213	9.550	9.066	65.153
60	51	255	507.245	458.735	25.556	9.091	7.143	84.394
61	77	255	386.448	452.305	31.799	11.003	8.910	169.404
62	79	255	15.171	450.753	31.799	11.025	9.124	132.679
63	85	255	706.724	451.265	33.799	11.609	9.322	21.359
64	100	255	36.150	442.130	36.385	12.764	9.975	106.460
65	80	255	710.138	441.488	31.799	10.873	9.368	178.002
66	46	255	691.109	426.152	28.627	8.162	7.176	15.465
67	84	255	641.131	398.512	33.456	11.922	8.971	43.557
68	77	255	326.773	372.214	47.355	11.009	8.905	147.604
69	121	255	693.236	357.393	40.284	13.186	11.683	144.373
70	95	255	1208.079	350.605	40.870	11.933	10.136	101.204
71	1	255	812.500	350.500	2.828	1.128	1.128	0.000
72	4	255	894.500	336.250	7.071	2.734	1.863	0.000
73	3	255	636.167	326.833	5.657	2.365	1.615	45.000
74	69	255	411.036	315.109	30.142	10.565	8.315	163.169
75	69	255	248.283	301.065	36.385	10.028	8.761	102.911
76	79	255	5.373	264.665	31.799	11.052	9.101	175.212
77	105	255	693.510	250.595	38.042	12.843	10.410	7.227
78	114	255	24.719	241.061	38.870	13.552	10.711	140.079
79	56	255	195.679	243.089	26.971	9.244	7.713	146.570
80	257	255	816.593	235.309	71.497	19.064	17.164	116.719
81	82	255	1208.805	211.902	40.284	10.985	9.505	176.242
82	94	255	226.574	184.043	36.627	12.063	9.922	80.383
83	106	255	8.774	157.377	37.213	13.361	10.101	83.606
84	90	255	1080.167	145.333	34.870	12.962	8.840	143.237
85	77	255	623.968	145.552	30.971	10.474	9.360	5.441
86	100	255	269.590	140.640	36.385	13.584	9.373	96.861
87	53	255	813.368	142.557	26.627	9.641	7.000	29.852
88	65	255	365.315	137.131	29.799	10.645	7.774	160.266
89	59	255	934.873	117.314	26.971	9.367	8.020	70.955
90	73	255	69.116	109.568	30.971	11.207	8.294	91.769
91	91	255	654.390	87.533	34.627	12.307	9.415	127.777
92	96	255	16.406	83.260	47.456	15.574	7.849	167.183
93	149	255	11.554	75.547	56.284	18.377	10.323	164.216
94	4	255	284.000	80.000	5.657	2.257	2.257	0.000
95	70	255	544.057	75.886	30.385	10.283	8.668	174.024
96	6	255	258.667	67.667	8.485	3.140	2.433	45.000
97	114	255	10.298	44.254	38.627	13.056	11.118	3.124
98	127	255	685.028	2.476	47.799	20.492	7.891	175.697
99	60	255	799.317	1.983	29.556	10.511	7.268	177.369
