 	Area	Mean	XM	YM	Perim.	Major	Minor	Angle
1	22	255	612.000	580.409	16.728	6.458	4.337	141.749
2	2	255	273.500	200.000	4.828	2.257	1.128	90.000
3	4	255	270.750	199.250	7.657	3.192	1.596	161.565
4	1	255	281.500	198.500	2.828	1.128	1.128	0.000
5	5	255	279.900	196.500	10.485	4.409	1.444	139.265
6	12	255	277.417	191.583	12.485	5.444	2.807	72.007
7	40	255	271.400	186.025	26.385	9.482	5.371	103.373
8	1	255	4.500	156.500	2.828	1.128	1.128	0.000
9	2	255	21.000	154.500	4.243	2.257	1.128	0.000
10	1	255	3.500	152.500	2.828	1.128	1.128	0.000
11	1	255	85.500	138.500	2.828	1.128	1.128	0.000
12	1	255	8.500	136.500	2.828	1.128	1.128	0.000
13	1	255	78.500	135.500	2.828	1.128	1.128	0.000
14	1	255	12.500	134.500	2.828	1.128	1.128	0.000
15	2	255	15.500	134.000	4.828	2.257	1.128	90.000
16	1	255	8.500	133.500	2.828	1.128	1.128	0.000
17	1	255	13.500	131.500	2.828	1.128	1.128	0.000
18	1	255	83.500	131.500	2.828	1.128	1.128	0.000
19	1	255	131.500	131.500	2.828	1.128	1.128	0.000
20	1	255	12.500	128.500	2.828	1.128	1.128	0.000
21	1	255	26.500	127.500	2.828	1.128	1.128	0.000
22	1	255	28.500	127.500	2.828	1.128	1.128	0.000
23	1	255	37.500	127.500	2.828	1.128	1.128	0.000
24	2	255	4.500	126.000	4.828	2.257	1.128	90.000
25	1	255	7.500	126.500	2.828	1.128	1.128	0.000
26	1	255	79.500	126.500	2.828	1.128	1.128	0.000
27	1	255	7.500	123.500	2.828	1.128	1.128	0.000
28	3	255	70.500	122.500	6.828	3.385	1.128	90.000
29	1	255	39.500	122.500	2.828	1.128	1.128	0.000
30	3	255	6.167	119.833	5.657	2.365	1.615	45.000
31	1	255	3.500	119.500	2.828	1.128	1.128	0.000
32	1	255	10.500	119.500	2.828	1.128	1.128	0.000
33	1	255	27.500	119.500	2.828	1.128	1.128	0.000
34	1	255	12.500	118.500	2.828	1.128	1.128	0.000
35	1	255	63.500	118.500	2.828	1.128	1.128	0.000
36	5	255	7.700	115.500	11.657	4.839	1.316	78.251
37	1	255	96.500	116.500	2.828	1.128	1.128	0.000
38	1	255	9.500	114.500	2.828	1.128	1.128	0.000
39	2	255	15.500	114.000	4.828	2.257	1.128	90.000
40	1	255	47.500	113.500	2.828	1.128	1.128	0.000
41	3	255	61.500	112.500	6.243	3.385	1.128	0.000
42	1	255	95.500	112.500	2.828	1.128	1.128	0.000
43	1	255	15.500	111.500	2.828	1.128	1.128	0.000
44	1	255	30.500	111.500	2.828	1.128	1.128	0.000
45	1	255	32.500	111.500	2.828	1.128	1.128	0.000
46	1	255	51.500	111.500	2.828	1.128	1.128	0.000
47	1	255	55.500	111.500	2.828	1.128	1.128	0.000
48	1	255	82.500	111.500	2.828	1.128	1.128	0.000
49	1	255	84.500	111.500	2.828	1.128	1.128	0.000
50	1	255	101.500	111.500	2.828	1.128	1.128	0.000
51	1	255	103.500	111.500	2.828	1.128	1.128	0.000
52	1	255	5.500	110.500	2.828	1.128	1.128	0.000
53	2	255	58.000	110.500	4.243	2.257	1.128	0.000
54	1	255	79.500	110.500	2.828	1.128	1.128	0.000
55	2	255	10.500	109.000	4.828	2.257	1.128	90.000
56	1	255	47.500	108.500	2.828	1.128	1.128	0.000
57	1	255	63.500	108.500	2.828	1.128	1.128	0.000
58	2	255	58.000	107.500	4.243	2.257	1.128	0.000
59	2	255	83.500	107.000	4.828	2.257	1.128	90.000
60	1	255	8.500	106.500	2.828	1.128	1.128	0.000
61	2	255	63.500	105.000	4.828	2.257	1.128	90.000
62	4	255	6.000	103.500	8.243	4.514	1.128	0.000
63	1	255	15.500	103.500	2.828	1.128	1.128	0.000
64	1	255	98.500	103.500	2.828	1.128	1.128	0.000
65	1	255	106.500	103.500	2.828	1.128	1.128	0.000
66	1	255	2.500	102.500	2.828	1.128	1.128	0.000
67	4	255	10.750	102.250	7.657	3.192	1.596	161.565
68	1	255	39.500	102.500	2.828	1.128	1.128	0.000
69	1	255	17.500	101.500	2.828	1.128	1.128	0.000
70	1	255	53.500	101.500	2.828	1.128	1.128	0.000
71	4	255	87.000	101.000	5.657	2.257	2.257	0.000
72	3	255	96.500	101.500	6.243	3.385	1.128	0.000
73	2	255	8.500	100.000	4.828	2.257	1.128	90.000
74	1	255	41.500	99.500	2.828	1.128	1.128	0.000
75	1	255	96.500	97.500	2.828	1.128	1.128	0.000
76	4	255	46.250	94.500	8.485	3.676	1.385	39.690
77	1	255	8.500	94.500	2.828	1.128	1.128	0.000
78	1	255	15.500	94.500	2.828	1.128	1.128	0.000
79	1	255	39.500	94.500	2.828	1.128	1.128	0.000
80	1	255	69.500	94.500	2.828	1.128	1.128	0.000
81	3	255	74.500	94.500	6.243	3.385	1.128	0.000
82	2	255	29.000	93.500	4.243	2.257	1.128	0.000
83	1	255	31.500	93.500	2.828	1.128	1.128	0.000
84	2	255	36.000	93.000	5.657	2.596	0.981	135.000
85	2	255	55.500	93.000	4.828	2.257	1.128	90.000
86	2	255	67.000	93.500	4.243	2.257	1.128	0.000
87	2	255	72.000	93.000	5.657	2.596	0.981	135.000
88	1	255	136.500	93.500	2.828	1.128	1.128	0.000
89	1	255	141.500	93.500	2.828	1.128	1.128	0.000
90	2	255	4.500	92.000	4.828	2.257	1.128	90.000
91	2	255	26.500	91.000	4.828	2.257	1.128	90.000
92	2	255	28.500	91.000	4.828	2.257	1.128	90.000
93	10	255	58.600	89.400	16.142	6.722	1.894	51.231
94	3	255	63.833	90.500	7.657	3.213	1.189	61.845
95	1	255	1.500	90.500	2.828	1.128	1.128	0.000
96	2	255	7.500	90.000	4.828	2.257	1.128	90.000
97	1	255	10.500	90.500	2.828	1.128	1.128	0.000
98	3	255	18.833	88.500	7.657	3.213	1.189	118.155
99	1	255	51.500	89.500	2.828	1.128	1.128	0.000
100	1	255	79.500	89.500	2.828	1.128	1.128	0.000
101	5	255	0.700	86.700	9.657	4.183	1.522	100.901
102	1	255	25.500	88.500	2.828	1.128	1.128	0.000
103	1	255	3.500	87.500	2.828	1.128	1.128	0.000
104	2	255	11.500	87.000	4.828	2.257	1.128	90.000
105	2	255	16.000	87.500	4.243	2.257	1.128	0.000
106	2	255	29.000	87.000	5.657	2.596	0.981	45.000
107	1	255	31.500	87.500	2.828	1.128	1.128	0.000
108	2	255	44.000	87.500	4.243	2.257	1.128	0.000
109	3	255	47.833	86.833	5.657	2.365	1.615	135.000
110	1	255	60.500	87.500	2.828	1.128	1.128	0.000
111	1	255	71.500	87.500	2.828	1.128	1.128	0.000
112	2	255	76.000	87.500	4.243	2.257	1.128	0.000
113	1	255	26.500	86.500	2.828	1.128	1.128	0.000
114	1	255	99.500	86.500	2.828	1.128	1.128	0.000
115	2	255	9.000	85.500	4.243	2.257	1.128	0.000
116	1	255	15.500	85.500	2.828	1.128	1.128	0.000
117	2	255	67.000	85.500	4.243	2.257	1.128	0.000
118	1	255	91.500	85.500	2.828	1.128	1.128	0.000
119	1	255	39.500	84.500	2.828	1.128	1.128	0.000
120	2	255	76.500	84.000	4.828	2.257	1.128	90.000
121	2	255	12.000	83.500	4.243	2.257	1.128	0.000
122	1	255	23.500	83.500	2.828	1.128	1.128	0.000
123	1	255	48.500	83.500	2.828	1.128	1.128	0.000
124	1	255	70.500	83.500	2.828	1.128	1.128	0.000
125	2	255	80.000	83.000	5.657	2.596	0.981	135.000
126	2	255	2.000	82.500	4.243	2.257	1.128	0.000
127	3	255	31.167	82.167	5.657	2.365	1.615	135.000
128	1	255	72.500	82.500	2.828	1.128	1.128	0.000
129	27	255	12.759	73.759	37.213	11.428	3.008	78.675
130	2	255	27.500	80.000	4.828	2.257	1.128	90.000
131	1	255	29.500	80.500	2.828	1.128	1.128	0.000
132	4	255	43.000	80.000	5.657	2.257	2.257	0.000
133	1	255	70.500	80.500	2.828	1.128	1.128	0.000
134	2	255	88.000	80.500	4.243	2.257	1.128	0.000
135	1	255	0.500	79.500	2.828	1.128	1.128	0.000
136	3	255	24.833	79.167	5.657	2.365	1.615	45.000
137	1	255	55.500	79.500	2.828	1.128	1.128	0.000
138	1	255	64.500	79.500	2.828	1.128	1.128	0.000
139	1	255	66.500	79.500	2.828	1.128	1.128	0.000
140	1	255	83.500	79.500	2.828	1.128	1.128	0.000
141	1	255	99.500	79.500	2.828	1.128	1.128	0.000
142	1	255	104.500	79.500	2.828	1.128	1.128	0.000
143	1	255	112.500	79.500	2.828	1.128	1.128	0.000
144	1	255	133.500	79.500	2.828	1.128	1.128	0.000
145	2	255	4.000	78.500	4.243	2.257	1.128	0.000
146	3	255	8.500	77.500	6.828	3.385	1.128	90.000
147	3	255	49.500	78.500	6.243	3.385	1.128	0.000
148	1	255	53.500	78.500	2.828	1.128	1.128	0.000
149	3	255	75.500	77.500	6.828	3.385	1.128	90.000
150	1	255	79.500	78.500	2.828	1.128	1.128	0.000
151	1	255	95.500	78.500	2.828	1.128	1.128	0.000
152	1	255	125.500	78.500	2.828	1.128	1.128	0.000
153	2	255	149.000	78.500	4.243	2.257	1.128	0.000
154	3	255	31.833	76.500	7.657	3.213	1.189	61.845
155	2	255	56.500	77.000	4.828	2.257	1.128	90.000
156	2	255	61.500	77.000	4.828	2.257	1.128	90.000
157	4	255	130.000	77.000	5.657	2.257	2.257	0.000
158	1	255	157.500	77.500	2.828	1.128	1.128	0.000
159	6	255	1.500	76.000	7.657	3.385	2.257	0.000
160	1	255	18.500	76.500	2.828	1.128	1.128	0.000
161	1	255	21.500	76.500	2.828	1.128	1.128	0.000
162	2	255	47.000	76.500	4.243	2.257	1.128	0.000
163	1	255	54.500	76.500	2.828	1.128	1.128	0.000
164	2	255	65.500	76.000	4.828	2.257	1.128	90.000
165	1	255	67.500	76.500	2.828	1.128	1.128	0.000
166	2	255	92.000	76.500	4.243	2.257	1.128	0.000
167	4	255	96.000	75.500	7.657	3.216	1.583	58.283
168	1	255	153.500	76.500	2.828	1.128	1.128	0.000
169	1	255	26.500	75.500	2.828	1.128	1.128	0.000
170	4	255	41.000	75.500	8.243	4.514	1.128	0.000
171	2	255	79.500	75.000	4.828	2.257	1.128	90.000
172	1	255	137.500	75.500	2.828	1.128	1.128	0.000
173	1	255	7.500	74.500	2.828	1.128	1.128	0.000
174	4	255	46.750	73.750	7.657	3.192	1.596	18.435
175	1	255	63.500	74.500	2.828	1.128	1.128	0.000
176	2	255	72.000	74.500	4.243	2.257	1.128	0.000
177	3	255	120.500	73.500	6.828	3.385	1.128	90.000
178	1	255	135.500	74.500	2.828	1.128	1.128	0.000
179	5	255	9.100	71.500	11.657	5.078	1.254	72.857
180	3	255	18.500	72.500	6.828	3.385	1.128	90.000
181	16	255	24.188	69.875	22.971	5.749	3.543	116.133
182	1	255	124.500	73.500	2.828	1.128	1.128	0.000
183	26	255	4.423	69.231	29.213	9.593	3.451	118.085
184	4	255	41.000	72.500	8.243	4.514	1.128	0.000
185	1	255	55.500	72.500	2.828	1.128	1.128	0.000
186	2	255	64.000	72.000	5.657	2.596	0.981	45.000
187	3	255	66.167	71.500	7.657	3.213	1.189	61.845
188	4	255	74.500	71.000	8.828	4.514	1.128	90.000
189	2	255	76.500	72.000	4.828	2.257	1.128	90.000
190	5	255	83.300	71.300	10.485	2.603	2.446	134.999
191	2	255	93.000	72.500	4.243	2.257	1.128	0.000
192	1	255	96.500	72.500	2.828	1.128	1.128	0.000
193	5	255	15.900	69.900	9.657	4.076	1.562	110.994
194	2	255	28.000	71.500	4.243	2.257	1.128	0.000
195	7	255	37.071	70.214	9.657	4.154	2.146	98.350
196	5	255	44.500	70.900	11.071	5.078	1.254	17.143
197	1	255	68.500	71.500	2.828	1.128	1.128	0.000
198	2	255	88.000	71.500	4.243	2.257	1.128	0.000
199	4	255	102.500	71.000	7.071	3.216	1.583	31.717
200	4	255	111.500	70.750	7.071	2.734	1.863	0.000
201	1	255	127.500	71.500	2.828	1.128	1.128	0.000
202	1	255	156.500	71.500	2.828	1.128	1.128	0.000
203	1	255	172.500	71.500	2.828	1.128	1.128	0.000
204	1	255	177.500	71.500	2.828	1.128	1.128	0.000
205	1	255	0.500	70.500	2.828	1.128	1.128	0.000
206	4	255	32.500	70.000	7.071	3.216	1.583	148.283
207	2	255	56.000	70.500	4.243	2.257	1.128	0.000
208	1	255	58.500	70.500	2.828	1.128	1.128	0.000
209	2	255	98.000	70.500	4.243	2.257	1.128	0.000
210	1	255	108.500	70.500	2.828	1.128	1.128	0.000
211	1	255	139.500	70.500	2.828	1.128	1.128	0.000
212	1	255	183.500	70.500	2.828	1.128	1.128	0.000
213	1	255	225.500	70.500	2.828	1.128	1.128	0.000
214	1	255	40.500	69.500	2.828	1.128	1.128	0.000
215	2	255	63.000	69.500	4.243	2.257	1.128	0.000
216	9	255	69.167	68.167	11.071	4.488	2.553	76.717
217	1	255	79.500	69.500	2.828	1.128	1.128	0.000
218	2	255	144.500	69.000	4.828	2.257	1.128	90.000
219	1	255	185.500	69.500	2.828	1.128	1.128	0.000
220	2	255	187.500	69.000	4.828	2.257	1.128	90.000
221	28	255	31.536	64.893	52.284	8.177	4.360	179.481
222	1	255	47.500	68.500	2.828	1.128	1.128	0.000
223	1	255	107.500	68.500	2.828	1.128	1.128	0.000
224	4	255	135.250	67.750	7.657	3.192	1.596	108.435
225	1	255	180.500	68.500	2.828	1.128	1.128	0.000
226	8	255	1.250	66.000	10.485	4.501	2.263	111.355
227	13	255	13.115	65.500	15.899	6.330	2.615	19.547
228	3	255	19.167	67.167	5.657	2.365	1.615	135.000
229	2	255	45.000	67.500	4.243	2.257	1.128	0.000
230	35	255	53.300	63.271	60.184	10.617	4.198	26.178
231	4	255	71.750	66.000	10.485	3.417	1.490	96.620
232	3	255	83.500	67.500	6.243	3.385	1.128	0.000
233	2	255	99.500	67.000	4.828	2.257	1.128	90.000
234	3	255	27.833	66.167	5.657	2.365	1.615	45.000
235	4	255	65.750	65.750	7.657	3.192	1.596	18.435
236	1	255	77.500	66.500	2.828	1.128	1.128	0.000
237	1	255	113.500	66.500	2.828	1.128	1.128	0.000
238	3	255	22.500	64.500	6.828	3.385	1.128	90.000
239	6	255	41.000	64.667	10.485	3.479	2.196	155.817
240	5	255	80.100	63.900	11.899	3.009	2.116	115.097
241	2	255	83.500	65.000	4.828	2.257	1.128	90.000
242	1	255	87.500	65.500	2.828	1.128	1.128	0.000
243	2	255	106.500	65.000	4.828	2.257	1.128	90.000
244	1	255	108.500	65.500	2.828	1.128	1.128	0.000
245	1	255	124.500	65.500	2.828	1.128	1.128	0.000
246	2	255	145.500	65.000	4.828	2.257	1.128	90.000
247	22	255	60.136	58.682	29.556	9.353	2.995	78.636
248	6	255	68.333	63.167	9.071	2.930	2.607	116.565
249	1	255	85.500	64.500	2.828	1.128	1.128	0.000
250	1	255	205.500	64.500	2.828	1.128	1.128	0.000
251	2	255	19.000	63.500	4.243	2.257	1.128	0.000
252	1	255	62.500	63.500	2.828	1.128	1.128	0.000
253	1	255	65.500	63.500	2.828	1.128	1.128	0.000
254	4	255	76.000	63.500	8.243	4.514	1.128	0.000
255	4	255	98.000	63.000	5.657	2.257	2.257	0.000
256	2	255	102.000	63.500	4.243	2.257	1.128	0.000
257	1	255	111.500	63.500	2.828	1.128	1.128	0.000
258	5	255	116.300	62.900	7.071	3.144	2.025	161.565
259	1	255	119.500	63.500	2.828	1.128	1.128	0.000
260	3	255	128.167	62.500	7.657	3.213	1.189	118.155
261	1	255	184.500	63.500	2.828	1.128	1.128	0.000
262	19	255	8.395	59.395	20.971	7.842	3.085	51.888
263	2	255	12.500	62.000	4.828	2.257	1.128	90.000
264	1	255	106.500	62.500	2.828	1.128	1.128	0.000
265	1	255	132.500	62.500	2.828	1.128	1.128	0.000
266	1	255	135.500	62.500	2.828	1.128	1.128	0.000
267	1	255	163.500	62.500	2.828	1.128	1.128	0.000
268	1	255	166.500	62.500	2.828	1.128	1.128	0.000
269	257	255	12.442	47.263	146.368	24.760	13.216	56.350
270	1	255	64.500	61.500	2.828	1.128	1.128	0.000
271	1	255	71.500	61.500	2.828	1.128	1.128	0.000
272	1	255	102.500	61.500	2.828	1.128	1.128	0.000
273	3	255	110.500	61.500	6.243	3.385	1.128	0.000
274	1	255	144.500	61.500	2.828	1.128	1.128	0.000
275	14	255	1.786	57.929	21.314	5.048	3.531	106.453
276	10	255	29.600	58.600	12.485	3.777	3.371	135.000
277	4	255	34.000	60.000	5.657	2.257	2.257	0.000
278	4	255	45.500	59.000	8.828	4.514	1.128	90.000
279	1	255	57.500	60.500	2.828	1.128	1.128	0.000
280	3	255	67.833	59.833	5.657	2.365	1.615	135.000
281	1	255	95.500	60.500	2.828	1.128	1.128	0.000
282	1	255	135.500	60.500	2.828	1.128	1.128	0.000
283	4	255	89.000	59.250	9.071	3.969	1.283	17.609
284	7	255	103.929	58.786	11.657	5.155	1.729	9.615
285	2	255	110.000	59.500	4.243	2.257	1.128	0.000
286	1	255	115.500	59.500	2.828	1.128	1.128	0.000
287	2	255	128.500	59.000	4.828	2.257	1.128	90.000
288	2	255	164.000	59.500	4.243	2.257	1.128	0.000
289	1	255	151.500	58.500	2.828	1.128	1.128	0.000
290	1	255	12.500	57.500	2.828	1.128	1.128	0.000
291	24	255	35.417	55.708	28.627	8.917	3.427	1.938
292	3	255	42.500	56.500	6.828	3.385	1.128	90.000
293	17	255	52.265	55.912	26.042	6.979	3.102	7.548
294	3	255	75.167	56.833	5.657	2.365	1.615	45.000
295	2	255	80.500	57.000	4.828	2.257	1.128	90.000
296	8	255	109.000	56.625	17.071	7.734	1.317	4.830
297	1	255	133.500	57.500	2.828	1.128	1.128	0.000
298	2	255	161.500	57.000	4.828	2.257	1.128	90.000
299	2	255	68.000	56.500	4.243	2.257	1.128	0.000
300	44	255	91.659	50.227	71.255	9.759	5.741	149.860
301	2	255	119.000	56.500	4.243	2.257	1.128	0.000
302	1	255	136.500	56.500	2.828	1.128	1.128	0.000
303	8	255	89.750	54.625	12.728	4.544	2.242	153.967
304	3	255	133.500	55.500	6.243	3.385	1.128	0.000
305	1	255	142.500	55.500	2.828	1.128	1.128	0.000
306	1	255	144.500	55.500	2.828	1.128	1.128	0.000
307	6	255	149.667	54.500	8.485	3.718	2.055	126.870
308	1	255	159.500	55.500	2.828	1.128	1.128	0.000
309	1	255	164.500	55.500	2.828	1.128	1.128	0.000
310	1	255	200.500	55.500	2.828	1.128	1.128	0.000
311	2	255	210.000	55.000	5.657	2.596	0.981	135.000
312	26	255	66.962	50.077	34.627	7.921	4.179	117.465
313	3	255	70.167	54.167	5.657	2.365	1.615	135.000
314	78	255	75.449	49.654	58.770	11.776	8.433	74.389
315	1	255	105.500	54.500	2.828	1.128	1.128	0.000
316	1	255	120.500	54.500	2.828	1.128	1.128	0.000
317	1	255	126.500	54.500	2.828	1.128	1.128	0.000
318	2	255	152.500	54.000	4.828	2.257	1.128	90.000
319	3	255	154.500	53.500	6.828	3.385	1.128	90.000
320	3	255	156.500	53.500	6.828	3.385	1.128	90.000
321	2	255	162.500	54.000	4.828	2.257	1.128	90.000
322	1	255	186.500	54.500	2.828	1.128	1.128	0.000
323	8	255	2.000	53.000	9.657	4.514	2.257	0.000
324	19	255	30.289	49.816	27.213	6.399	3.781	101.038
325	4	255	112.750	52.500	7.657	2.734	1.863	90.000
326	4	255	133.000	53.000	5.657	2.257	2.257	0.000
327	22	255	38.136	50.000	28.627	5.643	4.964	7.195
328	40	255	50.200	49.100	60.770	12.492	4.077	26.462
329	7	255	61.786	51.500	9.071	3.086	2.888	90.000
330	3	255	118.500	52.500	6.243	3.385	1.128	0.000
331	5	255	122.500	50.500	10.828	5.642	1.128	90.000
332	2	255	143.500	52.000	4.828	2.257	1.128	90.000
333	2	255	189.500	52.000	4.828	2.257	1.128	90.000
334	48	255	23.188	44.458	54.426	10.776	5.672	71.562
335	4	255	92.000	51.000	5.657	2.257	2.257	0.000
336	9	255	105.278	49.944	13.314	4.039	2.837	17.656
337	1	255	109.500	51.500	2.828	1.128	1.128	0.000
338	1	255	124.500	51.500	2.828	1.128	1.128	0.000
339	5	255	126.500	49.500	10.828	5.642	1.128	90.000
340	1	255	195.500	51.500	2.828	1.128	1.128	0.000
341	29	255	2.052	47.017	26.385	8.549	4.319	76.219
342	8	255	98.750	48.000	14.142	5.229	1.948	56.055
343	2	255	151.500	50.000	4.828	2.257	1.128	90.000
344	1	255	157.500	50.500	2.828	1.128	1.128	0.000
345	1	255	201.500	50.500	2.828	1.128	1.128	0.000
346	12	255	121.750	47.500	19.556	4.926	3.101	149.555
347	2	255	135.500	49.000	4.828	2.257	1.128	90.000
348	1	255	175.500	49.500	2.828	1.128	1.128	0.000
349	7	255	165.357	45.643	13.657	6.247	1.427	84.488
350	8	255	55.750	47.125	13.899	5.376	1.895	2.432
351	59	255	85.398	42.771	52.669	9.464	7.938	144.804
352	3	255	147.167	46.833	5.657	2.365	1.615	45.000
353	1	255	153.500	47.500	2.828	1.128	1.128	0.000
354	1	255	157.500	47.500	2.828	1.128	1.128	0.000
355	1	255	159.500	47.500	2.828	1.128	1.128	0.000
356	2	255	163.500	47.000	4.828	2.257	1.128	90.000
357	2	255	186.000	47.500	4.243	2.257	1.128	0.000
358	1	255	196.500	47.500	2.828	1.128	1.128	0.000
359	35	255	35.500	43.614	27.799	7.047	6.324	126.276
360	3	255	62.500	46.500	6.243	3.385	1.128	0.000
361	4	255	102.250	45.500	8.485	3.676	1.385	140.310
362	9	255	106.167	44.056	14.485	5.993	1.912	90.788
363	2	255	117.500	46.000	4.828	2.257	1.128	90.000
364	1	255	140.500	46.500	2.828	1.128	1.128	0.000
365	1	255	171.500	46.500	2.828	1.128	1.128	0.000
366	2	255	190.500	46.000	4.828	2.257	1.128	90.000
367	2	255	202.000	46.500	4.243	2.257	1.128	0.000
368	1	255	221.500	46.500	2.828	1.128	1.128	0.000
369	1	255	242.500	46.500	2.828	1.128	1.128	0.000
370	1	255	247.500	46.500	2.828	1.128	1.128	0.000
371	1	255	253.500	46.500	2.828	1.128	1.128	0.000
372	23	255	64.196	43.152	32.042	7.055	4.151	179.679
373	17	255	130.382	43.676	24.728	7.917	2.734	145.813
374	2	255	143.500	45.000	4.828	2.257	1.128	90.000
375	4	255	156.500	45.000	7.071	3.216	1.583	31.717
376	1	255	168.500	45.500	2.828	1.128	1.128	0.000
377	2	255	175.000	45.500	4.243	2.257	1.128	0.000
378	1	255	177.500	45.500	2.828	1.128	1.128	0.000
379	16	255	52.062	42.562	20.142	4.927	4.134	2.274
380	7	255	112.214	44.071	9.657	4.154	2.146	171.650
381	4	255	136.000	44.000	5.657	2.257	2.257	0.000
382	7	255	151.643	43.786	9.071	3.507	2.542	149.527
383	1	255	240.500	44.500	2.828	1.128	1.128	0.000
384	3810	255	50.332	17.938	418.919	112.750	43.025	179.204
385	20	255	138.850	38.650	34.042	6.272	4.060	93.002
386	6	255	173.833	42.833	9.071	3.489	2.190	135.000
387	5	255	47.900	41.300	7.657	3.144	2.025	108.435
388	6	255	69.667	40.833	10.485	4.102	1.862	46.950
389	28	255	99.893	37.321	41.941	9.664	3.689	78.556
390	7	255	127.786	41.357	9.899	4.110	2.168	22.500
391	2	255	160.500	42.000	4.828	2.257	1.128	90.000
392	2	255	168.500	42.000	4.828	2.257	1.128	90.000
393	4	255	178.000	42.000	5.657	2.257	2.257	0.000
394	3	255	184.167	41.500	7.657	3.213	1.189	61.845
395	2	255	188.000	42.500	4.243	2.257	1.128	0.000
396	3	255	191.500	41.833	7.071	3.213	1.189	28.155
397	17	255	91.971	39.147	17.314	6.595	3.282	61.779
398	8	255	120.250	39.625	15.899	3.301	3.086	80.008
399	2	255	143.500	41.000	4.828	2.257	1.128	90.000
400	5	255	147.100	40.700	7.657	3.144	2.025	108.435
401	9	255	157.611	39.611	17.314	4.539	2.525	155.078
402	4	255	200.500	40.500	8.485	2.838	1.795	45.000
403	1	255	240.500	41.500	2.828	1.128	1.128	0.000
404	17	255	110.441	37.265	22.385	7.584	2.854	140.976
405	2	255	150.500	40.000	4.828	2.257	1.128	90.000
406	1	255	164.500	40.500	2.828	1.128	1.128	0.000
407	1	255	208.500	40.500	2.828	1.128	1.128	0.000
408	1	255	112.500	39.500	2.828	1.128	1.128	0.000
409	2	255	130.000	39.500	4.243	2.257	1.128	0.000
410	1	255	190.500	39.500	2.828	1.128	1.128	0.000
411	1	255	193.500	39.500	2.828	1.128	1.128	0.000
412	2	255	253.000	39.500	4.243	2.257	1.128	0.000
413	2	255	33.000	38.500	4.243	2.257	1.128	0.000
414	17	255	93.029	35.324	24.971	7.993	2.708	25.834
415	9	255	104.278	36.833	11.899	4.163	2.752	133.093
416	4	255	154.500	37.000	8.828	4.514	1.128	90.000
417	1	255	162.500	38.500	2.828	1.128	1.128	0.000
418	2	255	165.000	38.500	4.243	2.257	1.128	0.000
419	23	255	177.804	34.413	39.941	8.222	3.562	46.010
420	1	255	184.500	38.500	2.828	1.128	1.128	0.000
421	2	255	188.000	38.500	4.243	2.257	1.128	0.000
422	1	255	204.500	38.500	2.828	1.128	1.128	0.000
423	2	255	217.000	38.500	4.243	2.257	1.128	0.000
424	1	255	241.500	38.500	2.828	1.128	1.128	0.000
425	1	255	248.500	38.500	2.828	1.128	1.128	0.000
426	1	255	322.500	38.500	2.828	1.128	1.128	0.000
427	15	255	129.233	35.500	18.728	6.013	3.176	125.985
428	1	255	152.500	37.500	2.828	1.128	1.128	0.000
429	1	255	159.500	37.500	2.828	1.128	1.128	0.000
430	1	255	279.500	37.500	2.828	1.128	1.128	0.000
431	8	255	134.125	34.500	11.657	4.769	2.136	90.000
432	19	255	146.974	35.079	18.728	7.057	3.428	168.499
433	4	255	204.000	36.000	5.657	2.257	2.257	0.000
434	1	255	250.500	36.500	2.828	1.128	1.128	0.000
435	1607	255	130.390	13.774	291.806	61.356	33.348	177.385
436	1	255	161.500	35.500	2.828	1.128	1.128	0.000
437	5	255	165.100	34.700	7.657	3.144	2.025	108.435
438	1	255	187.500	35.500	2.828	1.128	1.128	0.000
439	1	255	209.500	35.500	2.828	1.128	1.128	0.000
440	3	255	287.167	34.833	5.657	2.365	1.615	45.000
441	4	255	152.250	33.000	9.657	3.969	1.283	72.391
442	1	255	157.500	34.500	2.828	1.128	1.128	0.000
443	1	255	245.500	34.500	2.828	1.128	1.128	0.000
444	6	255	94.333	32.167	10.485	4.387	1.742	32.243
445	2	255	103.500	33.000	4.828	2.257	1.128	90.000
446	33	255	141.742	30.530	34.042	8.578	4.898	175.650
447	11	255	160.682	32.227	15.314	5.230	2.678	175.748
448	3	255	200.167	33.167	5.657	2.365	1.615	135.000
449	4	255	219.000	33.000	5.657	2.257	2.257	0.000
450	1	255	266.500	33.500	2.828	1.128	1.128	0.000
451	1	255	282.500	33.500	2.828	1.128	1.128	0.000
452	8	255	126.625	31.625	9.071	3.538	2.879	135.000
453	22	255	154.000	28.773	21.314	6.105	4.588	60.885
454	3	255	167.500	31.500	6.828	3.385	1.128	90.000
455	2	255	190.000	32.500	4.243	2.257	1.128	0.000
456	2	255	240.500	32.000	4.828	2.257	1.128	90.000
457	3	255	286.167	32.167	5.657	2.365	1.615	135.000
458	1	255	101.500	31.500	2.828	1.128	1.128	0.000
459	20	255	169.100	25.550	34.042	7.438	3.424	66.285
460	6	255	182.000	30.833	14.728	4.939	1.547	176.474
461	9	255	194.389	30.944	15.314	4.895	2.341	178.093
462	2	255	234.000	31.500	4.243	2.257	1.128	0.000
463	2	255	238.000	31.500	4.243	2.257	1.128	0.000
464	2	255	261.000	31.000	5.657	2.596	0.981	45.000
465	1	255	266.500	31.500	2.828	1.128	1.128	0.000
466	1	255	325.500	31.500	2.828	1.128	1.128	0.000
467	1	255	130.500	30.500	2.828	1.128	1.128	0.000
468	1	255	172.500	30.500	2.828	1.128	1.128	0.000
469	4	255	188.750	29.750	9.071	3.589	1.419	135.000
470	1	255	199.500	30.500	2.828	1.128	1.128	0.000
471	4	255	210.500	29.750	8.485	3.676	1.385	129.690
472	1	255	224.500	30.500	2.828	1.128	1.128	0.000
473	1	255	254.500	30.500	2.828	1.128	1.128	0.000
474	2	255	264.000	30.000	5.657	2.596	0.981	135.000
475	3	255	215.500	28.500	6.828	3.385	1.128	90.000
476	5	255	237.500	29.100	11.071	5.078	1.254	162.857
477	14	255	177.571	26.000	24.627	4.905	3.634	104.253
478	1	255	192.500	28.500	2.828	1.128	1.128	0.000
479	3	255	202.167	28.167	5.657	2.365	1.615	135.000
480	2	255	206.500	28.000	4.828	2.257	1.128	90.000
481	2	255	208.500	28.000	4.828	2.257	1.128	90.000
482	7	255	228.071	26.786	9.657	4.154	2.146	81.650
483	1	255	232.500	28.500	2.828	1.128	1.128	0.000
484	1	255	320.500	28.500	2.828	1.128	1.128	0.000
485	4	255	166.000	27.500	8.243	4.514	1.128	0.000
486	2	255	173.500	27.000	4.828	2.257	1.128	90.000
487	1	255	261.500	27.500	2.828	1.128	1.128	0.000
488	2	255	267.000	27.500	4.243	2.257	1.128	0.000
489	4	255	279.250	26.500	7.657	2.734	1.863	90.000
490	3	255	181.833	25.833	5.657	2.365	1.615	135.000
491	2	255	200.500	26.000	4.828	2.257	1.128	90.000
492	1	255	247.500	26.500	2.828	1.128	1.128	0.000
493	1	255	326.500	26.500	2.828	1.128	1.128	0.000
494	4	255	186.000	25.000	5.657	2.257	2.257	0.000
495	7	255	215.214	24.786	10.485	4.439	2.008	150.128
496	7	255	233.643	24.929	13.899	5.740	1.553	171.015
497	1	255	239.500	25.500	2.828	1.128	1.128	0.000
498	4	255	242.500	25.000	7.071	3.216	1.583	31.717
499	12	255	190.750	22.333	16.142	4.650	3.286	103.984
500	6	255	196.000	23.500	7.657	3.385	2.257	90.000
501	4	255	250.000	23.000	9.657	4.218	1.207	112.500
502	1	255	274.500	24.500	2.828	1.128	1.128	0.000
503	39	255	172.269	18.603	29.456	9.851	5.041	64.103
504	5	255	184.700	22.700	9.657	4.183	1.522	169.099
505	3	255	204.500	23.500	6.243	3.385	1.128	0.000
506	5	255	208.100	21.900	9.657	4.076	1.562	69.006
507	11	255	244.682	21.500	19.556	5.709	2.453	35.008
508	1	255	264.500	23.500	2.828	1.128	1.128	0.000
509	1	255	200.500	22.500	2.828	1.128	1.128	0.000
510	2	255	221.500	22.000	4.828	2.257	1.128	90.000
511	1	255	223.500	22.500	2.828	1.128	1.128	0.000
512	1	255	267.500	22.500	2.828	1.128	1.128	0.000
513	1	255	274.500	22.500	2.828	1.128	1.128	0.000
514	1	255	292.500	22.500	2.828	1.128	1.128	0.000
515	1	255	298.500	22.500	2.828	1.128	1.128	0.000
516	1	255	339.500	22.500	2.828	1.128	1.128	0.000
517	4	255	203.000	21.000	5.657	2.257	2.257	0.000
518	3	255	217.167	21.167	5.657	2.365	1.615	135.000
519	1	255	219.500	21.500	2.828	1.128	1.128	0.000
520	5	255	239.100	20.700	9.071	3.732	1.706	5.152
521	2	255	255.500	21.000	4.828	2.257	1.128	90.000
522	1	255	257.500	21.500	2.828	1.128	1.128	0.000
523	2	255	283.000	21.500	4.243	2.257	1.128	0.000
524	7	255	199.500	19.071	10.485	3.690	2.416	123.401
525	4	255	227.000	20.000	5.657	2.257	2.257	0.000
526	2	255	299.500	20.000	4.828	2.257	1.128	90.000
527	16	255	165.562	17.750	15.899	6.200	3.286	29.953
528	45	255	185.367	14.300	43.941	11.047	5.187	93.287
529	3	255	223.833	19.167	5.657	2.365	1.615	45.000
530	12	255	249.250	16.667	20.728	5.335	2.864	32.506
531	7	255	192.357	16.500	11.071	3.752	2.375	90.000
532	10	255	196.900	16.300	14.728	5.671	2.245	119.745
533	1	255	205.500	18.500	2.828	1.128	1.128	0.000
534	2	255	218.000	18.500	4.243	2.257	1.128	0.000
535	1	255	220.500	18.500	2.828	1.128	1.128	0.000
536	2	255	260.500	18.000	4.828	2.257	1.128	90.000
537	1	255	272.500	18.500	2.828	1.128	1.128	0.000
538	1	255	293.500	18.500	2.828	1.128	1.128	0.000
539	1	255	297.500	18.500	2.828	1.128	1.128	0.000
540	2	255	318.500	18.000	4.828	2.257	1.128	90.000
541	179	255	209.092	7.992	75.841	19.296	11.811	70.253
542	3	255	230.167	16.833	5.657	2.365	1.615	45.000
543	2	255	241.500	17.000	4.828	2.257	1.128	90.000
544	2	255	255.500	17.000	4.828	2.257	1.128	90.000
545	1	255	301.500	17.500	2.828	1.128	1.128	0.000
546	1	255	202.500	16.500	2.828	1.128	1.128	0.000
547	1	255	218.500	16.500	2.828	1.128	1.128	0.000
548	12	255	220.500	14.500	19.556	5.729	2.667	55.625
549	5	255	226.300	15.300	10.485	4.521	1.408	31.121
550	1	255	344.500	16.500	2.828	1.128	1.128	0.000
551	1	255	257.500	15.500	2.828	1.128	1.128	0.000
552	1	255	263.500	15.500	2.828	1.128	1.128	0.000
553	1	255	274.500	15.500	2.828	1.128	1.128	0.000
554	6	255	294.333	15.167	11.071	4.986	1.532	14.655
555	1	255	306.500	15.500	2.828	1.128	1.128	0.000
556	4	255	315.250	14.750	7.657	3.192	1.596	161.565
557	1	255	328.500	15.500	2.828	1.128	1.128	0.000
558	2	255	164.000	14.500	4.243	2.257	1.128	0.000
559	157	255	166.513	5.303	63.113	14.731	13.570	66.246
560	16	255	175.312	12.250	17.314	5.246	3.883	92.940
561	32	255	180.594	10.406	26.971	9.467	4.304	113.566
562	12	255	201.750	11.000	16.485	6.708	2.278	97.260
563	1	255	222.500	14.500	2.828	1.128	1.128	0.000
564	13	255	232.038	13.346	20.971	5.562	2.976	172.562
565	1	255	254.500	14.500	2.828	1.128	1.128	0.000
566	1	255	298.500	14.500	2.828	1.128	1.128	0.000
567	1	255	301.500	14.500	2.828	1.128	1.128	0.000
568	2	255	304.500	14.000	4.828	2.257	1.128	90.000
569	1	255	310.500	14.500	2.828	1.128	1.128	0.000
570	3	255	323.500	13.500	6.828	3.385	1.128	90.000
571	2	255	326.500	14.000	4.828	2.257	1.128	90.000
572	6	255	227.500	11.000	12.828	6.770	1.128	90.000
573	6	255	247.000	12.333	10.485	3.853	1.983	84.690
574	2	255	249.500	13.000	4.828	2.257	1.128	90.000
575	4	255	279.250	13.250	7.071	3.192	1.596	18.435
576	1	255	285.500	13.500	2.828	1.128	1.128	0.000
577	2	255	216.500	12.000	4.828	2.257	1.128	90.000
578	29	255	252.672	6.397	51.113	7.456	4.952	104.294
579	1	255	253.500	12.500	2.828	1.128	1.128	0.000
580	5	255	255.100	10.900	9.657	4.076	1.562	69.006
581	1	255	267.500	12.500	2.828	1.128	1.128	0.000
582	5	255	271.700	12.100	7.657	3.144	2.025	161.565
583	3	255	294.833	12.167	5.657	2.365	1.615	45.000
584	2	255	198.000	11.500	4.243	2.257	1.128	0.000
585	65	255	220.592	5.023	65.598	12.430	6.658	51.279
586	7	255	240.214	10.786	11.314	3.709	2.403	162.231
587	3	255	243.833	10.833	5.657	2.365	1.615	135.000
588	4	255	289.000	11.000	5.657	2.257	2.257	0.000
589	2	255	317.500	11.000	4.828	2.257	1.128	90.000
590	3	255	264.500	10.500	6.243	3.385	1.128	0.000
591	3	255	277.833	10.167	5.657	2.365	1.615	45.000
592	2	255	285.000	10.500	4.243	2.257	1.128	0.000
593	5	255	305.900	9.700	7.657	3.144	2.025	71.565
594	2	255	311.500	10.000	4.828	2.257	1.128	90.000
595	1	255	323.500	10.500	2.828	1.128	1.128	0.000
596	1	255	363.500	10.500	2.828	1.128	1.128	0.000
597	2	255	232.500	9.000	4.828	2.257	1.128	90.000
598	5	255	268.900	8.900	9.657	3.316	1.920	135.000
599	2	255	275.500	9.000	4.828	2.257	1.128	90.000
600	2	255	295.000	9.500	4.243	2.257	1.128	0.000
601	4	255	300.000	9.000	5.657	2.257	2.257	0.000
602	43	255	194.942	5.919	34.627	8.778	6.237	28.887
603	1	255	229.500	8.500	2.828	1.128	1.128	0.000
604	1	255	236.500	8.500	2.828	1.128	1.128	0.000
605	1	255	288.500	8.500	2.828	1.128	1.128	0.000
606	2	255	293.000	8.000	5.657	2.596	0.981	135.000
607	103	255	295.743	2.665	94.569	17.158	7.643	179.868
608	2	255	350.000	8.500	4.243	2.257	1.128	0.000
609	41	255	179.207	3.305	35.698	10.893	4.792	142.387
610	3	255	246.833	6.833	5.657	2.365	1.615	135.000
611	1	255	264.500	7.500	2.828	1.128	1.128	0.000
612	2	255	309.000	7.500	4.243	2.257	1.128	0.000
613	51	255	310.225	3.520	34.284	9.466	6.860	176.387
614	1	255	314.500	7.500	2.828	1.128	1.128	0.000
615	2	255	320.000	7.500	4.243	2.257	1.128	0.000
616	1	255	325.500	7.500	2.828	1.128	1.128	0.000
617	2	255	328.000	7.000	5.657	2.596	0.981	135.000
618	3	255	343.167	7.167	5.657	2.365	1.615	135.000
619	1	255	359.500	7.500	2.828	1.128	1.128	0.000
620	1	255	361.500	7.500	2.828	1.128	1.128	0.000
621	1	255	364.500	7.500	2.828	1.128	1.128	0.000
622	1	255	424.500	7.500	2.828	1.128	1.128	0.000
623	1	255	188.500	6.500	2.828	1.128	1.128	0.000
624	2	255	228.500	6.000	4.828	2.257	1.128	90.000
625	3	255	233.500	6.500	6.243	3.385	1.128	0.000
626	5	255	237.100	4.500	11.657	5.078	1.254	107.143
627	1	255	239.500	6.500	2.828	1.128	1.128	0.000
628	5	255	274.500	6.500	10.243	5.642	1.128	0.000
629	1	255	281.500	6.500	2.828	1.128	1.128	0.000
630	1	255	337.500	6.500	2.828	1.128	1.128	0.000
631	1	255	339.500	6.500	2.828	1.128	1.128	0.000
632	1	255	353.500	6.500	2.828	1.128	1.128	0.000
633	1	255	442.500	6.500	2.828	1.128	1.128	0.000
634	11	255	230.409	2.045	18.485	6.414	2.184	76.608
635	1	255	269.500	5.500	2.828	1.128	1.128	0.000
636	9	255	334.056	4.056	11.899	4.387	2.612	121.051
637	21	255	188.024	2.548	22.385	5.970	4.479	143.644
638	24	255	198.250	1.000	21.899	7.430	4.113	27.344
639	9	255	233.611	1.278	15.071	5.664	2.023	91.804
640	2	255	239.500	4.000	4.828	2.257	1.128	90.000
641	2	255	242.500	4.000	4.828	2.257	1.128	90.000
642	12	255	260.000	1.833	19.556	5.341	2.861	91.928
643	7	255	274.786	3.500	9.071	3.086	2.888	90.000
644	4	255	279.250	3.500	7.657	2.734	1.863	90.000
645	2	255	319.500	4.000	4.828	2.257	1.128	90.000
646	1	255	322.500	4.500	2.828	1.128	1.128	0.000
647	3	255	329.833	3.833	5.657	2.365	1.615	135.000
648	2	255	350.000	4.500	4.243	2.257	1.128	0.000
649	2	255	357.500	4.000	4.828	2.257	1.128	90.000
650	4	255	225.250	2.500	7.657	2.734	1.863	90.000
651	3	255	228.167	2.833	5.657	2.365	1.615	45.000
652	2	255	235.500	3.000	4.828	2.257	1.128	90.000
653	4	255	247.750	2.250	9.071	3.589	1.419	45.000
654	3	255	264.833	3.167	5.657	2.365	1.615	45.000
655	7	255	284.643	1.357	13.314	4.688	1.901	76.177
656	2	255	338.500	3.000	4.828	2.257	1.128	90.000
657	9	255	253.167	0.167	17.071	3.959	2.895	13.283
658	20	255	270.700	0.700	21.556	6.902	3.690	176.136
659	5	255	281.500	1.100	10.485	3.679	1.730	64.330
660	20	255	317.500	0.450	21.556	7.922	3.214	7.461
661	8	255	175.375	0.375	9.071	3.538	2.879	135.000
662	2	255	239.500	1.000	4.828	2.257	1.128	90.000
663	6	255	242.000	0.500	7.657	3.385	2.257	90.000
664	1	255	350.500	1.500	2.828	1.128	1.128	0.000
665	1	255	352.500	1.500	2.828	1.128	1.128	0.000
666	1	255	374.500	1.500	2.828	1.128	1.128	0.000
667	1	255	392.500	1.500	2.828	1.128	1.128	0.000
668	1	255	236.500	0.500	2.828	1.128	1.128	0.000
669	2	255	264.500	0.000	4.828	2.257	1.128	90.000
670	1	255	191.500	-0.500	2.828	1.128	1.128	0.000
671	1	255	220.500	-0.500	2.828	1.128	1.128	0.000
672	1	255	225.500	-0.500	2.828	1.128	1.128	0.000
673	1	255	248.500	-0.500	2.828	1.128	1.128	0.000
674	1	255	327.500	-0.500	2.828	1.128	1.128	0.000
675	1	255	337.500	-0.500	2.828	1.128	1.128	0.000
676	1	255	339.500	-0.500	2.828	1.128	1.128	0.000
677	3	255	342.500	-0.500	6.243	3.385	1.128	0.000
678	1	255	356.500	-0.500	2.828	1.128	1.128	0.000
679	1	255	358.500	-0.500	2.828	1.128	1.128	0.000
680	1	255	400.500	-0.500	2.828	1.128	1.128	0.000
