 	Area	Mean	XM	YM	Perim.	Major	Minor	Angle
1	1	255	976.500	902.500	2.828	1.128	1.128	0.000
2	1	255	1011.500	902.500	2.828	1.128	1.128	0.000
3	1	255	1026.500	902.500	2.828	1.128	1.128	0.000
4	1	255	1056.500	902.500	2.828	1.128	1.128	0.000
5	1	255	1060.500	902.500	2.828	1.128	1.128	0.000
6	7	255	1067.643	901.071	18.971	5.233	1.703	22.259
7	2	255	1078.500	902.000	4.828	2.257	1.128	90.000
8	4	255	1088.500	902.000	7.071	3.216	1.583	148.283
9	21	255	1095.738	900.357	32.527	6.840	3.909	172.155
10	39	255	1107.808	899.603	47.598	10.173	4.881	173.848
11	1	255	1115.500	902.500	2.828	1.128	1.128	0.000
12	1	255	1120.500	902.500	2.828	1.128	1.128	0.000
13	113	255	1123.535	894.013	104.853	15.166	9.487	128.698
14	1	255	1128.500	902.500	2.828	1.128	1.128	0.000
15	2	255	1130.500	902.000	4.828	2.257	1.128	90.000
16	18	255	1134.500	900.389	18.142	5.148	4.452	148.912
17	4	255	1142.000	902.250	9.071	3.969	1.283	162.391
18	24	255	1149.833	897.542	33.456	8.159	3.745	97.060
19	1	255	1155.500	902.500	2.828	1.128	1.128	0.000
20	1	255	1158.500	902.500	2.828	1.128	1.128	0.000
21	1	255	1160.500	902.500	2.828	1.128	1.128	0.000
22	27	255	1168.907	901.093	42.870	9.919	3.466	13.607
23	37	255	1177.257	896.986	65.983	7.621	6.182	48.850
24	5	255	1182.700	902.100	9.899	3.713	1.715	173.953
25	1048	255	1205.624	887.162	289.061	41.809	31.915	173.073
26	1	255	1198.500	902.500	2.828	1.128	1.128	0.000
27	1	255	1223.500	902.500	2.828	1.128	1.128	0.000
28	2	255	1022.000	901.500	4.243	2.257	1.128	0.000
29	1	255	1032.500	901.500	2.828	1.128	1.128	0.000
30	1	255	1072.500	901.500	2.828	1.128	1.128	0.000
31	7	255	1075.500	898.929	13.071	4.731	1.884	90.000
32	3	255	1080.833	901.167	5.657	2.365	1.615	45.000
33	1	255	1138.500	901.500	2.828	1.128	1.128	0.000
34	4	255	1145.000	900.000	9.657	4.218	1.207	67.500
35	1	255	1147.500	901.500	2.828	1.128	1.128	0.000
36	2	255	1153.000	901.000	5.657	2.596	0.981	45.000
37	1	255	952.500	900.500	2.828	1.128	1.128	0.000
38	2	255	963.000	900.000	5.657	2.596	0.981	45.000
39	3	255	1141.167	899.833	5.657	2.365	1.615	45.000
40	35	255	1160.500	892.843	68.811	11.408	3.906	123.203
41	2	255	1159.000	900.000	5.657	2.596	0.981	135.000
42	1	255	1161.500	900.500	2.828	1.128	1.128	0.000
43	3	255	1171.833	899.833	5.657	2.365	1.615	135.000
44	5	255	1071.300	897.700	10.485	4.521	1.408	121.121
45	2	255	1073.000	899.500	4.243	2.257	1.128	0.000
46	2	255	1087.000	899.500	4.243	2.257	1.128	0.000
47	1	255	1127.500	899.500	2.828	1.128	1.128	0.000
48	2	255	1068.000	898.000	5.657	2.596	0.981	45.000
49	4	255	1089.750	898.000	8.485	2.887	1.764	14.872
50	8	255	1130.625	897.625	9.071	3.538	2.879	135.000
51	23	255	1139.543	895.370	37.113	7.403	3.956	176.659
52	1	255	1022.500	897.500	2.828	1.128	1.128	0.000
53	11	255	1081.864	894.864	25.799	4.588	3.053	153.258
54	2	255	1085.000	897.000	5.657	2.596	0.981	135.000
55	62	255	1097.855	888.903	74.811	12.951	6.095	125.491
56	41	255	1104.549	891.622	63.012	10.514	4.965	132.175
57	22	255	1112.455	892.909	34.870	6.089	4.601	71.319
58	1	255	1141.500	897.500	2.828	1.128	1.128	0.000
59	1	255	1161.500	897.500	2.828	1.128	1.128	0.000
60	1	255	967.500	896.500	2.828	1.128	1.128	0.000
61	1	255	1019.500	896.500	2.828	1.128	1.128	0.000
62	2	255	1182.500	896.000	4.828	2.257	1.128	90.000
63	1	255	1061.500	895.500	2.828	1.128	1.128	0.000
64	3	255	1075.500	894.833	7.071	3.213	1.189	28.155
65	6	255	1088.167	894.500	10.485	3.145	2.429	125.783
66	3	255	1106.833	894.833	5.657	2.365	1.615	135.000
67	3	255	1059.500	893.500	6.828	3.385	1.128	90.000
68	3	255	1068.833	893.833	5.657	2.365	1.615	135.000
69	1	255	1078.500	894.500	2.828	1.128	1.128	0.000
70	4	255	1130.500	893.000	8.828	4.514	1.128	90.000
71	1	255	1132.500	894.500	2.828	1.128	1.128	0.000
72	1	255	1165.500	894.500	2.828	1.128	1.128	0.000
73	1	255	910.500	893.500	2.828	1.128	1.128	0.000
74	2	255	1061.500	893.000	4.828	2.257	1.128	90.000
75	2	255	1146.000	893.500	4.243	2.257	1.128	0.000
76	1	255	1167.500	893.500	2.828	1.128	1.128	0.000
77	8	255	1172.750	892.500	11.899	5.511	1.848	156.891
78	25	255	1087.540	888.460	47.012	9.066	3.511	154.486
79	39	255	1137.500	887.141	53.355	9.868	5.032	131.945
80	1	255	1164.500	892.500	2.828	1.128	1.128	0.000
81	2	255	1045.000	891.000	5.657	2.596	0.981	135.000
82	2	255	1076.000	891.000	5.657	2.596	0.981	45.000
83	2	255	1091.000	891.000	5.657	2.596	0.981	45.000
84	12	255	1143.667	890.167	14.728	3.993	3.827	163.155
85	5	255	1154.700	890.500	8.485	3.086	2.063	145.901
86	1	255	1180.500	891.500	2.828	1.128	1.128	0.000
87	1	255	1182.500	891.500	2.828	1.128	1.128	0.000
88	1	255	942.500	890.500	2.828	1.128	1.128	0.000
89	3	255	1070.167	889.500	8.485	2.446	1.561	90.000
90	1	255	1072.500	890.500	2.828	1.128	1.128	0.000
91	1	255	1101.500	890.500	2.828	1.128	1.128	0.000
92	4	255	1164.250	889.750	7.657	3.192	1.596	161.565
93	1	255	1167.500	890.500	2.828	1.128	1.128	0.000
94	2	255	1059.500	889.000	4.828	2.257	1.128	90.000
95	1	255	1064.500	889.500	2.828	1.128	1.128	0.000
96	1	255	1078.500	889.500	2.828	1.128	1.128	0.000
97	3	255	1151.167	889.167	5.657	2.365	1.615	135.000
98	1	255	1176.500	889.500	2.828	1.128	1.128	0.000
99	2	255	1073.500	888.000	4.828	2.257	1.128	90.000
100	1	255	1083.500	888.500	2.828	1.128	1.128	0.000
101	5	255	1111.700	887.500	11.899	3.412	1.866	168.690
102	3	255	1147.167	887.833	5.657	2.365	1.615	45.000
103	2	255	1153.500	888.000	4.828	2.257	1.128	90.000
104	1	255	1174.500	888.500	2.828	1.128	1.128	0.000
105	1	255	910.500	887.500	2.828	1.128	1.128	0.000
106	1	255	1029.500	887.500	2.828	1.128	1.128	0.000
107	3	255	1057.500	886.500	8.485	3.969	0.963	135.000
108	2	255	1077.000	887.500	4.243	2.257	1.128	0.000
109	2	255	1080.000	887.000	5.657	2.596	0.981	135.000
110	1	255	1117.500	887.500	2.828	1.128	1.128	0.000
111	10	255	1159.400	885.400	16.142	5.333	2.388	137.574
112	1	255	1170.500	887.500	2.828	1.128	1.128	0.000
113	6	255	1048.333	884.833	15.556	2.897	2.637	124.722
114	2	255	1071.500	886.000	4.828	2.257	1.128	90.000
115	3	255	1083.167	885.500	7.657	3.213	1.189	118.155
116	1	255	1119.500	886.500	2.828	1.128	1.128	0.000
117	1	255	1155.500	886.500	2.828	1.128	1.128	0.000
118	2	255	1173.000	886.500	4.243	2.257	1.128	0.000
119	1	255	992.500	885.500	2.828	1.128	1.128	0.000
120	2	255	1043.000	885.500	4.243	2.257	1.128	0.000
121	1	255	1054.500	885.500	2.828	1.128	1.128	0.000
122	33	255	1080.318	882.348	49.012	11.756	3.574	152.289
123	1	255	1115.500	885.500	2.828	1.128	1.128	0.000
124	5	255	1117.500	883.500	10.828	5.642	1.128	90.000
125	2	255	1122.000	885.500	4.243	2.257	1.128	0.000
126	1	255	1124.500	885.500	2.828	1.128	1.128	0.000
127	1	255	1146.500	885.500	2.828	1.128	1.128	0.000
128	3	255	1150.833	885.167	5.657	2.365	1.615	45.000
129	1	255	1153.500	885.500	2.828	1.128	1.128	0.000
130	5	255	1063.300	883.700	13.314	3.749	1.698	152.769
131	4	255	1134.250	883.500	7.657	2.734	1.863	90.000
132	2	255	1156.500	884.000	4.828	2.257	1.128	90.000
133	1	255	1180.500	884.500	2.828	1.128	1.128	0.000
134	4	255	1045.000	882.500	9.899	4.441	1.147	148.283
135	4	255	1069.000	883.000	5.657	2.257	2.257	0.000
136	38	255	1097.632	880.158	37.698	7.702	6.282	173.129
137	1	255	1112.500	883.500	2.828	1.128	1.128	0.000
138	2	255	1119.500	883.000	4.828	2.257	1.128	90.000
139	9	255	1145.389	881.167	15.314	5.234	2.189	91.116
140	1	255	1147.500	883.500	2.828	1.128	1.128	0.000
141	1	255	1152.500	883.500	2.828	1.128	1.128	0.000
142	3	255	1060.833	881.833	5.657	2.365	1.615	135.000
143	3	255	1084.833	882.167	5.657	2.365	1.615	45.000
144	2	255	1090.500	882.000	4.828	2.257	1.128	90.000
145	2	255	1107.000	882.500	4.243	2.257	1.128	0.000
146	3	255	1121.500	881.500	6.828	3.385	1.128	90.000
147	1	255	1125.500	882.500	2.828	1.128	1.128	0.000
148	1	255	1129.500	882.500	2.828	1.128	1.128	0.000
149	21	255	1141.548	877.881	37.456	8.743	3.058	100.280
150	1	255	1149.500	882.500	2.828	1.128	1.128	0.000
151	1	255	1164.500	882.500	2.828	1.128	1.128	0.000
152	2	255	1170.500	882.000	4.828	2.257	1.128	90.000
153	3	255	1177.167	882.167	5.657	2.365	1.615	135.000
154	1	255	1020.500	881.500	2.828	1.128	1.128	0.000
155	1	255	1035.500	881.500	2.828	1.128	1.128	0.000
156	3	255	1049.500	881.500	6.243	3.385	1.128	0.000
157	4	255	1072.000	881.000	5.657	2.257	2.257	0.000
158	2	255	1115.500	881.000	4.828	2.257	1.128	90.000
159	1	255	1131.500	881.500	2.828	1.128	1.128	0.000
160	9	255	1152.500	880.389	17.556	6.048	1.895	178.272
161	1	255	1157.500	881.500	2.828	1.128	1.128	0.000
162	1	255	1159.500	881.500	2.828	1.128	1.128	0.000
163	1	255	997.500	880.500	2.828	1.128	1.128	0.000
164	1	255	1024.500	880.500	2.828	1.128	1.128	0.000
165	2	255	1056.000	880.000	5.657	2.596	0.981	45.000
166	1	255	1058.500	880.500	2.828	1.128	1.128	0.000
167	4	255	1066.000	880.500	8.243	4.514	1.128	0.000
168	43	255	1074.453	876.849	35.799	9.344	5.859	23.513
169	2	255	1104.000	880.000	5.657	2.596	0.981	45.000
170	3	255	1113.500	879.500	6.828	3.385	1.128	90.000
171	3	255	1119.167	879.500	8.485	2.446	1.561	90.000
172	3	255	1135.833	879.500	8.485	2.446	1.561	90.000
173	36	255	1183.139	877.139	51.598	9.321	4.918	5.451
174	1	255	1018.500	879.500	2.828	1.128	1.128	0.000
175	1	255	1021.500	879.500	2.828	1.128	1.128	0.000
176	1	255	1040.500	879.500	2.828	1.128	1.128	0.000
177	2	255	1044.000	879.500	4.243	2.257	1.128	0.000
178	1	255	1060.500	879.500	2.828	1.128	1.128	0.000
179	5	255	1063.500	878.500	8.485	3.732	1.706	148.283
180	6	255	1090.500	877.833	15.556	3.556	2.148	153.937
181	15	255	1107.767	877.367	32.284	5.982	3.193	177.535
182	4	255	1124.750	878.500	8.485	3.676	1.385	140.310
183	1	255	1127.500	879.500	2.828	1.128	1.128	0.000
184	11	255	1132.955	876.864	23.799	5.391	2.598	120.107
185	2	255	1158.000	879.000	5.657	2.596	0.981	135.000
186	28	255	1168.214	874.857	34.284	8.993	3.964	121.939
187	2	255	1189.500	879.000	4.828	2.257	1.128	90.000
188	1	255	1023.500	878.500	2.828	1.128	1.128	0.000
189	1	255	1053.500	878.500	2.828	1.128	1.128	0.000
190	1	255	1058.500	878.500	2.828	1.128	1.128	0.000
191	2	255	1068.000	878.500	4.243	2.257	1.128	0.000
192	14	255	1082.643	875.429	29.456	5.875	3.034	154.771
193	5	255	1121.500	877.100	10.485	3.679	1.730	64.330
194	7	255	1148.357	877.214	9.071	3.507	2.542	149.527
195	1	255	1152.500	878.500	2.828	1.128	1.128	0.000
196	2	255	1162.500	878.000	4.828	2.257	1.128	90.000
197	1	255	1172.500	878.500	2.828	1.128	1.128	0.000
198	2	255	1048.000	877.000	5.657	2.596	0.981	135.000
199	1	255	1060.500	877.500	2.828	1.128	1.128	0.000
200	1	255	1094.500	877.500	2.828	1.128	1.128	0.000
201	1	255	1170.500	877.500	2.828	1.128	1.128	0.000
202	1	255	1174.500	877.500	2.828	1.128	1.128	0.000
203	22	255	228.091	873.818	17.556	5.483	5.109	52.125
204	1	255	1041.500	876.500	2.828	1.128	1.128	0.000
205	1	255	1043.500	876.500	2.828	1.128	1.128	0.000
206	1	255	1052.500	876.500	2.828	1.128	1.128	0.000
207	1	255	1054.500	876.500	2.828	1.128	1.128	0.000
208	1	255	1067.500	876.500	2.828	1.128	1.128	0.000
209	17	255	1102.029	873.324	27.799	5.848	3.701	133.164
210	2	255	1114.500	876.000	4.828	2.257	1.128	90.000
211	1	255	1129.500	876.500	2.828	1.128	1.128	0.000
212	1	255	1155.500	876.500	2.828	1.128	1.128	0.000
213	21	255	1174.929	871.595	31.213	8.719	3.067	110.613
214	1	255	1045.500	875.500	2.828	1.128	1.128	0.000
215	1	255	1059.500	875.500	2.828	1.128	1.128	0.000
216	1	255	1062.500	875.500	2.828	1.128	1.128	0.000
217	13	255	1123.731	873.115	20.971	4.949	3.344	0.458
218	1	255	1127.500	875.500	2.828	1.128	1.128	0.000
219	2	255	1151.500	875.000	4.828	2.257	1.128	90.000
220	2	255	1057.000	874.500	4.243	2.257	1.128	0.000
221	5	255	1088.900	873.100	11.314	4.094	1.555	135.000
222	2	255	1091.000	874.500	4.243	2.257	1.128	0.000
223	2	255	1118.500	874.000	4.828	2.257	1.128	90.000
224	2	255	1129.500	874.000	4.828	2.257	1.128	90.000
225	5	255	1159.500	874.500	10.243	5.642	1.128	0.000
226	2	255	1164.000	874.500	4.243	2.257	1.128	0.000
227	39	255	1192.295	869.218	44.527	9.097	5.459	107.734
228	1	255	1020.500	873.500	2.828	1.128	1.128	0.000
229	6	255	1063.500	873.000	11.657	3.909	1.954	153.435
230	1	255	1096.500	873.500	2.828	1.128	1.128	0.000
231	2	255	1106.000	873.500	4.243	2.257	1.128	0.000
232	1	255	1138.500	873.500	2.828	1.128	1.128	0.000
233	6	255	1149.333	872.000	13.314	3.761	2.031	102.114
234	3	255	1183.500	872.833	7.071	3.213	1.189	28.155
235	1	255	888.500	872.500	2.828	1.128	1.128	0.000
236	3	255	1047.167	872.167	5.657	2.365	1.615	135.000
237	8	255	1056.875	871.250	10.485	3.824	2.664	107.296
238	2	255	1059.500	872.000	4.828	2.257	1.128	90.000
239	6	255	1067.333	871.500	8.485	3.718	2.055	53.130
240	2	255	1073.000	872.500	4.243	2.257	1.128	0.000
241	2	255	1113.000	872.500	4.243	2.257	1.128	0.000
242	3	255	1131.167	871.833	5.657	2.365	1.615	45.000
243	2	255	1137.000	872.000	5.657	2.596	0.981	135.000
244	1	255	1144.500	872.500	2.828	1.128	1.128	0.000
245	3	255	1152.167	872.167	5.657	2.365	1.615	135.000
246	7	255	1179.357	871.071	16.142	3.518	2.533	83.380
247	1	255	1187.500	872.500	2.828	1.128	1.128	0.000
248	1	255	1040.500	871.500	2.828	1.128	1.128	0.000
249	1	255	1043.500	871.500	2.828	1.128	1.128	0.000
250	1	255	1053.500	871.500	2.828	1.128	1.128	0.000
251	3	255	1081.500	870.500	8.485	3.969	0.963	135.000
252	1	255	1083.500	871.500	2.828	1.128	1.128	0.000
253	3	255	1086.500	871.167	8.485	2.446	1.561	0.000
254	1	255	1095.500	871.500	2.828	1.128	1.128	0.000
255	1	255	1109.500	871.500	2.828	1.128	1.128	0.000
256	1	255	1128.500	871.500	2.828	1.128	1.128	0.000
257	1	255	1160.500	871.500	2.828	1.128	1.128	0.000
258	2	255	1164.000	871.000	5.657	2.596	0.981	45.000
259	1	255	1032.500	870.500	2.828	1.128	1.128	0.000
260	7	255	1073.929	869.357	14.728	3.918	2.275	123.125
261	4	255	1119.750	869.500	7.657	2.734	1.863	90.000
262	3	255	1135.500	870.167	7.071	3.213	1.189	151.845
263	2	255	1140.500	870.000	4.828	2.257	1.128	90.000
264	1	255	1187.500	870.500	2.828	1.128	1.128	0.000
265	498	255	1213.468	857.783	178.208	27.865	22.755	83.590
266	3	255	1040.500	869.167	8.485	2.446	1.561	0.000
267	1	255	1045.500	869.500	2.828	1.128	1.128	0.000
268	3	255	1048.500	869.500	6.243	3.385	1.128	0.000
269	1	255	1051.500	869.500	2.828	1.128	1.128	0.000
270	4	255	1060.500	868.750	10.485	2.420	2.105	90.000
271	1	255	1063.500	869.500	2.828	1.128	1.128	0.000
272	2	255	1077.500	869.000	4.828	2.257	1.128	90.000
273	2	255	1089.500	869.000	4.828	2.257	1.128	90.000
274	1	255	1106.500	869.500	2.828	1.128	1.128	0.000
275	1	255	1111.500	869.500	2.828	1.128	1.128	0.000
276	1	255	1146.500	869.500	2.828	1.128	1.128	0.000
277	1	255	1167.500	869.500	2.828	1.128	1.128	0.000
278	7	255	1185.643	868.357	10.485	4.285	2.080	127.733
279	6	255	1199.000	867.667	12.485	3.407	2.242	110.994
280	1	255	1035.500	868.500	2.828	1.128	1.128	0.000
281	4	255	1042.500	867.250	8.485	3.676	1.385	50.310
282	2	255	1096.500	868.000	4.828	2.257	1.128	90.000
283	1	255	1098.500	868.500	2.828	1.128	1.128	0.000
284	6	255	1134.333	866.833	11.314	3.532	2.163	116.565
285	6	255	1164.833	866.000	13.657	5.923	1.290	103.164
286	1	255	1057.500	867.500	2.828	1.128	1.128	0.000
287	1	255	1080.500	867.500	2.828	1.128	1.128	0.000
288	6	255	1082.833	865.500	12.485	5.077	1.505	61.845
289	5	255	1086.100	865.900	9.657	4.076	1.562	69.006
290	1	255	1104.500	867.500	2.828	1.128	1.128	0.000
291	1	255	1106.500	867.500	2.828	1.128	1.128	0.000
292	6	255	1118.500	866.333	8.485	3.718	2.055	143.130
293	1	255	1122.500	867.500	2.828	1.128	1.128	0.000
294	1	255	1141.500	867.500	2.828	1.128	1.128	0.000
295	2	255	1147.000	867.500	4.243	2.257	1.128	0.000
296	3	255	1152.500	867.500	6.243	3.385	1.128	0.000
297	5	255	1169.500	866.500	8.485	3.732	1.706	148.283
298	4	255	1173.000	867.000	5.657	2.257	2.257	0.000
299	1	255	986.500	866.500	2.828	1.128	1.128	0.000
300	2	255	1050.000	866.500	4.243	2.257	1.128	0.000
301	6	255	1072.500	864.667	13.314	3.445	2.217	117.344
302	4	255	1076.000	865.500	7.657	3.216	1.583	58.283
303	1	255	1128.500	866.500	2.828	1.128	1.128	0.000
304	1	255	1130.500	866.500	2.828	1.128	1.128	0.000
305	3	255	1184.167	865.833	5.657	2.365	1.615	45.000
306	1	255	1188.500	866.500	2.828	1.128	1.128	0.000
307	2	255	1036.000	865.500	4.243	2.257	1.128	0.000
308	1	255	1045.500	865.500	2.828	1.128	1.128	0.000
309	15	255	1060.500	863.500	28.627	5.256	3.634	139.373
310	6	255	1089.500	864.333	11.899	3.771	2.026	18.873
311	1	255	1092.500	865.500	2.828	1.128	1.128	0.000
312	1	255	1097.500	865.500	2.828	1.128	1.128	0.000
313	4	255	1100.000	865.000	5.657	2.257	2.257	0.000
314	1	255	1145.500	865.500	2.828	1.128	1.128	0.000
315	1	255	1150.500	865.500	2.828	1.128	1.128	0.000
316	7	255	1160.071	864.786	15.899	4.738	1.881	14.185
317	78	255	1184.333	860.641	87.539	12.363	8.033	164.522
318	5	255	1053.300	862.500	12.485	4.428	1.438	83.868
319	1	255	1079.500	864.500	2.828	1.128	1.128	0.000
320	1	255	1108.500	864.500	2.828	1.128	1.128	0.000
321	1	255	1113.500	864.500	2.828	1.128	1.128	0.000
322	3	255	1131.167	864.167	5.657	2.365	1.615	135.000
323	1	255	1142.500	864.500	2.828	1.128	1.128	0.000
324	4	255	1168.250	863.500	10.485	2.780	1.832	34.722
325	2	255	1174.000	864.500	4.243	2.257	1.128	0.000
326	1	255	1040.500	863.500	2.828	1.128	1.128	0.000
327	2	255	1043.000	863.000	5.657	2.596	0.981	135.000
328	1	255	1063.500	863.500	2.828	1.128	1.128	0.000
329	1	255	1077.500	863.500	2.828	1.128	1.128	0.000
330	5	255	1103.700	862.500	11.899	2.731	2.331	90.000
331	6	255	1114.667	862.000	12.485	4.533	1.685	25.413
332	1	255	1120.500	863.500	2.828	1.128	1.128	0.000
333	4	255	1123.250	863.250	7.071	3.192	1.596	18.435
334	1	255	1133.500	863.500	2.828	1.128	1.128	0.000
335	1	255	1140.500	863.500	2.828	1.128	1.128	0.000
336	1	255	1147.500	863.500	2.828	1.128	1.128	0.000
337	1	255	1150.500	863.500	2.828	1.128	1.128	0.000
338	4	255	1074.750	861.750	7.657	3.192	1.596	18.435
339	1	255	1095.500	862.500	2.828	1.128	1.128	0.000
340	1	255	1097.500	862.500	2.828	1.128	1.128	0.000
341	1	255	1100.500	862.500	2.828	1.128	1.128	0.000
342	1	255	1171.500	862.500	2.828	1.128	1.128	0.000
343	1	255	1193.500	862.500	2.828	1.128	1.128	0.000
344	1	255	1198.500	862.500	2.828	1.128	1.128	0.000
345	1	255	1031.500	861.500	2.828	1.128	1.128	0.000
346	10	255	1051.500	858.500	25.213	6.125	2.079	149.991
347	1	255	1071.500	861.500	2.828	1.128	1.128	0.000
348	5	255	1090.900	859.700	12.728	3.881	1.640	129.848
349	1	255	1093.500	861.500	2.828	1.128	1.128	0.000
350	2	255	1119.500	861.000	4.828	2.257	1.128	90.000
351	1	255	1129.500	861.500	2.828	1.128	1.128	0.000
352	1	255	1139.500	861.500	2.828	1.128	1.128	0.000
353	1	255	1141.500	861.500	2.828	1.128	1.128	0.000
354	10	255	1146.100	860.700	18.728	6.345	2.007	13.414
355	2	255	1157.500	861.000	4.828	2.257	1.128	90.000
356	1	255	1173.500	861.500	2.828	1.128	1.128	0.000
357	1	255	1055.500	860.500	2.828	1.128	1.128	0.000
358	2	255	1084.000	860.500	4.243	2.257	1.128	0.000
359	1	255	1098.500	860.500	2.828	1.128	1.128	0.000
360	4	255	1101.750	859.250	7.657	3.192	1.596	108.435
361	1	255	1134.500	860.500	2.828	1.128	1.128	0.000
362	1	255	1154.500	860.500	2.828	1.128	1.128	0.000
363	2	255	1159.500	860.000	4.828	2.257	1.128	90.000
364	5	255	1172.100	858.900	10.485	3.702	1.720	105.482
365	1	255	1175.500	860.500	2.828	1.128	1.128	0.000
366	3	255	1192.500	859.500	6.828	3.385	1.128	90.000
367	1	255	1194.500	860.500	2.828	1.128	1.128	0.000
368	2	255	1200.500	860.000	4.828	2.257	1.128	90.000
369	1	255	1026.500	859.500	2.828	1.128	1.128	0.000
370	2	255	1045.000	859.000	5.657	2.596	0.981	135.000
371	3	255	1061.500	859.500	6.243	3.385	1.128	0.000
372	2	255	1074.000	859.500	4.243	2.257	1.128	0.000
373	1	255	1079.500	859.500	2.828	1.128	1.128	0.000
374	2	255	1105.000	859.000	5.657	2.596	0.981	45.000
375	2	255	1141.000	859.000	5.657	2.596	0.981	135.000
376	1	255	1197.500	859.500	2.828	1.128	1.128	0.000
377	3	255	1047.500	857.500	6.828	3.385	1.128	90.000
378	1	255	1076.500	858.500	2.828	1.128	1.128	0.000
379	1	255	1086.500	858.500	2.828	1.128	1.128	0.000
380	3	255	1096.500	857.500	6.828	3.385	1.128	90.000
381	2	255	1156.500	858.000	4.828	2.257	1.128	90.000
382	2	255	1174.500	858.000	4.828	2.257	1.128	90.000
383	1	255	1074.500	857.500	2.828	1.128	1.128	0.000
384	10	255	1079.600	854.700	22.971	4.533	2.809	87.555
385	2	255	1088.500	857.000	4.828	2.257	1.128	90.000
386	1	255	1134.500	857.500	2.828	1.128	1.128	0.000
387	2	255	1136.500	857.000	4.828	2.257	1.128	90.000
388	1	255	1144.500	857.500	2.828	1.128	1.128	0.000
389	1	255	1153.500	857.500	2.828	1.128	1.128	0.000
390	4	255	1169.250	856.500	9.899	2.420	2.105	0.000
391	5	255	1199.700	855.500	12.485	4.316	1.475	90.000
392	1	255	1201.500	857.500	2.828	1.128	1.128	0.000
393	1	255	1026.500	856.500	2.828	1.128	1.128	0.000
394	1	255	1031.500	856.500	2.828	1.128	1.128	0.000
395	1	255	1066.500	856.500	2.828	1.128	1.128	0.000
396	4	255	1068.500	855.750	8.485	3.676	1.385	50.310
397	1	255	1106.500	856.500	2.828	1.128	1.128	0.000
398	2	255	1133.000	856.000	5.657	2.596	0.981	135.000
399	1	255	1142.500	856.500	2.828	1.128	1.128	0.000
400	1	255	1160.500	856.500	2.828	1.128	1.128	0.000
401	17	255	1174.382	853.147	35.698	6.530	3.315	53.213
402	1	255	1179.500	856.500	2.828	1.128	1.128	0.000
403	1	255	1181.500	856.500	2.828	1.128	1.128	0.000
404	12	255	1195.917	854.000	23.556	4.628	3.301	80.227
405	1	255	1036.500	855.500	2.828	1.128	1.128	0.000
406	2	255	1042.500	855.000	4.828	2.257	1.128	90.000
407	1	255	1075.500	855.500	2.828	1.128	1.128	0.000
408	1	255	1085.500	855.500	2.828	1.128	1.128	0.000
409	1	255	1090.500	855.500	2.828	1.128	1.128	0.000
410	1	255	1102.500	855.500	2.828	1.128	1.128	0.000
411	1	255	1104.500	855.500	2.828	1.128	1.128	0.000
412	1	255	1117.500	855.500	2.828	1.128	1.128	0.000
413	2	255	1128.500	855.000	4.828	2.257	1.128	90.000
414	1	255	1152.500	855.500	2.828	1.128	1.128	0.000
415	2	255	1166.000	855.000	5.657	2.596	0.981	135.000
416	7	255	1189.929	853.929	16.142	4.085	2.182	165.647
417	5	255	1092.700	853.500	8.485	3.086	2.063	34.099
418	3	255	1095.833	853.500	7.657	3.213	1.189	61.845
419	1	255	1100.500	854.500	2.828	1.128	1.128	0.000
420	2	255	1112.000	854.000	5.657	2.596	0.981	45.000
421	2	255	1154.500	854.000	4.828	2.257	1.128	90.000
422	1	255	1032.500	853.500	2.828	1.128	1.128	0.000
423	1	255	1056.500	853.500	2.828	1.128	1.128	0.000
424	1	255	1059.500	853.500	2.828	1.128	1.128	0.000
425	1	255	1061.500	853.500	2.828	1.128	1.128	0.000
426	1	255	1098.500	853.500	2.828	1.128	1.128	0.000
427	2	255	1124.500	853.000	4.828	2.257	1.128	90.000
428	2	255	1152.000	853.000	5.657	2.596	0.981	135.000
429	1	255	1156.500	853.500	2.828	1.128	1.128	0.000
430	1	255	1159.500	853.500	2.828	1.128	1.128	0.000
431	1	255	1162.500	853.500	2.828	1.128	1.128	0.000
432	1	255	1169.500	853.500	2.828	1.128	1.128	0.000
433	2	255	1180.000	853.500	4.243	2.257	1.128	0.000
434	1	255	1186.500	853.500	2.828	1.128	1.128	0.000
435	1	255	1037.500	852.500	2.828	1.128	1.128	0.000
436	1	255	1054.500	852.500	2.828	1.128	1.128	0.000
437	1	255	1081.500	852.500	2.828	1.128	1.128	0.000
438	1	255	1115.500	852.500	2.828	1.128	1.128	0.000
439	1	255	1050.500	851.500	2.828	1.128	1.128	0.000
440	1	255	1058.500	851.500	2.828	1.128	1.128	0.000
441	2	255	1060.500	851.000	4.828	2.257	1.128	90.000
442	2	255	1140.000	851.000	5.657	2.596	0.981	45.000
443	1	255	1143.500	851.500	2.828	1.128	1.128	0.000
444	1	255	1148.500	851.500	2.828	1.128	1.128	0.000
445	3	255	1162.500	851.500	6.243	3.385	1.128	0.000
446	1	255	1167.500	851.500	2.828	1.128	1.128	0.000
447	1	255	1176.500	851.500	2.828	1.128	1.128	0.000
448	4	255	1184.750	851.000	8.485	2.887	1.764	165.128
449	2	255	1187.500	851.000	4.828	2.257	1.128	90.000
450	5	255	1199.500	849.500	10.828	5.642	1.128	90.000
451	1	255	1055.500	850.500	2.828	1.128	1.128	0.000
452	3	255	1066.167	850.167	5.657	2.365	1.615	135.000
453	3	255	1082.500	850.500	6.243	3.385	1.128	0.000
454	1	255	1087.500	850.500	2.828	1.128	1.128	0.000
455	1	255	1090.500	850.500	2.828	1.128	1.128	0.000
456	1	255	1092.500	850.500	2.828	1.128	1.128	0.000
457	1	255	1136.500	850.500	2.828	1.128	1.128	0.000
458	2	255	1154.000	850.500	4.243	2.257	1.128	0.000
459	1	255	1165.500	850.500	2.828	1.128	1.128	0.000
460	1	255	1178.500	850.500	2.828	1.128	1.128	0.000
461	3	255	1182.500	849.500	8.485	3.969	0.963	135.000
462	1	255	1191.500	850.500	2.828	1.128	1.128	0.000
463	2	255	1039.000	849.500	4.243	2.257	1.128	0.000
464	4	255	1041.750	848.000	9.657	3.969	1.283	107.609
465	1	255	1099.500	849.500	2.828	1.128	1.128	0.000
466	1	255	1112.500	849.500	2.828	1.128	1.128	0.000
467	5	255	1158.700	848.900	9.899	3.145	2.025	130.935
468	1	255	1128.500	848.500	2.828	1.128	1.128	0.000
469	1	255	1137.500	848.500	2.828	1.128	1.128	0.000
470	1	255	1141.500	848.500	2.828	1.128	1.128	0.000
471	1	255	1146.500	848.500	2.828	1.128	1.128	0.000
472	1	255	1148.500	848.500	2.828	1.128	1.128	0.000
473	1	255	1152.500	848.500	2.828	1.128	1.128	0.000
474	3	255	1165.500	848.167	7.071	3.213	1.189	151.845
475	1	255	1185.500	848.500	2.828	1.128	1.128	0.000
476	1	255	1190.500	848.500	2.828	1.128	1.128	0.000
477	2	255	1195.500	848.000	4.828	2.257	1.128	90.000
478	3	255	1201.833	847.833	5.657	2.365	1.615	135.000
479	1	255	1021.500	847.500	2.828	1.128	1.128	0.000
480	1	255	1061.500	847.500	2.828	1.128	1.128	0.000
481	1	255	1072.500	847.500	2.828	1.128	1.128	0.000
482	1	255	1155.500	847.500	2.828	1.128	1.128	0.000
483	2	255	1177.500	847.000	4.828	2.257	1.128	90.000
484	3	255	1033.167	845.500	8.485	2.446	1.561	90.000
485	1	255	1038.500	846.500	2.828	1.128	1.128	0.000
486	1	255	1058.500	846.500	2.828	1.128	1.128	0.000
487	1	255	1109.500	846.500	2.828	1.128	1.128	0.000
488	1	255	1120.500	846.500	2.828	1.128	1.128	0.000
489	2	255	1128.000	846.000	5.657	2.596	0.981	135.000
490	1	255	1131.500	846.500	2.828	1.128	1.128	0.000
491	1	255	1134.500	846.500	2.828	1.128	1.128	0.000
492	1	255	1142.500	846.500	2.828	1.128	1.128	0.000
493	1	255	1164.500	846.500	2.828	1.128	1.128	0.000
494	1	255	1174.500	846.500	2.828	1.128	1.128	0.000
495	1	255	1182.500	846.500	2.828	1.128	1.128	0.000
496	1	255	1193.500	846.500	2.828	1.128	1.128	0.000
497	1	255	1046.500	845.500	2.828	1.128	1.128	0.000
498	1	255	1062.500	845.500	2.828	1.128	1.128	0.000
499	1	255	1097.500	845.500	2.828	1.128	1.128	0.000
500	1	255	1103.500	845.500	2.828	1.128	1.128	0.000
501	2	255	1122.500	845.000	4.828	2.257	1.128	90.000
502	4	255	1143.750	844.500	8.485	3.676	1.385	39.690
503	2	255	1167.500	845.000	4.828	2.257	1.128	90.000
504	3	255	1189.500	845.167	7.071	3.213	1.189	28.155
505	3	255	1197.167	845.167	5.657	2.365	1.615	135.000
506	1	255	1201.500	845.500	2.828	1.128	1.128	0.000
507	38	255	1219.868	840.026	47.941	8.992	5.381	42.662
508	1	255	1041.500	844.500	2.828	1.128	1.128	0.000
509	1	255	1066.500	844.500	2.828	1.128	1.128	0.000
510	2	255	1071.000	844.500	4.243	2.257	1.128	0.000
511	1	255	1076.500	844.500	2.828	1.128	1.128	0.000
512	2	255	1178.000	844.000	5.657	2.596	0.981	45.000
513	7	255	1191.643	842.929	13.899	3.753	2.375	59.527
514	2	255	1046.500	843.000	4.828	2.257	1.128	90.000
515	1	255	1058.500	843.500	2.828	1.128	1.128	0.000
516	1	255	1060.500	843.500	2.828	1.128	1.128	0.000
517	1	255	1094.500	843.500	2.828	1.128	1.128	0.000
518	2	255	1099.000	843.500	4.243	2.257	1.128	0.000
519	1	255	1102.500	843.500	2.828	1.128	1.128	0.000
520	1	255	1112.500	843.500	2.828	1.128	1.128	0.000
521	1	255	1127.500	843.500	2.828	1.128	1.128	0.000
522	5	255	1184.300	842.700	9.899	2.603	2.446	45.001
523	1	255	1194.500	843.500	2.828	1.128	1.128	0.000
524	2	255	1201.000	843.000	5.657	2.596	0.981	135.000
525	1	255	1032.500	842.500	2.828	1.128	1.128	0.000
526	1	255	1049.500	842.500	2.828	1.128	1.128	0.000
527	2	255	1062.500	842.000	4.828	2.257	1.128	90.000
528	2	255	1071.000	842.500	4.243	2.257	1.128	0.000
529	2	255	1075.500	842.000	4.828	2.257	1.128	90.000
530	1	255	1130.500	842.500	2.828	1.128	1.128	0.000
531	1	255	1161.500	842.500	2.828	1.128	1.128	0.000
532	2	255	1173.000	842.500	4.243	2.257	1.128	0.000
533	1	255	1179.500	842.500	2.828	1.128	1.128	0.000
534	1	255	1197.500	842.500	2.828	1.128	1.128	0.000
535	1	255	1119.500	841.500	2.828	1.128	1.128	0.000
536	3	255	1146.167	840.500	7.657	3.213	1.189	118.155
537	1	255	1151.500	841.500	2.828	1.128	1.128	0.000
538	1	255	1168.500	841.500	2.828	1.128	1.128	0.000
539	1	255	1177.500	841.500	2.828	1.128	1.128	0.000
540	7	255	1205.214	839.643	15.899	3.368	2.646	3.563
541	3	255	1209.500	841.500	6.243	3.385	1.128	0.000
542	1	255	1039.500	840.500	2.828	1.128	1.128	0.000
543	2	255	1046.500	840.000	4.828	2.257	1.128	90.000
544	2	255	1154.000	840.500	4.243	2.257	1.128	0.000
545	1	255	1157.500	840.500	2.828	1.128	1.128	0.000
546	1	255	1172.500	840.500	2.828	1.128	1.128	0.000
547	15	255	1198.367	838.233	27.213	6.367	3.000	147.952
548	1	255	1200.500	840.500	2.828	1.128	1.128	0.000
549	2	255	1213.000	840.500	4.243	2.257	1.128	0.000
550	1	255	1000.500	839.500	2.828	1.128	1.128	0.000
551	1	255	1079.500	839.500	2.828	1.128	1.128	0.000
552	1	255	1139.500	839.500	2.828	1.128	1.128	0.000
553	1	255	1148.500	839.500	2.828	1.128	1.128	0.000
554	1	255	1151.500	839.500	2.828	1.128	1.128	0.000
555	2	255	1166.000	839.000	5.657	2.596	0.981	135.000
556	2	255	1181.500	839.000	4.828	2.257	1.128	90.000
557	1	255	1188.500	839.500	2.828	1.128	1.128	0.000
558	1	255	1058.500	838.500	2.828	1.128	1.128	0.000
559	1	255	1064.500	838.500	2.828	1.128	1.128	0.000
560	1	255	1103.500	838.500	2.828	1.128	1.128	0.000
561	1	255	1111.500	838.500	2.828	1.128	1.128	0.000
562	1	255	1116.500	838.500	2.828	1.128	1.128	0.000
563	1	255	1123.500	838.500	2.828	1.128	1.128	0.000
564	1	255	1186.500	838.500	2.828	1.128	1.128	0.000
565	1	255	1190.500	838.500	2.828	1.128	1.128	0.000
566	1	255	1193.500	838.500	2.828	1.128	1.128	0.000
567	6	255	1209.167	837.500	11.899	5.173	1.477	17.609
568	1	255	998.500	837.500	2.828	1.128	1.128	0.000
569	1	255	1047.500	837.500	2.828	1.128	1.128	0.000
570	1	255	1061.500	837.500	2.828	1.128	1.128	0.000
571	1	255	1067.500	837.500	2.828	1.128	1.128	0.000
572	1	255	1070.500	837.500	2.828	1.128	1.128	0.000
573	5	255	1176.700	836.300	10.485	4.521	1.408	148.879
574	2	255	1066.000	836.000	5.657	2.596	0.981	135.000
575	2	255	1082.500	836.000	4.828	2.257	1.128	90.000
576	1	255	1181.500	836.500	2.828	1.128	1.128	0.000
577	1	255	1185.500	836.500	2.828	1.128	1.128	0.000
578	1	255	1189.500	836.500	2.828	1.128	1.128	0.000
579	2	255	1202.500	836.000	4.828	2.257	1.128	90.000
580	2	255	1088.000	835.000	5.657	2.596	0.981	135.000
581	1	255	1095.500	835.500	2.828	1.128	1.128	0.000
582	1	255	1151.500	835.500	2.828	1.128	1.128	0.000
583	1	255	1173.500	835.500	2.828	1.128	1.128	0.000
584	1	255	1187.500	835.500	2.828	1.128	1.128	0.000
585	1	255	1191.500	835.500	2.828	1.128	1.128	0.000
586	23	255	1208.935	831.891	45.113	6.826	4.290	173.585
587	8	255	1217.625	834.250	14.728	3.933	2.590	9.363
588	3	255	1221.500	834.500	6.828	3.385	1.128	90.000
589	1	255	1058.500	834.500	2.828	1.128	1.128	0.000
590	1	255	1100.500	834.500	2.828	1.128	1.128	0.000
591	1	255	1149.500	834.500	2.828	1.128	1.128	0.000
592	1	255	1197.500	834.500	2.828	1.128	1.128	0.000
593	1	255	1127.500	833.500	2.828	1.128	1.128	0.000
594	1	255	1151.500	833.500	2.828	1.128	1.128	0.000
595	1	255	1194.500	833.500	2.828	1.128	1.128	0.000
596	2	255	1203.500	833.000	4.828	2.257	1.128	90.000
597	1	255	1223.500	833.500	2.828	1.128	1.128	0.000
598	1	255	1114.500	832.500	2.828	1.128	1.128	0.000
599	1	255	1118.500	832.500	2.828	1.128	1.128	0.000
600	3	255	1178.500	832.167	7.071	3.213	1.189	151.845
601	1	255	1005.500	831.500	2.828	1.128	1.128	0.000
602	1	255	1048.500	831.500	2.828	1.128	1.128	0.000
603	2	255	1167.500	831.000	4.828	2.257	1.128	90.000
604	1	255	1183.500	831.500	2.828	1.128	1.128	0.000
605	2	255	1188.500	831.000	4.828	2.257	1.128	90.000
606	3	255	1194.167	830.833	5.657	2.365	1.615	45.000
607	1	255	1196.500	831.500	2.828	1.128	1.128	0.000
608	1	255	1201.500	831.500	2.828	1.128	1.128	0.000
609	2	255	1215.500	831.000	4.828	2.257	1.128	90.000
610	16	255	1219.125	829.562	26.971	5.673	3.591	40.820
611	2	255	1062.000	830.000	5.657	2.596	0.981	45.000
612	2	255	1078.000	830.000	5.657	2.596	0.981	45.000
613	1	255	1085.500	830.500	2.828	1.128	1.128	0.000
614	1	255	1089.500	830.500	2.828	1.128	1.128	0.000
615	1	255	1107.500	830.500	2.828	1.128	1.128	0.000
616	1	255	1115.500	830.500	2.828	1.128	1.128	0.000
617	1	255	1118.500	830.500	2.828	1.128	1.128	0.000
618	2	255	1155.000	830.000	5.657	2.596	0.981	45.000
619	1	255	1163.500	830.500	2.828	1.128	1.128	0.000
620	4	255	1211.000	829.500	7.657	3.216	1.583	121.717
621	1	255	1059.500	829.500	2.828	1.128	1.128	0.000
622	1	255	1093.500	829.500	2.828	1.128	1.128	0.000
623	1	255	1149.500	829.500	2.828	1.128	1.128	0.000
624	1	255	1184.500	829.500	2.828	1.128	1.128	0.000
625	4	255	1202.000	828.250	9.899	4.428	1.150	143.909
626	2	255	1120.000	828.500	4.243	2.257	1.128	0.000
627	1	255	1136.500	828.500	2.828	1.128	1.128	0.000
628	1	255	1023.500	827.500	2.828	1.128	1.128	0.000
629	1	255	1160.500	827.500	2.828	1.128	1.128	0.000
630	2	255	1190.000	827.500	4.243	2.257	1.128	0.000
631	3	255	1192.500	826.500	6.828	3.385	1.128	90.000
632	2	255	1205.500	827.000	4.828	2.257	1.128	90.000
633	2	255	1223.000	827.000	5.657	2.596	0.981	135.000
634	1	255	987.500	826.500	2.828	1.128	1.128	0.000
635	1	255	1112.500	826.500	2.828	1.128	1.128	0.000
636	1	255	1156.500	826.500	2.828	1.128	1.128	0.000
637	1	255	1164.500	826.500	2.828	1.128	1.128	0.000
638	1	255	1196.500	826.500	2.828	1.128	1.128	0.000
639	1	255	1207.500	826.500	2.828	1.128	1.128	0.000
640	2	255	1212.500	826.000	4.828	2.257	1.128	90.000
641	1	255	1062.500	825.500	2.828	1.128	1.128	0.000
642	1	255	1067.500	825.500	2.828	1.128	1.128	0.000
643	1	255	1085.500	825.500	2.828	1.128	1.128	0.000
644	1	255	1181.500	825.500	2.828	1.128	1.128	0.000
645	1	255	1203.500	825.500	2.828	1.128	1.128	0.000
646	1	255	1003.500	824.500	2.828	1.128	1.128	0.000
647	1	255	1075.500	824.500	2.828	1.128	1.128	0.000
648	1	255	1145.500	824.500	2.828	1.128	1.128	0.000
649	1	255	1183.500	824.500	2.828	1.128	1.128	0.000
650	4	255	1196.000	824.500	8.243	4.514	1.128	0.000
651	1	255	1017.500	823.500	2.828	1.128	1.128	0.000
652	1	255	1053.500	823.500	2.828	1.128	1.128	0.000
653	1	255	1090.500	823.500	2.828	1.128	1.128	0.000
654	1	255	1192.500	823.500	2.828	1.128	1.128	0.000
655	4	255	1202.500	822.000	10.485	4.441	1.147	121.717
656	1	255	1213.500	823.500	2.828	1.128	1.128	0.000
657	1	255	1222.500	823.500	2.828	1.128	1.128	0.000
658	1	255	1038.500	822.500	2.828	1.128	1.128	0.000
659	1	255	1140.500	822.500	2.828	1.128	1.128	0.000
660	6	255	1174.833	820.833	11.314	5.190	1.472	135.000
661	1	255	1186.500	822.500	2.828	1.128	1.128	0.000
662	1	255	1205.500	822.500	2.828	1.128	1.128	0.000
663	1	255	1208.500	822.500	2.828	1.128	1.128	0.000
664	3	255	1216.167	822.167	5.657	2.365	1.615	135.000
665	1	255	1160.500	820.500	2.828	1.128	1.128	0.000
666	2	255	1189.500	820.000	4.828	2.257	1.128	90.000
667	6	255	1209.000	819.833	11.314	3.226	2.368	21.355
668	2	255	1104.000	819.500	4.243	2.257	1.128	0.000
669	2	255	1167.000	819.000	5.657	2.596	0.981	45.000
670	1	255	1218.500	819.500	2.828	1.128	1.128	0.000
671	1	255	1080.500	818.500	2.828	1.128	1.128	0.000
672	1	255	1161.500	818.500	2.828	1.128	1.128	0.000
673	2	255	1186.500	818.000	4.828	2.257	1.128	90.000
674	1	255	1191.500	818.500	2.828	1.128	1.128	0.000
675	8	255	1203.000	816.000	15.314	6.122	1.664	125.783
676	3	255	1213.167	817.833	5.657	2.365	1.615	45.000
677	2	255	1206.500	817.000	4.828	2.257	1.128	90.000
678	3	255	1216.500	817.167	7.071	3.213	1.189	28.155
679	1	255	1058.500	816.500	2.828	1.128	1.128	0.000
680	1	255	1156.500	816.500	2.828	1.128	1.128	0.000
681	2	255	1164.500	816.000	4.828	2.257	1.128	90.000
682	1	255	1180.500	816.500	2.828	1.128	1.128	0.000
683	4	255	1193.750	815.000	10.485	4.428	1.150	53.909
684	1	255	1220.500	816.500	2.828	1.128	1.128	0.000
685	2	255	1223.000	816.000	5.657	2.596	0.981	135.000
686	1	255	1152.500	815.500	2.828	1.128	1.128	0.000
687	1	255	1200.500	815.500	2.828	1.128	1.128	0.000
688	1	255	1208.500	815.500	2.828	1.128	1.128	0.000
689	1	255	1123.500	814.500	2.828	1.128	1.128	0.000
690	1	255	1175.500	814.500	2.828	1.128	1.128	0.000
691	1	255	1190.500	814.500	2.828	1.128	1.128	0.000
692	3	255	1198.167	813.833	5.657	2.365	1.615	45.000
693	1	255	1076.500	813.500	2.828	1.128	1.128	0.000
694	1	255	1093.500	813.500	2.828	1.128	1.128	0.000
695	1	255	1162.500	813.500	2.828	1.128	1.128	0.000
696	1	255	1164.500	813.500	2.828	1.128	1.128	0.000
697	1	255	1166.500	813.500	2.828	1.128	1.128	0.000
698	5	255	1212.500	812.700	11.899	5.322	1.196	27.123
699	2	255	1217.500	813.000	4.828	2.257	1.128	90.000
700	1	255	1219.500	813.500	2.828	1.128	1.128	0.000
701	2	255	1222.500	813.000	4.828	2.257	1.128	90.000
702	2	255	1152.000	812.500	4.243	2.257	1.128	0.000
703	2	255	1201.000	812.500	4.243	2.257	1.128	0.000
704	1	255	1035.500	811.500	2.828	1.128	1.128	0.000
705	1	255	1125.500	811.500	2.828	1.128	1.128	0.000
706	1	255	1162.500	811.500	2.828	1.128	1.128	0.000
707	1	255	1164.500	811.500	2.828	1.128	1.128	0.000
708	5	255	1199.500	810.500	8.485	3.732	1.706	148.283
709	1	255	1219.500	811.500	2.828	1.128	1.128	0.000
710	1	255	1062.500	810.500	2.828	1.128	1.128	0.000
711	1	255	1172.500	810.500	2.828	1.128	1.128	0.000
712	1	255	1193.500	810.500	2.828	1.128	1.128	0.000
713	1	255	1215.500	810.500	2.828	1.128	1.128	0.000
714	1	255	1223.500	810.500	2.828	1.128	1.128	0.000
715	1	255	1174.500	809.500	2.828	1.128	1.128	0.000
716	2	255	1202.500	809.000	4.828	2.257	1.128	90.000
717	1	255	1207.500	809.500	2.828	1.128	1.128	0.000
718	5	255	1219.700	809.300	9.071	4.183	1.522	10.901
719	1	255	1169.500	808.500	2.828	1.128	1.128	0.000
720	1	255	1223.500	808.500	2.828	1.128	1.128	0.000
721	1	255	1181.500	807.500	2.828	1.128	1.128	0.000
722	1	255	1186.500	807.500	2.828	1.128	1.128	0.000
723	1	255	1188.500	807.500	2.828	1.128	1.128	0.000
724	2	255	1207.000	807.000	5.657	2.596	0.981	45.000
725	2	255	1210.000	807.500	4.243	2.257	1.128	0.000
726	1	255	1220.500	807.500	2.828	1.128	1.128	0.000
727	1	255	1064.500	806.500	2.828	1.128	1.128	0.000
728	1	255	1177.500	806.500	2.828	1.128	1.128	0.000
729	1	255	1222.500	806.500	2.828	1.128	1.128	0.000
730	1	255	1184.500	805.500	2.828	1.128	1.128	0.000
731	2	255	1190.500	805.000	4.828	2.257	1.128	90.000
732	1	255	1200.500	805.500	2.828	1.128	1.128	0.000
733	1	255	1203.500	805.500	2.828	1.128	1.128	0.000
734	4	255	1220.500	804.500	8.485	2.838	1.795	45.000
735	1	255	1182.500	804.500	2.828	1.128	1.128	0.000
736	1	255	1208.500	804.500	2.828	1.128	1.128	0.000
737	2	255	1217.000	804.000	5.657	2.596	0.981	45.000
738	1	255	1029.500	803.500	2.828	1.128	1.128	0.000
739	1	255	1205.500	803.500	2.828	1.128	1.128	0.000
740	2	255	1178.500	802.000	4.828	2.257	1.128	90.000
741	1	255	1194.500	802.500	2.828	1.128	1.128	0.000
742	1	255	1180.500	801.500	2.828	1.128	1.128	0.000
743	1	255	1208.500	801.500	2.828	1.128	1.128	0.000
744	1	255	1215.500	801.500	2.828	1.128	1.128	0.000
745	1	255	1195.500	800.500	2.828	1.128	1.128	0.000
746	1	255	1197.500	800.500	2.828	1.128	1.128	0.000
747	3	255	1182.167	798.500	7.657	3.213	1.189	118.155
748	1	255	1202.500	798.500	2.828	1.128	1.128	0.000
749	1	255	1216.500	798.500	2.828	1.128	1.128	0.000
750	1	255	1220.500	797.500	2.828	1.128	1.128	0.000
751	5	255	1208.500	795.100	10.485	3.679	1.730	115.670
752	1	255	1215.500	796.500	2.828	1.128	1.128	0.000
753	4	255	1218.000	796.000	5.657	2.257	2.257	0.000
754	1	255	1013.500	795.500	2.828	1.128	1.128	0.000
755	1	255	1176.500	795.500	2.828	1.128	1.128	0.000
756	1	255	1196.500	795.500	2.828	1.128	1.128	0.000
757	1	255	1212.500	794.500	2.828	1.128	1.128	0.000
758	1	255	1179.500	793.500	2.828	1.128	1.128	0.000
759	1	255	1184.500	793.500	2.828	1.128	1.128	0.000
760	2	255	1204.500	793.000	4.828	2.257	1.128	90.000
761	1	255	1215.500	793.500	2.828	1.128	1.128	0.000
762	3	255	1220.500	793.500	6.243	3.385	1.128	0.000
763	2	255	1206.500	792.000	4.828	2.257	1.128	90.000
764	3	255	1212.167	791.500	7.657	3.213	1.189	118.155
765	1	255	1159.500	791.500	2.828	1.128	1.128	0.000
766	3	255	1180.833	790.833	5.657	2.365	1.615	135.000
767	1	255	1186.500	791.500	2.828	1.128	1.128	0.000
768	1	255	1188.500	791.500	2.828	1.128	1.128	0.000
769	2	255	1201.000	791.000	5.657	2.596	0.981	135.000
770	1	255	789.500	790.500	2.828	1.128	1.128	0.000
771	1	255	1198.500	790.500	2.828	1.128	1.128	0.000
772	1	255	1214.500	790.500	2.828	1.128	1.128	0.000
773	1	255	1072.500	789.500	2.828	1.128	1.128	0.000
774	1	255	1187.500	789.500	2.828	1.128	1.128	0.000
775	1	255	1207.500	789.500	2.828	1.128	1.128	0.000
776	2	255	1209.500	789.000	4.828	2.257	1.128	90.000
777	5	255	1181.500	787.700	14.142	3.385	1.881	0.000
778	1	255	1221.500	788.500	2.828	1.128	1.128	0.000
779	1	255	1192.500	787.500	2.828	1.128	1.128	0.000
780	6	255	1220.000	786.167	14.728	5.183	1.474	159.867
781	1	255	1223.500	787.500	2.828	1.128	1.128	0.000
782	1	255	1214.500	786.500	2.828	1.128	1.128	0.000
783	3	255	1198.500	784.500	6.828	3.385	1.128	90.000
784	1	255	1201.500	785.500	2.828	1.128	1.128	0.000
785	1	255	1207.500	785.500	2.828	1.128	1.128	0.000
786	1	255	1212.500	785.500	2.828	1.128	1.128	0.000
787	1	255	1137.500	784.500	2.828	1.128	1.128	0.000
788	1	255	1187.500	784.500	2.828	1.128	1.128	0.000
789	1	255	1191.500	784.500	2.828	1.128	1.128	0.000
790	7	255	1215.357	782.929	14.728	4.542	1.962	42.801
791	1	255	1193.500	783.500	2.828	1.128	1.128	0.000
792	1	255	1195.500	783.500	2.828	1.128	1.128	0.000
793	1	255	1200.500	783.500	2.828	1.128	1.128	0.000
794	3	255	1222.500	782.500	6.828	3.385	1.128	90.000
795	4	255	1218.500	781.250	10.485	2.420	2.105	90.000
796	1	255	1199.500	781.500	2.828	1.128	1.128	0.000
797	1	255	1182.500	780.500	2.828	1.128	1.128	0.000
798	2	255	1187.500	780.000	4.828	2.257	1.128	90.000
799	1	255	1195.500	780.500	2.828	1.128	1.128	0.000
800	1	255	1210.500	780.500	2.828	1.128	1.128	0.000
801	1	255	1195.500	777.500	2.828	1.128	1.128	0.000
802	1	255	1201.500	777.500	2.828	1.128	1.128	0.000
803	2	255	1216.500	777.000	4.828	2.257	1.128	90.000
804	1	255	1211.500	776.500	2.828	1.128	1.128	0.000
805	1	255	1218.500	776.500	2.828	1.128	1.128	0.000
806	1	255	1189.500	775.500	2.828	1.128	1.128	0.000
807	1	255	1223.500	775.500	2.828	1.128	1.128	0.000
808	1	255	1193.500	774.500	2.828	1.128	1.128	0.000
809	3	255	1213.833	773.500	7.657	3.213	1.189	61.845
810	5	255	1217.500	773.500	8.485	3.732	1.706	148.283
811	2	255	1199.000	773.000	5.657	2.596	0.981	45.000
812	2	255	1222.000	773.500	4.243	2.257	1.128	0.000
813	1	255	1167.500	772.500	2.828	1.128	1.128	0.000
814	1	255	1189.500	772.500	2.828	1.128	1.128	0.000
815	1	255	1211.500	772.500	2.828	1.128	1.128	0.000
816	1	255	1208.500	771.500	2.828	1.128	1.128	0.000
817	3	255	1222.500	771.167	7.071	3.213	1.189	151.845
818	1	255	1219.500	770.500	2.828	1.128	1.128	0.000
819	2	255	1206.000	769.500	4.243	2.257	1.128	0.000
820	1	255	1221.500	769.500	2.828	1.128	1.128	0.000
821	1	255	1208.500	768.500	2.828	1.128	1.128	0.000
822	2	255	1203.000	767.500	4.243	2.257	1.128	0.000
823	3	255	1205.833	767.167	5.657	2.365	1.615	45.000
824	1	255	1212.500	767.500	2.828	1.128	1.128	0.000
825	2	255	1223.000	767.500	4.243	2.257	1.128	0.000
826	1	255	1220.500	766.500	2.828	1.128	1.128	0.000
827	1	255	1159.500	765.500	2.828	1.128	1.128	0.000
828	1	255	1221.500	764.500	2.828	1.128	1.128	0.000
829	1	255	1210.500	763.500	2.828	1.128	1.128	0.000
830	1	255	1218.500	763.500	2.828	1.128	1.128	0.000
831	1	255	1197.500	761.500	2.828	1.128	1.128	0.000
832	1	255	1208.500	761.500	2.828	1.128	1.128	0.000
833	1	255	1213.500	760.500	2.828	1.128	1.128	0.000
834	1	255	1196.500	759.500	2.828	1.128	1.128	0.000
835	1	255	1204.500	759.500	2.828	1.128	1.128	0.000
836	1	255	1219.500	759.500	2.828	1.128	1.128	0.000
837	1	255	1223.500	759.500	2.828	1.128	1.128	0.000
838	1	255	1181.500	758.500	2.828	1.128	1.128	0.000
839	1	255	1193.500	758.500	2.828	1.128	1.128	0.000
840	1	255	1183.500	757.500	2.828	1.128	1.128	0.000
841	1	255	1173.500	756.500	2.828	1.128	1.128	0.000
842	1	255	1205.500	756.500	2.828	1.128	1.128	0.000
843	4	255	1209.750	754.250	7.657	3.192	1.596	108.435
844	1	255	1220.500	755.500	2.828	1.128	1.128	0.000
845	1	255	1166.500	754.500	2.828	1.128	1.128	0.000
846	1	255	1194.500	754.500	2.828	1.128	1.128	0.000
847	1	255	1167.500	752.500	2.828	1.128	1.128	0.000
848	2	255	1222.500	752.000	4.828	2.257	1.128	90.000
849	1	255	1173.500	750.500	2.828	1.128	1.128	0.000
850	2	255	1212.000	750.000	5.657	2.596	0.981	135.000
851	1	255	1216.500	750.500	2.828	1.128	1.128	0.000
852	1	255	1208.500	749.500	2.828	1.128	1.128	0.000
853	1	255	1203.500	748.500	2.828	1.128	1.128	0.000
854	1	255	1205.500	748.500	2.828	1.128	1.128	0.000
855	1	255	1204.500	746.500	2.828	1.128	1.128	0.000
856	1	255	1219.500	746.500	2.828	1.128	1.128	0.000
857	1	255	1212.500	745.500	2.828	1.128	1.128	0.000
858	3	255	1215.167	744.833	5.657	2.365	1.615	45.000
859	2	255	1207.500	743.000	4.828	2.257	1.128	90.000
860	1	255	1178.500	742.500	2.828	1.128	1.128	0.000
861	2	255	1219.000	740.000	5.657	2.596	0.981	45.000
862	1	255	1212.500	739.500	2.828	1.128	1.128	0.000
863	1	255	1200.500	737.500	2.828	1.128	1.128	0.000
864	3	255	1220.833	736.833	5.657	2.365	1.615	135.000
865	1	255	1184.500	736.500	2.828	1.128	1.128	0.000
866	1	255	1221.500	733.500	2.828	1.128	1.128	0.000
867	1	255	1205.500	730.500	2.828	1.128	1.128	0.000
868	1	255	1208.500	730.500	2.828	1.128	1.128	0.000
869	1	255	1219.500	727.500	2.828	1.128	1.128	0.000
870	1	255	1213.500	724.500	2.828	1.128	1.128	0.000
871	1	255	1223.500	724.500	2.828	1.128	1.128	0.000
872	1	255	1211.500	722.500	2.828	1.128	1.128	0.000
873	1	255	1213.500	722.500	2.828	1.128	1.128	0.000
874	1	255	1208.500	721.500	2.828	1.128	1.128	0.000
875	2	255	1213.000	720.000	5.657	2.596	0.981	45.000
876	1	255	1217.500	715.500	2.828	1.128	1.128	0.000
877	1	255	1207.500	711.500	2.828	1.128	1.128	0.000
878	1	255	1219.500	711.500	2.828	1.128	1.128	0.000
879	1	255	1219.500	708.500	2.828	1.128	1.128	0.000
880	2	255	1218.500	705.000	4.828	2.257	1.128	90.000
881	1	255	1220.500	704.500	2.828	1.128	1.128	0.000
882	1	255	1212.500	699.500	2.828	1.128	1.128	0.000
883	1	255	1223.500	696.500	2.828	1.128	1.128	0.000
884	1	255	1206.500	692.500	2.828	1.128	1.128	0.000
885	1	255	1217.500	686.500	2.828	1.128	1.128	0.000
886	1	255	1205.500	674.500	2.828	1.128	1.128	0.000
887	1	255	1223.500	668.500	2.828	1.128	1.128	0.000
888	1	255	1209.500	654.500	2.828	1.128	1.128	0.000
889	1	255	1221.500	652.500	2.828	1.128	1.128	0.000
890	1	255	1223.500	647.500	2.828	1.128	1.128	0.000
891	1	255	1217.500	638.500	2.828	1.128	1.128	0.000
892	6	255	1048.333	71.667	8.485	3.140	2.433	135.000
