 	Area	Mean	XM	YM	Perim.	Major	Minor	Angle
1	1	255	370.500	902.500	2.828	1.128	1.128	0.000
2	2	255	425.000	902.500	4.243	2.257	1.128	0.000
3	1	255	495.500	902.500	2.828	1.128	1.128	0.000
4	2	255	513.500	902.000	4.828	2.257	1.128	90.000
5	3	255	518.500	901.500	6.828	3.385	1.128	90.000
6	1	255	520.500	902.500	2.828	1.128	1.128	0.000
7	2	255	533.000	902.500	4.243	2.257	1.128	0.000
8	9	255	566.278	902.056	17.899	6.961	1.646	167.734
9	7	255	583.214	902.071	9.657	4.154	2.146	171.650
10	45	255	594.411	898.811	49.941	8.643	6.629	76.335
11	3	255	608.500	902.500	6.243	3.385	1.128	0.000
12	74	255	608.311	897.919	50.184	14.888	6.329	11.009
13	159	255	627.682	893.481	114.610	20.709	9.776	109.485
14	35	255	635.186	900.500	22.728	7.329	6.080	162.208
15	271	255	647.873	893.685	97.983	21.365	16.150	107.793
16	494	255	666.526	890.180	107.012	30.126	20.878	84.263
17	126769	255	1050.677	738.166	3391.292	552.536	292.121	137.284
18	5	255	535.900	900.100	9.657	3.316	1.920	45.000
19	1	255	464.500	900.500	2.828	1.128	1.128	0.000
20	2	255	561.000	900.500	4.243	2.257	1.128	0.000
21	2	255	541.000	899.500	4.243	2.257	1.128	0.000
22	4	255	573.500	898.750	7.071	2.734	1.863	0.000
23	3	255	585.500	898.833	7.071	3.213	1.189	151.845
24	1	255	415.500	898.500	2.828	1.128	1.128	0.000
25	1	255	428.500	898.500	2.828	1.128	1.128	0.000
26	10	255	564.600	897.700	17.657	8.265	1.540	4.924
27	3	255	518.500	896.500	6.828	3.385	1.128	90.000
28	6	255	536.667	896.667	13.314	3.816	2.002	171.870
29	25	255	616.780	894.740	28.627	7.820	4.070	37.893
30	2	255	482.000	896.500	4.243	2.257	1.128	0.000
31	4	255	585.500	895.750	7.071	2.734	1.863	0.000
32	1	255	412.500	895.500	2.828	1.128	1.128	0.000
33	1	255	490.500	895.500	2.828	1.128	1.128	0.000
34	1	255	492.500	895.500	2.828	1.128	1.128	0.000
35	5	255	528.100	895.100	9.071	4.076	1.562	159.006
36	1	255	541.500	895.500	2.828	1.128	1.128	0.000
37	11	255	565.045	894.500	18.142	5.289	2.648	15.817
38	1	255	428.500	894.500	2.828	1.128	1.128	0.000
39	1	255	433.500	894.500	2.828	1.128	1.128	0.000
40	5	255	534.700	893.700	8.485	3.833	1.661	135.000
41	5	255	590.700	893.900	7.657	3.144	2.025	18.435
42	54	255	608.537	884.981	81.154	18.683	3.680	144.471
43	1	255	424.500	893.500	2.828	1.128	1.128	0.000
44	1	255	442.500	893.500	2.828	1.128	1.128	0.000
45	1	255	520.500	893.500	2.828	1.128	1.128	0.000
46	6	255	577.500	893.000	7.657	3.385	2.257	0.000
47	3	255	584.833	893.167	5.657	2.365	1.615	45.000
48	1	255	431.500	891.500	2.828	1.128	1.128	0.000
49	2	255	521.000	891.500	4.243	2.257	1.128	0.000
50	3	255	527.167	891.167	5.657	2.365	1.615	135.000
51	2	255	592.500	891.000	4.828	2.257	1.128	90.000
52	1	255	606.500	891.500	2.828	1.128	1.128	0.000
53	4	255	610.500	891.000	7.071	3.216	1.583	31.717
54	2	255	567.500	890.000	4.828	2.257	1.128	90.000
55	2	255	570.000	890.500	4.243	2.257	1.128	0.000
56	5	255	580.700	890.300	9.071	4.183	1.522	10.901
57	2	255	558.000	889.500	4.243	2.257	1.128	0.000
58	3	255	575.500	888.500	6.828	3.385	1.128	90.000
59	3	255	619.500	888.500	6.828	3.385	1.128	90.000
60	1	255	447.500	887.500	2.828	1.128	1.128	0.000
61	1	255	479.500	887.500	2.828	1.128	1.128	0.000
62	1	255	496.500	887.500	2.828	1.128	1.128	0.000
63	1	255	530.500	887.500	2.828	1.128	1.128	0.000
64	1	255	616.500	887.500	2.828	1.128	1.128	0.000
65	10	255	620.800	886.000	14.728	6.184	2.059	28.451
66	18	255	638.056	885.889	19.556	6.060	3.782	19.961
67	1	255	551.500	886.500	2.828	1.128	1.128	0.000
68	1	255	559.500	886.500	2.828	1.128	1.128	0.000
69	1	255	568.500	886.500	2.828	1.128	1.128	0.000
70	2	255	579.000	886.500	4.243	2.257	1.128	0.000
71	1	255	589.500	886.500	2.828	1.128	1.128	0.000
72	1	255	611.500	886.500	2.828	1.128	1.128	0.000
73	2	255	519.500	885.000	4.828	2.257	1.128	90.000
74	2	255	615.500	885.000	4.828	2.257	1.128	90.000
75	21	255	640.929	881.548	26.385	8.061	3.317	47.165
76	1	255	503.500	884.500	2.828	1.128	1.128	0.000
77	3	255	560.833	884.167	5.657	2.365	1.615	45.000
78	5	255	599.300	884.100	7.071	3.144	2.025	18.435
79	1	255	516.500	883.500	2.828	1.128	1.128	0.000
80	7	255	577.214	881.071	11.314	5.102	1.747	49.545
81	1	255	336.500	881.500	2.828	1.128	1.128	0.000
82	1	255	536.500	881.500	2.828	1.128	1.128	0.000
83	2	255	564.000	881.500	4.243	2.257	1.128	0.000
84	1	255	601.500	881.500	2.828	1.128	1.128	0.000
85	7	255	620.786	881.071	9.071	4.154	2.146	8.350
86	2	255	624.500	881.000	4.828	2.257	1.128	90.000
87	2	255	530.500	880.000	4.828	2.257	1.128	90.000
88	3	255	568.167	879.833	5.657	2.365	1.615	45.000
89	2	255	584.500	880.000	4.828	2.257	1.128	90.000
90	3	255	589.500	880.500	6.243	3.385	1.128	0.000
91	7	255	607.357	878.786	15.899	3.368	2.646	86.437
92	2	255	516.000	879.000	5.657	2.596	0.981	135.000
93	1	255	527.500	879.500	2.828	1.128	1.128	0.000
94	2	255	549.000	879.500	4.243	2.257	1.128	0.000
95	1	255	560.500	879.500	2.828	1.128	1.128	0.000
96	3	255	581.500	879.500	6.243	3.385	1.128	0.000
97	1	255	596.500	879.500	2.828	1.128	1.128	0.000
98	22	255	652.273	877.955	22.728	7.250	3.864	167.856
99	29	255	640.914	875.017	26.627	7.703	4.793	61.793
100	1	255	646.500	878.500	2.828	1.128	1.128	0.000
101	1	255	547.500	877.500	2.828	1.128	1.128	0.000
102	5	255	561.700	877.300	9.071	4.183	1.522	10.901
103	4	255	627.750	876.500	7.657	2.734	1.863	90.000
104	3	255	567.167	875.833	5.657	2.365	1.615	45.000
105	1	255	584.500	876.500	2.828	1.128	1.128	0.000
106	2	255	589.000	876.500	4.243	2.257	1.128	0.000
107	1	255	600.500	876.500	2.828	1.128	1.128	0.000
108	5	255	634.500	875.500	8.485	2.523	2.523	0.000
109	47	255	663.457	870.713	52.184	15.180	3.942	150.733
110	2	255	504.500	875.000	4.828	2.257	1.128	90.000
111	1	255	515.500	875.500	2.828	1.128	1.128	0.000
112	1	255	555.500	875.500	2.828	1.128	1.128	0.000
113	1	255	576.500	875.500	2.828	1.128	1.128	0.000
114	1	255	592.500	875.500	2.828	1.128	1.128	0.000
115	3	255	604.167	875.167	5.657	2.365	1.615	135.000
116	1	255	551.500	874.500	2.828	1.128	1.128	0.000
117	10	255	654.600	872.500	15.314	4.357	2.923	83.802
118	1	255	496.500	873.500	2.828	1.128	1.128	0.000
119	1	255	559.500	873.500	2.828	1.128	1.128	0.000
120	4	255	595.500	873.250	7.071	2.734	1.863	0.000
121	1	255	611.500	873.500	2.828	1.128	1.128	0.000
122	1	255	620.500	873.500	2.828	1.128	1.128	0.000
123	18	255	647.944	871.111	22.385	6.937	3.304	138.890
124	2	255	520.500	872.000	4.828	2.257	1.128	90.000
125	1	255	501.500	871.500	2.828	1.128	1.128	0.000
126	1	255	504.500	871.500	2.828	1.128	1.128	0.000
127	1	255	551.500	871.500	2.828	1.128	1.128	0.000
128	4	255	581.500	870.250	8.485	3.676	1.385	129.690
129	1	255	583.500	871.500	2.828	1.128	1.128	0.000
130	3	255	603.500	870.833	7.071	3.213	1.189	151.845
131	3	255	630.500	870.833	7.071	3.213	1.189	151.845
132	11	255	673.500	868.955	17.314	6.287	2.228	109.729
133	10	255	687.900	869.000	14.485	4.562	2.791	90.000
134	1	255	383.500	870.500	2.828	1.128	1.128	0.000
135	1	255	494.500	870.500	2.828	1.128	1.128	0.000
136	1	255	591.500	870.500	2.828	1.128	1.128	0.000
137	3	255	622.500	870.500	6.243	3.385	1.128	0.000
138	1	255	633.500	870.500	2.828	1.128	1.128	0.000
139	3	255	636.833	870.167	5.657	2.365	1.615	45.000
140	2	255	684.000	870.500	4.243	2.257	1.128	0.000
141	1	255	479.500	869.500	2.828	1.128	1.128	0.000
142	1	255	616.500	869.500	2.828	1.128	1.128	0.000
143	4	255	654.000	868.000	5.657	2.257	2.257	0.000
144	22	255	679.727	865.136	35.113	10.444	2.682	32.349
145	1	255	516.500	867.500	2.828	1.128	1.128	0.000
146	4	255	615.500	866.750	8.485	3.676	1.385	129.690
147	2	255	635.500	867.000	4.828	2.257	1.128	90.000
148	3	255	656.833	867.167	5.657	2.365	1.615	45.000
149	1	255	536.500	866.500	2.828	1.128	1.128	0.000
150	7	255	646.214	865.929	9.657	4.154	2.146	8.350
151	4	255	664.250	865.000	9.657	3.969	1.283	107.609
152	2	255	489.500	865.000	4.828	2.257	1.128	90.000
153	1	255	574.500	865.500	2.828	1.128	1.128	0.000
154	1	255	611.500	865.500	2.828	1.128	1.128	0.000
155	4	255	654.500	864.250	7.071	2.734	1.863	0.000
156	27	255	690.907	862.204	32.870	8.192	4.197	1.518
157	1	255	370.500	863.500	2.828	1.128	1.128	0.000
158	1	255	544.500	863.500	2.828	1.128	1.128	0.000
159	1	255	583.500	863.500	2.828	1.128	1.128	0.000
160	1	255	597.500	863.500	2.828	1.128	1.128	0.000
161	3	255	632.500	862.500	8.485	3.969	0.963	45.000
162	3	255	640.167	862.500	7.657	3.213	1.189	118.155
163	29	255	651.086	861.121	43.941	9.381	3.936	170.412
164	2	255	673.000	863.500	4.243	2.257	1.128	0.000
165	2	255	683.000	863.500	4.243	2.257	1.128	0.000
166	1	255	661.500	862.500	2.828	1.128	1.128	0.000
167	2	255	684.000	861.500	4.243	2.257	1.128	0.000
168	18	255	679.778	857.444	30.284	7.266	3.154	153.549
169	1	255	597.500	859.500	2.828	1.128	1.128	0.000
170	1	255	620.500	859.500	2.828	1.128	1.128	0.000
171	3	255	658.833	858.833	5.657	2.365	1.615	135.000
172	8	255	663.875	857.500	15.314	5.142	1.981	100.839
173	2	255	671.000	859.500	4.243	2.257	1.128	0.000
174	2	255	625.500	858.000	4.828	2.257	1.128	90.000
175	8	255	694.875	855.375	16.728	5.156	1.976	52.466
176	5	255	654.700	855.700	8.485	3.461	1.839	45.000
177	1	255	667.500	856.500	2.828	1.128	1.128	0.000
178	1	255	690.500	856.500	2.828	1.128	1.128	0.000
179	1	255	673.500	855.500	2.828	1.128	1.128	0.000
180	7	255	678.786	854.071	15.314	3.951	2.256	134.013
181	1	255	699.500	855.500	2.828	1.128	1.128	0.000
182	2	255	622.500	854.000	4.828	2.257	1.128	90.000
183	1	255	640.500	854.500	2.828	1.128	1.128	0.000
184	1	255	645.500	854.500	2.828	1.128	1.128	0.000
185	1	255	660.500	854.500	2.828	1.128	1.128	0.000
186	2	255	689.000	854.500	4.243	2.257	1.128	0.000
187	1	255	589.500	853.500	2.828	1.128	1.128	0.000
188	4	255	696.750	852.500	7.657	2.734	1.863	90.000
189	2	255	671.500	852.000	4.828	2.257	1.128	90.000
190	4	255	655.000	851.000	5.657	2.257	2.257	0.000
191	4	255	679.000	850.000	5.657	2.257	2.257	0.000
192	4	255	714.000	850.000	5.657	2.257	2.257	0.000
193	2	255	607.500	849.000	4.828	2.257	1.128	90.000
194	2	255	683.000	849.500	4.243	2.257	1.128	0.000
195	3	255	694.833	849.167	5.657	2.365	1.615	45.000
196	1	255	658.500	848.500	2.828	1.128	1.128	0.000
197	1	255	567.500	847.500	2.828	1.128	1.128	0.000
198	1	255	637.500	847.500	2.828	1.128	1.128	0.000
199	1	255	680.500	847.500	2.828	1.128	1.128	0.000
200	5	255	697.700	847.100	7.657	3.144	2.025	161.565
201	1	255	717.500	847.500	2.828	1.128	1.128	0.000
202	1	255	640.500	846.500	2.828	1.128	1.128	0.000
203	5	255	665.500	846.500	10.243	5.642	1.128	0.000
204	15	255	702.767	842.567	24.142	6.788	2.814	90.196
205	2	255	713.000	846.500	4.243	2.257	1.128	0.000
206	26	255	716.308	841.346	42.627	9.030	3.666	87.663
207	2	255	660.500	845.000	4.828	2.257	1.128	90.000
208	5	255	670.700	845.100	7.657	3.144	2.025	161.565
209	2	255	680.500	845.000	4.828	2.257	1.128	90.000
210	1	255	685.500	845.500	2.828	1.128	1.128	0.000
211	6	255	712.000	844.000	11.314	5.181	1.475	143.551
212	81	255	725.969	841.093	55.113	11.840	8.710	131.372
213	2	255	647.500	844.000	4.828	2.257	1.128	90.000
214	1	255	677.500	844.500	2.828	1.128	1.128	0.000
215	2	255	656.500	843.000	4.828	2.257	1.128	90.000
216	2	255	663.000	843.500	4.243	2.257	1.128	0.000
217	3	255	698.167	843.167	5.657	2.365	1.615	135.000
218	1	255	669.500	842.500	2.828	1.128	1.128	0.000
219	4	255	680.250	841.000	10.485	3.417	1.490	83.380
220	4	255	683.500	841.000	8.828	4.514	1.128	90.000
221	2	255	687.000	842.500	4.243	2.257	1.128	0.000
222	4	255	693.000	842.500	8.243	4.514	1.128	0.000
223	4	255	675.000	841.000	5.657	2.257	2.257	0.000
224	9	255	707.611	840.056	10.485	4.563	2.511	116.565
225	1	255	688.500	839.500	2.828	1.128	1.128	0.000
226	1	255	669.500	838.500	2.828	1.128	1.128	0.000
227	2	255	697.500	838.000	4.828	2.257	1.128	90.000
228	1	255	724.500	837.500	2.828	1.128	1.128	0.000
229	47	255	733.436	832.755	46.770	10.632	5.628	62.131
230	8	255	745.375	836.625	9.071	3.538	2.879	45.000
231	2	255	685.500	836.000	4.828	2.257	1.128	90.000
232	3	255	689.500	836.500	6.243	3.385	1.128	0.000
233	1	255	711.500	836.500	2.828	1.128	1.128	0.000
234	1	255	671.500	835.500	2.828	1.128	1.128	0.000
235	1	255	701.500	835.500	2.828	1.128	1.128	0.000
236	2	255	707.000	835.500	4.243	2.257	1.128	0.000
237	4	255	693.000	834.500	8.243	4.514	1.128	0.000
238	6	255	715.667	833.333	8.485	3.140	2.433	135.000
239	1	255	628.500	833.500	2.828	1.128	1.128	0.000
240	5	255	711.300	832.700	8.485	3.461	1.839	135.000
241	4	255	720.000	833.000	5.657	2.257	2.257	0.000
242	3	255	722.500	832.500	6.828	3.385	1.128	90.000
243	84	255	748.762	826.988	67.497	12.275	8.713	91.223
244	4	255	693.000	832.000	5.657	2.257	2.257	0.000
245	2	255	725.500	832.000	4.828	2.257	1.128	90.000
246	2	255	666.000	831.500	4.243	2.257	1.128	0.000
247	1	255	695.500	831.500	2.828	1.128	1.128	0.000
248	5	255	703.700	830.100	10.485	2.695	2.362	58.283
249	1	255	706.500	831.500	2.828	1.128	1.128	0.000
250	4	255	757.500	830.750	7.071	2.734	1.863	0.000
251	1	255	659.500	830.500	2.828	1.128	1.128	0.000
252	1	255	671.500	830.500	2.828	1.128	1.128	0.000
253	9	255	717.278	828.056	14.485	6.408	1.788	73.947
254	1	255	662.500	828.500	2.828	1.128	1.128	0.000
255	3	255	707.500	827.500	6.828	3.385	1.128	90.000
256	2	255	638.500	827.000	4.828	2.257	1.128	90.000
257	3	255	736.167	826.500	7.657	3.213	1.189	118.155
258	5	255	758.700	827.100	7.657	3.144	2.025	161.565
259	1	255	675.500	825.500	2.828	1.128	1.128	0.000
260	4	255	733.500	824.750	7.071	2.734	1.863	0.000
261	14	255	725.929	823.857	22.728	9.607	1.855	0.948
262	1	255	658.500	823.500	2.828	1.128	1.128	0.000
263	1	255	712.500	823.500	2.828	1.128	1.128	0.000
264	6	255	736.500	822.000	12.728	5.479	1.394	44.204
265	2	255	757.000	823.500	4.243	2.257	1.128	0.000
266	1	255	672.500	822.500	2.828	1.128	1.128	0.000
267	1	255	678.500	822.500	2.828	1.128	1.128	0.000
268	40	255	773.250	813.975	54.770	12.077	4.217	69.479
269	2	255	778.500	821.000	4.828	2.257	1.128	90.000
270	1	255	680.500	820.500	2.828	1.128	1.128	0.000
271	5	255	769.300	819.900	7.071	3.144	2.025	161.565
272	2	255	720.500	819.000	4.828	2.257	1.128	90.000
273	10	255	739.000	818.900	13.071	5.848	2.177	0.000
274	34	255	783.118	815.088	53.456	10.721	4.038	172.311
275	10	255	785.200	818.500	11.899	4.223	3.015	170.924
276	4	255	759.000	817.000	5.657	2.257	2.257	0.000
277	3	255	767.167	817.167	5.657	2.365	1.615	135.000
278	2	255	746.500	816.000	4.828	2.257	1.128	90.000
279	1	255	738.500	815.500	2.828	1.128	1.128	0.000
280	7	255	751.214	815.071	12.485	4.941	1.804	10.048
281	1	255	682.500	814.500	2.828	1.128	1.128	0.000
282	5	255	741.100	813.700	7.657	3.144	2.025	108.435
283	6	255	756.333	813.833	9.071	2.930	2.607	63.435
284	1	255	765.500	814.500	2.828	1.128	1.128	0.000
285	69	255	792.862	806.833	77.740	11.725	7.493	95.112
286	2	255	746.500	812.000	4.828	2.257	1.128	90.000
287	3	255	752.500	811.500	6.828	3.385	1.128	90.000
288	1	255	767.500	811.500	2.828	1.128	1.128	0.000
289	6	255	776.167	810.500	11.899	4.276	1.787	146.310
290	9	255	782.389	809.722	11.899	4.237	2.704	104.036
291	1	255	664.500	810.500	2.828	1.128	1.128	0.000
292	66	255	803.273	802.864	65.598	11.853	7.090	55.333
293	2	255	767.000	808.500	4.243	2.257	1.128	0.000
294	2	255	799.000	808.500	4.243	2.257	1.128	0.000
295	1	255	664.500	807.500	2.828	1.128	1.128	0.000
296	1	255	707.500	807.500	2.828	1.128	1.128	0.000
297	2	255	711.500	807.000	4.828	2.257	1.128	90.000
298	5	255	778.500	807.100	11.071	5.078	1.254	162.857
299	1	255	703.500	806.500	2.828	1.128	1.128	0.000
300	1	255	740.500	806.500	2.828	1.128	1.128	0.000
301	4	255	762.000	806.500	8.243	4.514	1.128	0.000
302	2	255	767.500	806.000	4.828	2.257	1.128	90.000
303	10	255	786.000	804.100	16.728	6.213	2.049	145.356
304	1	255	745.500	805.500	2.828	1.128	1.128	0.000
305	3	255	748.833	804.833	5.657	2.365	1.615	135.000
306	2	255	776.500	805.000	4.828	2.257	1.128	90.000
307	1	255	751.500	804.500	2.828	1.128	1.128	0.000
308	4	255	774.000	804.000	5.657	2.257	2.257	0.000
309	7	255	766.786	801.357	13.314	5.397	1.651	135.842
310	10	255	781.400	802.100	14.728	6.223	2.046	152.946
311	2	255	745.500	802.000	4.828	2.257	1.128	90.000
312	1	255	770.500	802.500	2.828	1.128	1.128	0.000
313	2	255	796.500	802.000	4.828	2.257	1.128	90.000
314	1	255	776.500	801.500	2.828	1.128	1.128	0.000
315	4	255	772.000	800.000	5.657	2.257	2.257	0.000
316	1	255	715.500	799.500	2.828	1.128	1.128	0.000
317	2	255	761.000	799.000	5.657	2.596	0.981	135.000
318	2	255	776.000	799.000	5.657	2.596	0.981	135.000
319	4	255	781.250	798.750	7.657	3.192	1.596	161.565
320	29	255	808.879	795.121	50.770	8.148	4.532	95.083
321	30	255	815.167	794.800	36.042	8.856	4.313	101.049
322	1	255	720.500	798.500	2.828	1.128	1.128	0.000
323	3	255	728.167	797.500	7.657	3.213	1.189	118.155
324	1	255	752.500	798.500	2.828	1.128	1.128	0.000
325	1	255	764.500	798.500	2.828	1.128	1.128	0.000
326	2	255	786.000	798.500	4.243	2.257	1.128	0.000
327	2	255	790.000	798.500	4.243	2.257	1.128	0.000
328	3	255	756.833	797.167	5.657	2.365	1.615	45.000
329	1	255	735.500	796.500	2.828	1.128	1.128	0.000
330	3	255	786.167	795.833	5.657	2.365	1.615	45.000
331	2	255	790.500	796.000	4.828	2.257	1.128	90.000
332	15	255	820.900	794.033	15.314	6.866	2.782	114.658
333	2	255	751.500	794.000	4.828	2.257	1.128	90.000
334	2	255	768.500	794.000	4.828	2.257	1.128	90.000
335	5	255	802.700	794.100	7.657	3.144	2.025	161.565
336	1	255	782.500	792.500	2.828	1.128	1.128	0.000
337	1	255	719.500	791.500	2.828	1.128	1.128	0.000
338	1	255	745.500	791.500	2.828	1.128	1.128	0.000
339	1	255	792.500	791.500	2.828	1.128	1.128	0.000
340	1	255	798.500	791.500	2.828	1.128	1.128	0.000
341	1	255	752.500	790.500	2.828	1.128	1.128	0.000
342	4	255	766.000	790.000	5.657	2.257	2.257	0.000
343	2	255	776.000	790.500	4.243	2.257	1.128	0.000
344	3	255	784.500	790.500	6.243	3.385	1.128	0.000
345	1	255	768.500	789.500	2.828	1.128	1.128	0.000
346	13	255	821.115	788.115	17.556	5.396	3.067	166.865
347	3	255	772.833	787.833	5.657	2.365	1.615	135.000
348	2	255	781.500	787.000	4.828	2.257	1.128	90.000
349	8	255	813.000	785.250	13.314	5.929	1.718	127.982
350	1	255	731.500	786.500	2.828	1.128	1.128	0.000
351	6	255	768.000	785.500	11.071	3.909	1.954	63.435
352	6	255	792.833	785.000	10.485	4.224	1.809	90.000
353	1	255	790.500	785.500	2.828	1.128	1.128	0.000
354	4	255	817.000	785.000	5.657	2.257	2.257	0.000
355	1	255	722.500	784.500	2.828	1.128	1.128	0.000
356	2	255	774.000	784.500	4.243	2.257	1.128	0.000
357	2	255	798.000	784.500	4.243	2.257	1.128	0.000
358	5	255	836.900	783.700	7.657	3.144	2.025	71.565
359	1	255	733.500	783.500	2.828	1.128	1.128	0.000
360	7	255	820.643	782.214	9.071	3.507	2.542	30.473
361	13	255	834.423	780.731	17.314	7.548	2.193	112.562
362	1	255	713.500	782.500	2.828	1.128	1.128	0.000
363	1	255	719.500	782.500	2.828	1.128	1.128	0.000
364	2	255	796.000	782.500	4.243	2.257	1.128	0.000
365	2	255	799.000	782.500	4.243	2.257	1.128	0.000
366	6	255	808.333	781.000	10.485	3.931	1.943	120.964
367	1	255	811.500	782.500	2.828	1.128	1.128	0.000
368	1	255	816.500	782.500	2.828	1.128	1.128	0.000
369	12	255	817.833	778.083	16.728	7.150	2.137	147.494
370	5	255	827.300	779.900	7.071	3.144	2.025	161.565
371	1	255	823.500	779.500	2.828	1.128	1.128	0.000
372	15	255	831.367	776.633	25.556	5.032	3.796	156.075
373	3	255	838.500	778.500	6.828	3.385	1.128	90.000
374	2	255	796.500	778.000	4.828	2.257	1.128	90.000
375	1	255	854.500	776.500	2.828	1.128	1.128	0.000
376	7	255	816.071	774.357	9.899	3.516	2.535	10.901
377	1	255	823.500	775.500	2.828	1.128	1.128	0.000
378	7	255	827.929	774.071	11.899	3.160	2.820	135.000
379	1	255	836.500	775.500	2.828	1.128	1.128	0.000
380	14	255	860.071	773.857	20.728	6.512	2.737	16.619
381	1	255	791.500	774.500	2.828	1.128	1.128	0.000
382	1	255	796.500	774.500	2.828	1.128	1.128	0.000
383	3	255	855.167	773.833	5.657	2.365	1.615	45.000
384	2	255	824.500	773.000	4.828	2.257	1.128	90.000
385	4	255	837.000	773.000	5.657	2.257	2.257	0.000
386	2	255	852.000	773.500	4.243	2.257	1.128	0.000
387	1	255	812.500	772.500	2.828	1.128	1.128	0.000
388	1	255	820.500	772.500	2.828	1.128	1.128	0.000
389	8	255	844.250	771.750	11.899	4.267	2.387	169.722
390	12	255	862.500	768.917	17.314	6.965	2.194	64.184
391	2	255	786.500	771.000	4.828	2.257	1.128	90.000
392	1	255	795.500	771.500	2.828	1.128	1.128	0.000
393	1	255	816.500	771.500	2.828	1.128	1.128	0.000
394	4	255	831.750	770.500	7.657	2.734	1.863	90.000
395	3	255	840.500	770.500	6.828	3.385	1.128	90.000
396	17	255	848.206	766.853	24.971	8.813	2.456	87.937
397	21	255	854.929	766.786	31.456	5.838	4.580	77.248
398	51	255	882.363	761.578	52.870	11.222	5.786	124.671
399	6	255	836.500	769.000	7.657	3.385	2.257	0.000
400	1	255	789.500	768.500	2.828	1.128	1.128	0.000
401	2	255	842.500	768.000	4.828	2.257	1.128	90.000
402	1	255	845.500	768.500	2.828	1.128	1.128	0.000
403	2	255	795.000	767.500	4.243	2.257	1.128	0.000
404	1	255	816.500	767.500	2.828	1.128	1.128	0.000
405	1	255	839.500	767.500	2.828	1.128	1.128	0.000
406	1	255	768.500	766.500	2.828	1.128	1.128	0.000
407	1	255	808.500	766.500	2.828	1.128	1.128	0.000
408	4	255	837.250	765.500	7.657	2.734	1.863	90.000
409	2	255	839.500	765.000	4.828	2.257	1.128	90.000
410	3	255	823.167	763.833	5.657	2.365	1.615	45.000
411	3	255	843.833	763.833	5.657	2.365	1.615	135.000
412	18	255	861.278	762.111	27.556	8.196	2.796	1.709
413	7	255	825.643	761.071	10.485	4.633	1.924	67.500
414	2	255	840.000	762.000	5.657	2.596	0.981	45.000
415	1	255	799.500	761.500	2.828	1.128	1.128	0.000
416	2	255	805.000	761.500	4.243	2.257	1.128	0.000
417	2	255	851.000	761.500	4.243	2.257	1.128	0.000
418	8	255	848.375	759.875	15.071	6.884	1.480	168.690
419	60	255	873.550	754.650	52.284	10.305	7.413	112.354
420	1	255	831.500	759.500	2.828	1.128	1.128	0.000
421	1	255	855.500	759.500	2.828	1.128	1.128	0.000
422	1	255	834.500	758.500	2.828	1.128	1.128	0.000
423	5	255	841.300	758.100	7.071	3.144	2.025	18.435
424	5	255	860.700	758.100	7.657	3.144	2.025	161.565
425	4	255	856.250	756.750	7.657	3.192	1.596	108.435
426	4	255	881.500	757.250	7.071	2.734	1.863	0.000
427	1	255	811.500	756.500	2.828	1.128	1.128	0.000
428	1	255	820.500	756.500	2.828	1.128	1.128	0.000
429	1	255	887.500	756.500	2.828	1.128	1.128	0.000
430	9	255	859.611	754.167	10.485	3.919	2.924	69.699
431	3	255	863.500	754.500	6.828	3.385	1.128	90.000
432	1	255	773.500	754.500	2.828	1.128	1.128	0.000
433	2	255	817.500	753.000	4.828	2.257	1.128	90.000
434	2	255	839.500	753.000	4.828	2.257	1.128	90.000
435	7	255	851.500	751.786	12.485	4.719	1.889	136.363
436	1	255	855.500	753.500	2.828	1.128	1.128	0.000
437	1	255	881.500	753.500	2.828	1.128	1.128	0.000
438	2	255	887.500	753.000	4.828	2.257	1.128	90.000
439	1	255	823.500	751.500	2.828	1.128	1.128	0.000
440	1	255	856.500	751.500	2.828	1.128	1.128	0.000
441	2	255	864.500	751.000	4.828	2.257	1.128	90.000
442	2	255	868.000	751.500	4.243	2.257	1.128	0.000
443	1	255	879.500	751.500	2.828	1.128	1.128	0.000
444	4	255	883.000	751.500	8.243	4.514	1.128	0.000
445	1	255	784.500	750.500	2.828	1.128	1.128	0.000
446	1	255	811.500	750.500	2.828	1.128	1.128	0.000
447	1	255	816.500	750.500	2.828	1.128	1.128	0.000
448	2	255	843.500	750.000	4.828	2.257	1.128	90.000
449	5	255	887.100	749.300	7.657	3.144	2.025	71.565
450	8	255	890.500	749.000	13.899	3.642	2.797	13.283
451	2	255	823.500	749.000	4.828	2.257	1.128	90.000
452	2	255	845.500	749.000	4.828	2.257	1.128	90.000
453	2	255	831.500	748.000	4.828	2.257	1.128	90.000
454	22	255	877.591	746.818	20.142	8.116	3.452	171.486
455	5	255	829.100	745.500	11.657	5.078	1.254	107.143
456	1	255	814.500	746.500	2.828	1.128	1.128	0.000
457	2	255	826.500	746.000	4.828	2.257	1.128	90.000
458	2	255	868.500	746.000	4.828	2.257	1.128	90.000
459	6	255	897.500	745.667	8.485	3.718	2.055	36.870
460	1	255	842.500	745.500	2.828	1.128	1.128	0.000
461	92	255	892.043	738.880	97.539	16.519	7.091	168.475
462	6	255	865.333	743.167	12.485	4.525	1.688	155.436
463	1	255	842.500	743.500	2.828	1.128	1.128	0.000
464	1	255	846.500	743.500	2.828	1.128	1.128	0.000
465	1	255	840.500	742.500	2.828	1.128	1.128	0.000
466	2	255	853.500	742.000	4.828	2.257	1.128	90.000
467	1	255	855.500	741.500	2.828	1.128	1.128	0.000
468	1	255	835.500	740.500	2.828	1.128	1.128	0.000
469	4	255	868.000	740.000	5.657	2.257	2.257	0.000
470	2	255	871.500	740.000	4.828	2.257	1.128	90.000
471	2	255	880.500	737.000	4.828	2.257	1.128	90.000
472	1	255	882.500	737.500	2.828	1.128	1.128	0.000
473	4	255	887.250	736.750	7.657	3.192	1.596	108.435
474	5	255	870.300	735.100	11.071	4.072	1.563	31.717
475	1	255	854.500	735.500	2.828	1.128	1.128	0.000
476	1	255	856.500	735.500	2.828	1.128	1.128	0.000
477	1	255	864.500	735.500	2.828	1.128	1.128	0.000
478	22	255	908.136	733.455	22.971	7.558	3.706	159.763
479	47	255	901.479	730.096	42.284	11.688	5.120	141.042
480	1	255	847.500	732.500	2.828	1.128	1.128	0.000
481	3	255	874.500	732.500	6.243	3.385	1.128	0.000
482	1	255	879.500	732.500	2.828	1.128	1.128	0.000
483	16	255	894.375	729.688	23.314	7.781	2.618	144.736
484	4	255	878.750	729.750	7.657	3.192	1.596	18.435
485	2	255	882.000	729.000	5.657	2.596	0.981	135.000
486	1	255	839.500	727.500	2.828	1.128	1.128	0.000
487	1	255	863.500	727.500	2.828	1.128	1.128	0.000
488	31	255	585.177	724.081	19.899	6.558	6.018	29.055
489	2	255	872.500	726.000	4.828	2.257	1.128	90.000
490	4	255	890.000	725.000	5.657	2.257	2.257	0.000
491	1	255	575.500	724.500	2.828	1.128	1.128	0.000
492	1	255	885.500	724.500	2.828	1.128	1.128	0.000
493	7	255	894.500	723.500	8.485	3.772	2.363	135.000
494	1	255	887.500	723.500	2.828	1.128	1.128	0.000
495	3	255	869.833	721.833	5.657	2.365	1.615	135.000
496	1	255	882.500	721.500	2.828	1.128	1.128	0.000
497	2	255	890.000	721.500	4.243	2.257	1.128	0.000
498	2	255	896.500	720.000	4.828	2.257	1.128	90.000
499	1	255	881.500	718.500	2.828	1.128	1.128	0.000
500	2	255	894.000	718.500	4.243	2.257	1.128	0.000
501	1	255	847.500	716.500	2.828	1.128	1.128	0.000
502	6	255	908.000	715.500	11.314	2.970	2.572	0.000
503	1	255	899.500	714.500	2.828	1.128	1.128	0.000
504	1	255	891.500	713.500	2.828	1.128	1.128	0.000
505	2	255	882.500	711.000	4.828	2.257	1.128	90.000
506	2	255	896.000	711.500	4.243	2.257	1.128	0.000
507	4	255	903.500	711.250	7.071	2.734	1.863	0.000
508	16	255	911.625	708.250	23.556	7.266	2.804	83.946
509	1	255	879.500	710.500	2.828	1.128	1.128	0.000
510	2	255	915.500	710.000	4.828	2.257	1.128	90.000
511	1	255	895.500	708.500	2.828	1.128	1.128	0.000
512	1	255	890.500	707.500	2.828	1.128	1.128	0.000
513	1	255	918.500	707.500	2.828	1.128	1.128	0.000
514	1	255	944.500	707.500	2.828	1.128	1.128	0.000
515	2	255	887.500	706.000	4.828	2.257	1.128	90.000
516	28	255	940.286	702.786	30.627	7.464	4.776	149.249
517	13	255	950.885	703.577	13.899	5.185	3.192	40.975
518	1	255	945.500	704.500	2.828	1.128	1.128	0.000
519	2	255	889.000	703.500	4.243	2.257	1.128	0.000
520	2	255	918.000	703.500	4.243	2.257	1.128	0.000
521	3	255	921.500	702.833	7.071	3.213	1.189	151.845
522	1	255	880.500	702.500	2.828	1.128	1.128	0.000
523	1	255	912.500	702.500	2.828	1.128	1.128	0.000
524	1	255	909.500	701.500	2.828	1.128	1.128	0.000
525	2	255	927.500	701.000	4.828	2.257	1.128	90.000
526	32	255	942.875	695.594	45.456	9.544	4.269	46.753
527	5	255	922.300	699.300	11.899	3.356	1.897	20.994
528	4	255	931.000	699.500	7.657	3.216	1.583	58.283
529	74	255	950.757	692.297	68.669	10.034	9.390	59.739
530	5	255	354.300	697.900	7.071	3.144	2.025	161.565
531	1	255	883.500	698.500	2.828	1.128	1.128	0.000
532	3	255	934.500	697.500	6.828	3.385	1.128	90.000
533	2	255	940.000	698.500	4.243	2.257	1.128	0.000
534	3	255	893.833	697.167	5.657	2.365	1.615	45.000
535	1	255	911.500	697.500	2.828	1.128	1.128	0.000
536	13	255	955.731	695.500	14.142	5.061	3.270	107.190
537	1	255	896.500	695.500	2.828	1.128	1.128	0.000
538	1	255	904.500	695.500	2.828	1.128	1.128	0.000
539	1	255	915.500	695.500	2.828	1.128	1.128	0.000
540	1	255	920.500	695.500	2.828	1.128	1.128	0.000
541	1	255	928.500	695.500	2.828	1.128	1.128	0.000
542	2	255	932.000	695.500	4.243	2.257	1.128	0.000
543	1	255	935.500	694.500	2.828	1.128	1.128	0.000
544	4	255	930.500	692.000	7.071	3.216	1.583	31.717
545	7	255	934.786	690.357	13.314	6.034	1.477	124.538
546	57	255	961.237	685.535	45.698	9.237	7.857	51.031
547	4	255	932.000	688.000	5.657	2.257	2.257	0.000
548	1	255	926.500	687.500	2.828	1.128	1.128	0.000
549	1	255	894.500	686.500	2.828	1.128	1.128	0.000
550	1	255	896.500	686.500	2.828	1.128	1.128	0.000
551	1	255	919.500	686.500	2.828	1.128	1.128	0.000
552	1	255	935.500	686.500	2.828	1.128	1.128	0.000
553	1	255	939.500	686.500	2.828	1.128	1.128	0.000
554	2	255	950.000	686.500	4.243	2.257	1.128	0.000
555	5	255	946.700	685.100	7.657	3.144	2.025	161.565
556	1	255	897.500	683.500	2.828	1.128	1.128	0.000
557	1	255	936.500	683.500	2.828	1.128	1.128	0.000
558	26	255	946.962	679.808	32.042	9.540	3.470	137.636
559	1	255	887.500	681.500	2.828	1.128	1.128	0.000
560	3	255	952.167	680.500	7.657	3.213	1.189	118.155
561	1	255	846.500	679.500	2.828	1.128	1.128	0.000
562	1	255	899.500	679.500	2.828	1.128	1.128	0.000
563	2	255	962.000	679.500	4.243	2.257	1.128	0.000
564	1	255	928.500	678.500	2.828	1.128	1.128	0.000
565	3	255	932.167	678.167	5.657	2.365	1.615	135.000
566	1	255	935.500	678.500	2.828	1.128	1.128	0.000
567	1	255	942.500	678.500	2.828	1.128	1.128	0.000
568	2	255	957.000	678.500	4.243	2.257	1.128	0.000
569	11	255	967.773	676.409	13.899	6.137	2.282	14.164
570	2	255	939.500	675.000	4.828	2.257	1.128	90.000
571	1	255	952.500	675.500	2.828	1.128	1.128	0.000
572	1	255	957.500	675.500	2.828	1.128	1.128	0.000
573	1	255	920.500	674.500	2.828	1.128	1.128	0.000
574	1	255	960.500	674.500	2.828	1.128	1.128	0.000
575	1	255	944.500	672.500	2.828	1.128	1.128	0.000
576	9	255	956.611	670.944	10.485	4.563	2.511	63.435
577	5	255	942.100	670.300	7.657	3.144	2.025	71.565
578	1	255	951.500	671.500	2.828	1.128	1.128	0.000
579	1	255	925.500	670.500	2.828	1.128	1.128	0.000
580	1	255	960.500	670.500	2.828	1.128	1.128	0.000
581	4	255	964.500	669.000	8.828	4.514	1.128	90.000
582	6	255	972.333	669.500	10.485	4.339	1.761	35.249
583	2	255	977.500	669.000	4.828	2.257	1.128	90.000
584	4	255	962.000	667.500	7.657	3.216	1.583	58.283
585	1	255	934.500	667.500	2.828	1.128	1.128	0.000
586	1	255	944.500	667.500	2.828	1.128	1.128	0.000
587	4	255	967.500	665.000	8.828	4.514	1.128	90.000
588	31	255	987.081	663.177	35.698	8.339	4.733	152.892
589	3	255	965.500	664.500	6.828	3.385	1.128	90.000
590	5	255	977.900	664.300	7.657	3.144	2.025	108.435
591	1	255	927.500	664.500	2.828	1.128	1.128	0.000
592	1	255	936.500	664.500	2.828	1.128	1.128	0.000
593	6	255	953.500	663.333	8.485	3.718	2.055	143.130
594	4	255	973.000	664.000	5.657	2.257	2.257	0.000
595	1	255	961.500	663.500	2.828	1.128	1.128	0.000
596	1	255	963.500	663.500	2.828	1.128	1.128	0.000
597	2	255	958.000	662.500	4.243	2.257	1.128	0.000
598	6	255	970.000	661.500	7.657	3.385	2.257	90.000
599	5	255	975.100	660.700	7.657	3.144	2.025	108.435
600	2	255	942.000	660.500	4.243	2.257	1.128	0.000
601	2	255	955.500	660.000	4.828	2.257	1.128	90.000
602	7	255	959.357	658.786	13.314	5.173	1.723	21.384
603	24	255	984.458	656.417	30.627	5.667	5.392	148.437
604	2	255	972.000	657.000	5.657	2.596	0.981	135.000
605	12	255	978.250	655.083	15.314	5.711	2.675	95.169
606	1	255	959.500	655.500	2.828	1.128	1.128	0.000
607	1	255	968.500	655.500	2.828	1.128	1.128	0.000
608	1	255	279.500	654.500	2.828	1.128	1.128	0.000
609	1	255	893.500	654.500	2.828	1.128	1.128	0.000
610	1	255	954.500	654.500	2.828	1.128	1.128	0.000
611	2	255	957.500	654.000	4.828	2.257	1.128	90.000
612	1	255	975.500	654.500	2.828	1.128	1.128	0.000
613	6	255	967.667	652.833	9.071	4.134	1.848	167.067
614	2	255	890.500	652.000	4.828	2.257	1.128	90.000
615	6	255	985.833	651.667	9.899	4.606	1.658	29.233
616	1	255	991.500	651.500	2.828	1.128	1.128	0.000
617	3	255	968.833	648.833	5.657	2.365	1.615	135.000
618	6	255	989.500	649.000	7.657	3.385	2.257	0.000
619	1	255	896.500	647.500	2.828	1.128	1.128	0.000
620	1	255	904.500	647.500	2.828	1.128	1.128	0.000
621	1	255	911.500	647.500	2.828	1.128	1.128	0.000
622	1	255	958.500	647.500	2.828	1.128	1.128	0.000
623	1	255	960.500	647.500	2.828	1.128	1.128	0.000
624	5	255	983.900	645.500	12.485	4.104	1.551	83.598
625	17	255	1003.265	645.559	14.485	5.377	4.025	97.132
626	1	255	976.500	646.500	2.828	1.128	1.128	0.000
627	3	255	988.167	646.167	5.657	2.365	1.615	135.000
628	1	255	973.500	645.500	2.828	1.128	1.128	0.000
629	2	255	979.500	645.000	4.828	2.257	1.128	90.000
630	27	255	1001.685	640.796	34.870	10.791	3.186	155.846
631	6	255	1008.500	642.000	12.828	6.770	1.128	90.000
632	9	255	1011.056	642.278	11.657	5.229	2.191	85.269
633	1	255	976.500	641.500	2.828	1.128	1.128	0.000
634	8	255	982.750	639.750	12.485	4.847	2.102	120.695
635	4	255	992.500	641.000	7.071	3.216	1.583	148.283
636	1	255	942.500	639.500	2.828	1.128	1.128	0.000
637	1	255	968.500	638.500	2.828	1.128	1.128	0.000
638	25	255	989.140	634.900	34.284	7.022	4.533	62.353
639	2	255	993.000	638.500	4.243	2.257	1.128	0.000
640	3	255	1000.833	635.833	5.657	2.365	1.615	135.000
641	41	255	1011.329	632.451	56.184	10.495	4.974	6.751
642	4	255	997.500	633.750	7.071	2.734	1.863	0.000
643	1	255	959.500	633.500	2.828	1.128	1.128	0.000
644	1	255	991.500	631.500	2.828	1.128	1.128	0.000
645	18	255	999.833	628.722	27.799	5.860	3.911	2.222
646	1	255	951.500	630.500	2.828	1.128	1.128	0.000
647	27	255	1009.463	624.204	28.042	7.587	4.531	132.005
648	4	255	1014.000	627.000	5.657	2.257	2.257	0.000
649	2	255	995.000	623.500	4.243	2.257	1.128	0.000
650	1	255	1002.500	622.500	2.828	1.128	1.128	0.000
651	3	255	1005.833	621.167	5.657	2.365	1.615	45.000
652	2	255	1014.000	621.500	4.243	2.257	1.128	0.000
653	2	255	1016.500	620.000	4.828	2.257	1.128	90.000
654	7	255	1002.500	618.214	11.899	4.719	1.889	136.363
655	3	255	1024.833	618.833	5.657	2.365	1.615	135.000
656	1	255	903.500	618.500	2.828	1.128	1.128	0.000
657	2	255	1012.500	618.000	4.828	2.257	1.128	90.000
658	6	255	1028.000	617.500	7.657	3.385	2.257	90.000
659	11	255	1025.409	614.318	14.728	6.100	2.296	142.711
660	2	255	1013.000	615.500	4.243	2.257	1.128	0.000
661	4	255	1016.250	614.750	7.657	3.192	1.596	161.565
662	2	255	1033.000	615.500	4.243	2.257	1.128	0.000
663	2	255	1036.500	614.000	4.828	2.257	1.128	90.000
664	5	255	1030.100	612.700	7.657	3.144	2.025	108.435
665	2	255	999.500	612.000	4.828	2.257	1.128	90.000
666	2	255	1039.000	611.500	4.243	2.257	1.128	0.000
667	2	255	1007.500	610.000	4.828	2.257	1.128	90.000
668	1	255	1015.500	610.500	2.828	1.128	1.128	0.000
669	2	255	1024.500	609.000	4.828	2.257	1.128	90.000
670	15	255	1033.167	608.100	25.556	5.795	3.296	168.730
671	29	255	1044.466	605.362	25.799	8.989	4.108	33.944
672	2	255	1004.000	607.500	4.243	2.257	1.128	0.000
673	5	255	1038.500	606.900	9.071	3.244	1.963	0.000
674	1	255	1021.500	606.500	2.828	1.128	1.128	0.000
675	1	255	1024.500	606.500	2.828	1.128	1.128	0.000
676	2	255	1018.500	605.000	4.828	2.257	1.128	90.000
677	1	255	1000.500	604.500	2.828	1.128	1.128	0.000
678	1	255	1023.500	604.500	2.828	1.128	1.128	0.000
679	2	255	1021.500	603.000	4.828	2.257	1.128	90.000
680	14	255	1049.857	601.857	16.142	4.914	3.627	1.023
681	2	255	1038.000	602.500	4.243	2.257	1.128	0.000
682	71	255	1054.232	596.218	81.983	10.910	8.286	21.914
683	2	255	1018.500	601.000	4.828	2.257	1.128	90.000
684	2	255	1023.500	601.000	4.828	2.257	1.128	90.000
685	1	255	1021.500	599.500	2.828	1.128	1.128	0.000
686	9	255	1032.167	596.500	16.485	3.970	2.886	157.500
687	1	255	1037.500	598.500	2.828	1.128	1.128	0.000
688	4	255	1040.250	598.250	7.071	3.192	1.596	18.435
689	17	255	1067.853	594.971	23.213	6.141	3.525	149.794
690	3	255	1025.500	595.500	6.243	3.385	1.128	0.000
691	18	255	1037.556	592.833	35.799	6.410	3.576	134.606
692	1	255	1056.500	593.500	2.828	1.128	1.128	0.000
693	4	255	1027.000	592.000	5.657	2.257	2.257	0.000
694	5	255	1031.900	591.300	10.485	3.927	1.621	76.717
695	2	255	1048.000	592.000	5.657	2.596	0.981	135.000
696	21	255	1065.452	590.262	25.799	6.741	3.967	11.412
697	4	255	1058.750	590.750	7.657	3.192	1.596	18.435
698	1	255	981.500	590.500	2.828	1.128	1.128	0.000
699	2	255	1043.500	590.000	4.828	2.257	1.128	90.000
700	2	255	1033.500	589.000	4.828	2.257	1.128	90.000
701	153	255	1074.049	582.873	109.196	18.282	10.656	14.401
702	1	255	972.500	588.500	2.828	1.128	1.128	0.000
703	3	255	1037.833	587.833	5.657	2.365	1.615	135.000
704	2	255	1026.500	587.000	4.828	2.257	1.128	90.000
705	12	255	1057.250	586.083	18.971	4.299	3.554	12.757
706	1	255	950.500	586.500	2.828	1.128	1.128	0.000
707	3	255	1018.167	585.167	5.657	2.365	1.615	135.000
708	1	255	1021.500	584.500	2.828	1.128	1.128	0.000
709	5	255	1034.300	583.900	7.071	3.144	2.025	161.565
710	1	255	1048.500	584.500	2.828	1.128	1.128	0.000
711	1	255	1024.500	583.500	2.828	1.128	1.128	0.000
712	1	255	1028.500	583.500	2.828	1.128	1.128	0.000
713	4	255	1039.000	583.250	9.071	3.969	1.283	162.391
714	5	255	1050.500	583.100	11.071	5.078	1.254	17.143
715	1	255	1059.500	583.500	2.828	1.128	1.128	0.000
716	6	255	1046.833	580.000	9.657	3.718	2.055	90.000
717	4	255	1057.500	581.000	7.071	3.216	1.583	31.717
718	9	255	1061.944	579.722	11.657	5.229	2.191	85.269
719	3	255	1034.167	580.167	5.657	2.365	1.615	135.000
720	12	255	1039.750	578.750	15.071	5.648	2.705	107.010
721	2	255	1043.500	580.000	4.828	2.257	1.128	90.000
722	1	255	1050.500	579.500	2.828	1.128	1.128	0.000
723	11	255	1057.409	576.227	13.314	5.674	2.468	141.479
724	1	255	1064.500	577.500	2.828	1.128	1.128	0.000
725	1	255	992.500	576.500	2.828	1.128	1.128	0.000
726	7	255	1047.786	575.643	11.314	3.695	2.412	176.437
727	1	255	1055.500	574.500	2.828	1.128	1.128	0.000
728	2	255	1065.000	574.500	4.243	2.257	1.128	0.000
729	4	255	1071.500	573.000	8.828	4.514	1.128	90.000
730	4	255	1080.000	573.500	7.657	3.216	1.583	58.283
731	3	255	1039.167	571.833	5.657	2.365	1.615	45.000
732	18	255	1070.444	568.278	27.556	5.566	4.118	136.617
733	1	255	1013.500	570.500	2.828	1.128	1.128	0.000
734	7	255	1065.643	568.786	10.485	4.110	2.168	112.500
735	4	255	1049.000	568.750	9.071	3.969	1.283	17.609
736	2	255	984.500	568.000	4.828	2.257	1.128	90.000
737	6	255	1058.000	567.500	7.657	3.385	2.257	90.000
738	1	255	1014.500	567.500	2.828	1.128	1.128	0.000
739	1	255	1053.500	567.500	2.828	1.128	1.128	0.000
740	1	255	975.500	566.500	2.828	1.128	1.128	0.000
741	1	255	990.500	566.500	2.828	1.128	1.128	0.000
742	6	255	1067.167	564.000	9.657	3.718	2.055	90.000
743	2	255	1000.500	564.000	4.828	2.257	1.128	90.000
744	1	255	1033.500	564.500	2.828	1.128	1.128	0.000
745	1	255	1055.500	564.500	2.828	1.128	1.128	0.000
746	9	255	1072.944	562.500	12.485	5.503	2.083	90.000
747	5	255	1058.100	562.700	7.657	3.144	2.025	108.435
748	1	255	1048.500	560.500	2.828	1.128	1.128	0.000
749	5	255	1070.500	559.100	9.071	2.791	2.281	90.000
750	3	255	1077.500	560.500	6.243	3.385	1.128	0.000
751	1	255	1058.500	559.500	2.828	1.128	1.128	0.000
752	1	255	1077.500	558.500	2.828	1.128	1.128	0.000
753	5	255	1064.300	556.300	10.485	4.521	1.408	58.879
754	58	255	1092.448	552.328	56.669	10.271	7.190	122.881
755	1	255	1040.500	556.500	2.828	1.128	1.128	0.000
756	2	255	1074.500	556.000	4.828	2.257	1.128	90.000
757	11	255	1080.773	555.045	12.728	4.923	2.845	146.170
758	1	255	1044.500	555.500	2.828	1.128	1.128	0.000
759	3	255	1056.167	553.500	7.657	3.213	1.189	118.155
760	1	255	1047.500	552.500	2.828	1.128	1.128	0.000
761	3	255	1071.167	551.833	5.657	2.365	1.615	45.000
762	2	255	1084.000	550.500	4.243	2.257	1.128	0.000
763	3	255	1079.167	548.167	5.657	2.365	1.615	135.000
764	1	255	1086.500	548.500	2.828	1.128	1.128	0.000
765	4	255	1089.000	548.000	5.657	2.257	2.257	0.000
766	17	255	1098.794	547.029	16.728	6.413	3.375	177.334
767	2	255	1004.500	546.000	4.828	2.257	1.128	90.000
768	8	255	1083.500	545.000	12.485	4.621	2.204	49.731
769	3	255	1095.167	544.500	7.657	3.213	1.189	118.155
770	2	255	1072.500	543.000	4.828	2.257	1.128	90.000
771	1	255	1091.500	543.500	2.828	1.128	1.128	0.000
772	1	255	1093.500	543.500	2.828	1.128	1.128	0.000
773	1	255	1047.500	542.500	2.828	1.128	1.128	0.000
774	1	255	1063.500	541.500	2.828	1.128	1.128	0.000
775	6	255	1077.000	540.500	7.657	3.385	2.257	90.000
776	5	255	1095.100	539.300	7.657	3.144	2.025	71.565
777	1	255	1059.500	539.500	2.828	1.128	1.128	0.000
778	1	255	1072.500	538.500	2.828	1.128	1.128	0.000
779	2	255	1060.000	536.500	4.243	2.257	1.128	0.000
780	1	255	1056.500	535.500	2.828	1.128	1.128	0.000
781	2	255	1091.000	535.500	4.243	2.257	1.128	0.000
782	1	255	1095.500	535.500	2.828	1.128	1.128	0.000
783	28	255	1103.286	531.679	37.456	6.725	5.301	103.863
784	1	255	1071.500	533.500	2.828	1.128	1.128	0.000
785	4	255	1081.000	533.000	5.657	2.257	2.257	0.000
786	1	255	1095.500	533.500	2.828	1.128	1.128	0.000
787	10	255	1085.400	531.700	11.899	4.639	2.745	20.621
788	2	255	1064.500	531.000	4.828	2.257	1.128	90.000
789	30	255	1118.733	527.967	40.284	7.338	5.205	157.367
790	1	255	1069.500	530.500	2.828	1.128	1.128	0.000
791	1	255	1066.500	528.500	2.828	1.128	1.128	0.000
792	1	255	1080.500	528.500	2.828	1.128	1.128	0.000
793	3	255	1095.167	527.833	5.657	2.365	1.615	45.000
794	11	255	1069.409	526.227	14.142	4.429	3.162	178.212
795	4	255	1097.750	526.750	7.657	3.192	1.596	71.565
796	20	255	1106.150	525.250	22.971	5.850	4.353	52.600
797	2	255	1058.000	526.500	4.243	2.257	1.128	0.000
798	1	255	1080.500	526.500	2.828	1.128	1.128	0.000
799	3	255	1085.167	526.167	5.657	2.365	1.615	135.000
800	2	255	1100.500	526.000	4.828	2.257	1.128	90.000
801	5	255	1094.300	524.900	7.071	3.144	2.025	161.565
802	16	255	1111.688	521.250	19.556	6.245	3.262	150.213
803	1	255	1088.500	522.500	2.828	1.128	1.128	0.000
804	6	255	1102.167	520.833	10.485	4.024	1.899	83.736
805	1	255	1071.500	521.500	2.828	1.128	1.128	0.000
806	1	255	1096.500	521.500	2.828	1.128	1.128	0.000
807	1	255	1099.500	521.500	2.828	1.128	1.128	0.000
808	1	255	1104.500	520.500	2.828	1.128	1.128	0.000
809	1	255	1072.500	518.500	2.828	1.128	1.128	0.000
810	2	255	1080.500	518.000	4.828	2.257	1.128	90.000
811	2	255	1091.000	518.500	4.243	2.257	1.128	0.000
812	1	255	1104.500	518.500	2.828	1.128	1.128	0.000
813	1	255	1108.500	518.500	2.828	1.128	1.128	0.000
814	4	255	1084.000	517.000	5.657	2.257	2.257	0.000
815	15	255	1098.967	516.433	25.556	8.690	2.198	0.565
816	23	255	1114.587	512.717	34.284	8.601	3.405	118.853
817	1	255	1088.500	515.500	2.828	1.128	1.128	0.000
818	4	255	1097.750	513.250	7.657	3.192	1.596	161.565
819	1	255	1075.500	511.500	2.828	1.128	1.128	0.000
820	2	255	1086.000	511.500	4.243	2.257	1.128	0.000
821	4	255	1105.500	511.000	7.071	3.216	1.583	31.717
822	1	255	1072.500	510.500	2.828	1.128	1.128	0.000
823	8	255	1090.625	508.750	12.485	4.348	2.343	91.659
824	1	255	1097.500	510.500	2.828	1.128	1.128	0.000
825	2	255	1102.000	510.000	5.657	2.596	0.981	135.000
826	22	255	1108.864	505.409	25.213	7.861	3.563	130.041
827	1	255	1120.500	508.500	2.828	1.128	1.128	0.000
828	2	255	1101.000	507.500	4.243	2.257	1.128	0.000
829	1	255	1080.500	506.500	2.828	1.128	1.128	0.000
830	1	255	1093.500	505.500	2.828	1.128	1.128	0.000
831	2	255	1096.500	505.000	4.828	2.257	1.128	90.000
832	1	255	1103.500	505.500	2.828	1.128	1.128	0.000
833	1	255	1089.500	503.500	2.828	1.128	1.128	0.000
834	20	255	1103.650	499.600	30.042	13.151	1.936	139.506
835	10	255	1108.800	499.700	16.142	6.880	1.851	144.287
836	1	255	1112.500	499.500	2.828	1.128	1.128	0.000
837	1	255	1080.500	494.500	2.828	1.128	1.128	0.000
838	3	255	1112.500	493.500	6.828	3.385	1.128	90.000
839	6	255	1101.000	493.500	12.243	6.770	1.128	0.000
840	4	255	1116.000	493.000	5.657	2.257	2.257	0.000
841	1	255	1119.500	492.500	2.828	1.128	1.128	0.000
842	2	255	1112.500	490.000	4.828	2.257	1.128	90.000
843	3	255	1115.833	488.833	5.657	2.365	1.615	135.000
844	4	255	1118.750	487.250	9.071	3.589	1.419	45.000
845	1	255	1008.500	487.500	2.828	1.128	1.128	0.000
846	1	255	1056.500	487.500	2.828	1.128	1.128	0.000
847	1	255	1103.500	486.500	2.828	1.128	1.128	0.000
848	3	255	1110.833	486.167	5.657	2.365	1.615	45.000
849	4	255	1107.000	484.500	7.657	3.216	1.583	121.717
850	1	255	1080.500	483.500	2.828	1.128	1.128	0.000
851	2	255	1112.500	483.000	4.828	2.257	1.128	90.000
852	5	255	1110.100	481.300	7.657	3.144	2.025	71.565
853	2	255	1119.000	482.500	4.243	2.257	1.128	0.000
854	76	255	1143.539	477.737	38.385	11.314	8.552	15.318
855	3	255	1112.500	478.500	6.828	3.385	1.128	90.000
856	1	255	1118.500	479.500	2.828	1.128	1.128	0.000
857	11	255	1124.227	478.955	15.899	5.813	2.409	171.386
858	2	255	1100.000	478.500	4.243	2.257	1.128	0.000
859	1	255	1116.500	478.500	2.828	1.128	1.128	0.000
860	12	255	1131.917	475.833	18.142	6.381	2.394	133.844
861	1	255	1133.500	478.500	2.828	1.128	1.128	0.000
862	2	255	1136.500	478.000	4.828	2.257	1.128	90.000
863	1	255	1102.500	477.500	2.828	1.128	1.128	0.000
864	8	255	1153.875	475.500	11.657	4.769	2.136	90.000
865	1	255	1118.500	475.500	2.828	1.128	1.128	0.000
866	1	255	1125.500	475.500	2.828	1.128	1.128	0.000
867	2	255	1113.500	474.000	4.828	2.257	1.128	90.000
868	2	255	1121.000	473.500	4.243	2.257	1.128	0.000
869	36	255	1148.750	471.000	36.284	9.234	4.964	3.385
870	2	255	1101.500	472.000	4.828	2.257	1.128	90.000
871	1	255	1098.500	471.500	2.828	1.128	1.128	0.000
872	1	255	1135.500	471.500	2.828	1.128	1.128	0.000
873	2	255	1138.000	471.500	4.243	2.257	1.128	0.000
874	1	255	1141.500	471.500	2.828	1.128	1.128	0.000
875	5	255	1127.500	470.100	11.071	5.078	1.254	162.857
876	1	255	1112.500	469.500	2.828	1.128	1.128	0.000
877	2	255	1156.500	469.000	4.828	2.257	1.128	90.000
878	1	255	1144.500	467.500	2.828	1.128	1.128	0.000
879	135	255	1153.426	459.900	78.912	14.707	11.688	121.891
880	4	255	1130.000	465.750	9.071	3.969	1.283	17.609
881	1	255	1119.500	464.500	2.828	1.128	1.128	0.000
882	1	255	1090.500	463.500	2.828	1.128	1.128	0.000
883	6	255	1135.500	462.667	8.485	3.718	2.055	143.130
884	6	255	1142.167	462.167	11.899	4.258	1.794	128.953
885	1	255	1103.500	459.500	2.828	1.128	1.128	0.000
886	1	255	1139.500	458.500	2.828	1.128	1.128	0.000
887	2	255	1142.500	458.000	4.828	2.257	1.128	90.000
888	5	255	1147.700	451.900	7.657	3.144	2.025	18.435
889	1	255	1140.500	451.500	2.828	1.128	1.128	0.000
890	1	255	1143.500	449.500	2.828	1.128	1.128	0.000
891	7	255	1154.214	448.929	9.657	4.154	2.146	8.350
892	2	255	1140.000	447.500	4.243	2.257	1.128	0.000
893	1	255	1147.500	447.500	2.828	1.128	1.128	0.000
894	5	255	1141.900	444.700	7.657	3.144	2.025	71.565
895	6	255	1145.667	445.167	9.071	4.134	1.848	12.933
896	1	255	1132.500	444.500	2.828	1.128	1.128	0.000
897	2	255	1135.500	444.000	4.828	2.257	1.128	90.000
898	1	255	1151.500	443.500	2.828	1.128	1.128	0.000
899	1	255	1138.500	441.500	2.828	1.128	1.128	0.000
900	2	255	1129.000	440.500	4.243	2.257	1.128	0.000
901	1	255	1141.500	439.500	2.828	1.128	1.128	0.000
902	5	255	1144.300	438.100	7.071	3.144	2.025	18.435
903	2	255	1150.000	438.500	4.243	2.257	1.128	0.000
904	4	255	1154.000	437.500	8.243	4.514	1.128	0.000
905	4	255	1147.000	435.000	5.657	2.257	2.257	0.000
906	4	255	1167.500	434.500	8.485	2.838	1.795	45.000
907	13	255	1153.423	432.346	22.142	4.409	3.754	164.608
908	1	255	1143.500	432.500	2.828	1.128	1.128	0.000
909	4	255	1159.250	431.250	7.657	3.192	1.596	71.565
910	31	255	1164.790	429.081	31.698	6.516	6.058	118.814
911	2	255	1119.500	431.000	4.828	2.257	1.128	90.000
912	8	255	1149.500	429.000	10.485	3.489	2.919	90.000
913	4	255	1156.000	427.500	7.657	3.216	1.583	121.717
914	1	255	1143.500	423.500	2.828	1.128	1.128	0.000
915	1	255	1162.500	423.500	2.828	1.128	1.128	0.000
916	69	255	1174.007	419.572	45.456	10.731	8.187	1.887
917	2	255	1152.000	422.000	5.657	2.596	0.981	45.000
918	2	255	1163.000	419.500	4.243	2.257	1.128	0.000
919	6	255	1153.667	415.333	11.899	5.232	1.460	154.805
920	2	255	1149.000	415.500	4.243	2.257	1.128	0.000
921	2	255	1167.000	415.500	4.243	2.257	1.128	0.000
922	2	255	1135.500	414.000	4.828	2.257	1.128	90.000
923	1	255	1159.500	414.500	2.828	1.128	1.128	0.000
924	2	255	1162.000	413.500	4.243	2.257	1.128	0.000
925	16	255	1177.812	411.750	18.728	4.746	4.292	149.221
926	5	255	1157.300	411.100	7.071	3.144	2.025	18.435
927	3	255	1166.500	411.500	6.243	3.385	1.128	0.000
928	5	255	1163.700	408.900	9.657	3.732	1.706	95.152
929	9	255	1168.167	408.056	11.314	5.150	2.225	49.731
930	1	255	1146.500	407.500	2.828	1.128	1.128	0.000
931	1	255	1151.500	407.500	2.828	1.128	1.128	0.000
932	1	255	1173.500	407.500	2.828	1.128	1.128	0.000
933	1	255	95.500	405.500	2.828	1.128	1.128	0.000
934	7	255	1166.500	403.500	8.485	3.772	2.363	135.000
935	1	255	1127.500	402.500	2.828	1.128	1.128	0.000
936	2	255	1175.500	401.000	4.828	2.257	1.128	90.000
937	1	255	1155.500	400.500	2.828	1.128	1.128	0.000
938	6	255	1161.333	398.500	9.899	4.339	1.761	144.751
939	2	255	1168.000	399.000	5.657	2.596	0.981	135.000
940	4	255	96.250	397.500	7.657	2.734	1.863	90.000
941	1	255	1143.500	398.500	2.828	1.128	1.128	0.000
942	2	255	1150.000	397.500	4.243	2.257	1.128	0.000
943	3	255	1166.167	396.167	5.657	2.365	1.615	135.000
944	5	255	1173.300	395.900	7.071	3.144	2.025	161.565
945	27	255	1176.574	392.833	38.870	7.343	4.681	12.143
946	2	255	1168.500	393.000	4.828	2.257	1.128	90.000
947	1	255	1131.500	391.500	2.828	1.128	1.128	0.000
948	1	255	1160.500	391.500	2.828	1.128	1.128	0.000
949	1	255	1186.500	391.500	2.828	1.128	1.128	0.000
950	1	255	1136.500	390.500	2.828	1.128	1.128	0.000
951	1	255	1168.500	390.500	2.828	1.128	1.128	0.000
952	3	255	1170.833	390.167	5.657	2.365	1.615	45.000
953	10	255	1182.300	385.300	14.485	4.444	2.865	167.179
954	3	255	1174.500	384.500	6.828	3.385	1.128	90.000
955	1	255	1169.500	384.500	2.828	1.128	1.128	0.000
956	4	255	1176.000	381.500	7.657	3.216	1.583	58.283
957	2	255	1180.000	382.500	4.243	2.257	1.128	0.000
958	35	255	1180.586	378.643	23.556	9.639	4.623	25.297
959	6	255	1159.000	375.833	9.071	3.718	2.055	0.000
960	5	255	1188.300	375.300	9.899	2.603	2.446	134.999
961	1	255	1183.500	375.500	2.828	1.128	1.128	0.000
962	1	255	1168.500	374.500	2.828	1.128	1.128	0.000
963	1	255	1179.500	374.500	2.828	1.128	1.128	0.000
964	1	255	1186.500	371.500	2.828	1.128	1.128	0.000
965	11	255	1194.227	364.682	17.314	5.131	2.730	116.233
966	1	255	1168.500	366.500	2.828	1.128	1.128	0.000
967	1	255	1183.500	366.500	2.828	1.128	1.128	0.000
968	3	255	1176.500	364.500	6.828	3.385	1.128	90.000
969	1	255	1143.500	362.500	2.828	1.128	1.128	0.000
970	3	255	1188.167	361.833	5.657	2.365	1.615	45.000
971	3	255	1168.500	360.500	6.828	3.385	1.128	90.000
972	5	255	1193.500	359.500	8.485	3.732	1.706	31.717
973	1	255	1183.500	359.500	2.828	1.128	1.128	0.000
974	2	255	1187.000	358.500	4.243	2.257	1.128	0.000
975	1	255	1183.500	357.500	2.828	1.128	1.128	0.000
976	2	255	1187.500	356.000	4.828	2.257	1.128	90.000
977	6	255	1190.333	354.667	11.657	4.790	1.595	94.731
978	11	255	1222.591	355.136	11.071	4.384	3.195	105.071
979	2	255	1177.500	355.000	4.828	2.257	1.128	90.000
980	1	255	1192.500	355.500	2.828	1.128	1.128	0.000
981	6	255	1200.167	354.667	10.485	3.414	2.238	23.424
982	9	255	1218.500	353.500	9.657	3.385	3.385	0.000
983	2	255	1183.500	353.000	4.828	2.257	1.128	90.000
984	2	255	1179.500	352.000	4.828	2.257	1.128	90.000
985	6	255	1197.500	351.000	11.071	5.025	1.520	17.609
986	3	255	1202.500	351.500	6.243	3.385	1.128	0.000
987	10	255	1207.400	349.600	12.485	4.480	2.842	82.312
988	19	255	1213.500	348.342	20.728	8.403	2.879	100.726
989	2	255	1191.500	350.000	4.828	2.257	1.128	90.000
990	10	255	1217.500	348.700	12.485	5.306	2.399	64.330
991	23	255	1222.804	345.543	28.971	11.629	2.518	94.617
992	4	255	1183.000	349.000	5.657	2.257	2.257	0.000
993	3	255	1198.500	348.167	7.071	3.213	1.189	28.155
994	6	255	1200.333	345.500	10.485	4.339	1.761	35.249
995	20	255	1217.850	343.500	24.385	7.389	3.446	44.151
996	1	255	1176.500	345.500	2.828	1.128	1.128	0.000
997	4	255	1193.000	345.000	5.657	2.257	2.257	0.000
998	1	255	1154.500	343.500	2.828	1.128	1.128	0.000
999	3	255	1205.167	343.167	5.657	2.365	1.615	135.000
1000	2	255	1191.000	342.500	4.243	2.257	1.128	0.000
1001	2	255	1199.500	341.000	4.828	2.257	1.128	90.000
1002	1	255	1181.500	339.500	2.828	1.128	1.128	0.000
1003	3	255	1210.833	338.167	5.657	2.365	1.615	45.000
1004	2	255	1215.500	338.000	4.828	2.257	1.128	90.000
1005	14	255	1221.929	336.857	14.728	5.704	3.125	142.790
1006	1	255	1160.500	337.500	2.828	1.128	1.128	0.000
1007	5	255	1195.900	336.300	7.657	3.144	2.025	108.435
1008	1	255	1183.500	335.500	2.828	1.128	1.128	0.000
1009	1	255	1199.500	335.500	2.828	1.128	1.128	0.000
1010	2	255	1191.000	333.500	4.243	2.257	1.128	0.000
1011	5	255	1202.700	332.100	7.657	3.144	2.025	161.565
1012	4	255	1222.750	331.750	7.657	3.192	1.596	18.435
1013	1	255	1215.500	331.500	2.828	1.128	1.128	0.000
1014	2	255	1191.500	330.000	4.828	2.257	1.128	90.000
1015	4	255	1222.000	328.500	8.243	4.514	1.128	0.000
1016	1	255	1191.500	327.500	2.828	1.128	1.128	0.000
1017	5	255	1208.500	326.700	8.485	3.086	2.063	55.901
1018	4	255	1211.750	325.250	7.657	3.192	1.596	108.435
1019	2	255	1184.500	325.000	4.828	2.257	1.128	90.000
1020	6	255	1216.500	323.667	8.485	3.718	2.055	36.870
1021	1	255	1184.500	321.500	2.828	1.128	1.128	0.000
1022	2	255	1191.500	321.000	4.828	2.257	1.128	90.000
1023	1	255	1208.500	321.500	2.828	1.128	1.128	0.000
1024	14	255	1221.643	320.286	18.485	5.996	2.973	171.696
1025	9	255	1212.389	319.278	15.314	4.727	2.424	9.958
1026	1	255	1176.500	319.500	2.828	1.128	1.128	0.000
1027	1	255	1200.500	319.500	2.828	1.128	1.128	0.000
1028	2	255	1205.000	319.500	4.243	2.257	1.128	0.000
1029	1	255	1192.500	318.500	2.828	1.128	1.128	0.000
1030	3	255	1207.500	317.500	6.828	3.385	1.128	90.000
1031	1	255	1218.500	318.500	2.828	1.128	1.128	0.000
1032	5	255	1220.100	315.700	7.657	3.144	2.025	108.435
1033	4	255	1212.000	315.000	5.657	2.257	2.257	0.000
1034	1	255	1216.500	314.500	2.828	1.128	1.128	0.000
1035	6	255	1223.167	312.667	9.657	4.134	1.848	77.067
1036	1	255	1207.500	313.500	2.828	1.128	1.128	0.000
1037	2	255	1218.000	311.500	4.243	2.257	1.128	0.000
1038	1	255	1206.500	310.500	2.828	1.128	1.128	0.000
1039	2	255	1214.000	310.500	4.243	2.257	1.128	0.000
1040	12	255	1222.333	307.583	19.899	6.637	2.302	118.376
1041	5	255	1222.700	301.100	7.657	3.144	2.025	161.565
1042	1	255	1072.500	299.500	2.828	1.128	1.128	0.000
1043	6	255	1222.167	294.667	11.657	4.986	1.532	104.655
1044	2	255	1201.000	294.000	5.657	2.596	0.981	45.000
1045	1	255	1223.500	286.500	2.828	1.128	1.128	0.000
1046	1	255	1183.500	278.500	2.828	1.128	1.128	0.000
1047	17	255	124.618	268.676	14.142	5.392	4.014	149.930
1048	2	255	1047.500	242.000	4.828	2.257	1.128	90.000
1049	30	255	546.400	43.100	21.556	8.127	4.700	82.831
1050	1	255	1216.500	44.500	2.828	1.128	1.128	0.000
1051	10	255	928.200	18.400	11.899	4.945	2.575	142.125
