 	Area	Mean	XM	YM	Perim.	Major	Minor	Angle
1	6	255	450.000	902.500	12.243	6.770	1.128	0.000
2	75	255	1073.113	895.340	31.799	11.174	8.546	41.770
3	87	255	773.282	879.523	34.042	11.751	9.426	54.565
4	73	255	228.842	878.705	32.385	11.337	8.199	73.929
5	76	255	478.842	879.013	31.213	11.606	8.338	137.205
6	33	255	805.318	872.803	21.556	7.314	5.745	175.880
7	76	255	161.500	857.934	30.971	10.462	9.249	90.000
8	80	255	1128.537	855.750	33.213	10.831	9.404	65.508
9	60	255	255.183	840.817	28.971	10.108	7.557	131.683
10	61	255	43.057	830.352	34.627	9.284	8.366	98.342
11	79	255	579.310	821.335	31.799	11.515	8.735	169.964
12	57	255	480.921	816.851	36.042	10.426	6.961	147.823
13	4	255	486.000	818.000	5.657	2.257	2.257	0.000
14	91	255	394.137	811.313	33.799	12.466	9.295	5.359
15	46	255	90.565	791.261	24.142	7.927	7.389	83.507
16	63	255	21.262	763.310	28.627	10.945	7.329	138.885
17	70	255	821.000	752.786	30.142	10.617	8.395	83.530
18	56	255	3.804	748.982	26.728	9.060	7.870	37.039
19	85	255	506.629	739.429	33.213	11.616	9.317	177.955
20	64	255	21.828	737.281	29.213	9.840	8.281	124.075
21	62	255	225.887	733.968	28.385	10.274	7.684	66.965
22	75	255	473.967	732.927	31.799	11.649	8.198	96.716
23	70	255	760.529	730.871	29.799	10.709	8.322	120.996
24	31	255	660.274	729.855	21.556	7.403	5.332	112.265
25	56	255	8.107	725.839	27.556	8.892	8.019	27.169
26	9	255	0.833	719.833	13.657	5.643	2.031	93.170
27	68	255	158.853	704.676	29.799	10.735	8.065	142.983
28	311	255	28.902	695.921	71.012	21.197	18.681	164.608
29	70	255	922.057	693.586	30.385	10.216	8.724	1.210
30	265	255	6.798	686.723	66.042	21.586	15.631	82.689
31	82	255	302.988	692.646	32.627	11.606	8.996	3.946
32	47	255	535.202	678.670	25.799	8.536	7.011	79.084
33	137	255	11.223	666.792	44.770	13.462	12.957	46.661
34	84	255	26.238	656.952	32.627	10.783	9.919	67.216
35	62	255	52.323	658.613	28.385	10.157	7.772	126.861
36	78	255	60.846	649.628	32.042	12.004	8.274	49.069
37	31	255	759.145	651.113	20.142	6.707	5.885	96.284
38	19	255	1.289	650.184	18.485	7.730	3.129	89.350
39	87	255	46.776	645.948	34.042	12.445	8.901	149.335
40	70	255	25.914	644.571	29.799	10.420	8.553	31.650
41	131	255	4.668	635.202	44.385	17.047	9.784	98.903
42	76	255	39.053	636.158	31.556	11.483	8.427	81.403
43	59	255	59.517	637.263	27.213	8.856	8.482	142.502
44	79	255	377.297	637.589	31.799	11.195	8.985	5.549
45	93	255	229.253	635.532	34.971	12.450	9.511	2.378
46	66	255	29.621	634.636	30.385	10.211	8.230	28.862
47	69	255	15.167	632.935	30.627	10.667	8.236	127.001
48	38	255	80.763	630.289	22.142	7.572	6.390	145.859
49	90	255	118.256	628.567	35.456	12.618	9.082	43.100
50	52	255	25.269	627.019	26.385	9.072	7.298	151.500
51	83	255	61.633	625.620	32.971	11.253	9.391	94.653
52	94	255	50.670	623.787	35.456	12.497	9.577	122.225
53	6	255	0.500	625.000	12.828	6.770	1.128	90.000
54	81	255	35.574	621.265	31.799	11.238	9.177	5.735
55	86	255	9.581	617.721	33.556	11.781	9.295	7.602
56	66	255	835.606	614.773	28.627	9.423	8.917	128.426
57	48	255	20.167	612.750	37.456	9.380	6.516	72.263
58	69	255	45.225	612.225	30.728	10.717	8.198	96.947
59	44	255	30.477	608.864	24.385	8.248	6.792	37.270
60	92	255	7.946	606.685	34.627	12.497	9.373	162.720
61	68	255	1165.324	604.956	30.385	11.069	7.822	57.849
62	62	255	56.194	602.339	28.728	9.956	7.929	67.407
63	82	255	41.902	600.707	31.799	10.585	9.864	158.710
64	75	255	23.140	599.940	31.213	11.614	8.222	130.756
65	119	255	7.004	595.702	53.113	16.059	9.435	154.047
66	86	255	36.616	590.953	33.213	11.209	9.769	161.017
67	90	255	48.467	588.578	34.385	12.373	9.261	106.007
68	54	255	976.241	590.278	30.627	9.726	7.069	121.436
69	57	255	17.675	586.991	37.456	9.278	7.822	161.151
70	2	255	982.000	590.500	4.243	2.257	1.128	0.000
71	57	255	8.044	580.728	33.456	9.800	7.406	5.218
72	45	255	35.344	576.256	24.971	9.517	6.021	129.466
73	75	255	27.953	572.047	31.213	10.115	9.441	117.437
74	58	255	15.690	567.759	28.971	10.364	7.126	136.054
75	37	255	7.122	566.743	22.385	7.399	6.367	168.766
76	27	255	11.352	560.500	20.728	7.559	4.548	154.265
77	5	255	0.500	553.500	10.828	5.642	1.128	90.000
78	61	255	36.074	550.320	28.142	10.336	7.514	1.552
79	65	255	13.685	547.685	30.142	11.560	7.159	2.652
80	63	255	29.500	540.627	29.213	10.050	7.982	112.102
81	99	255	39.571	540.904	38.042	13.479	9.352	144.101
82	69	255	56.399	539.225	31.556	11.059	7.944	95.479
83	69	255	169.993	540.558	30.385	10.555	8.323	11.111
84	70	255	238.629	537.343	30.385	10.394	8.575	50.520
85	98	255	17.378	535.378	36.042	12.229	10.204	132.356
86	21	255	1202.405	537.214	16.728	5.881	4.546	111.118
87	189	255	5.802	526.019	56.284	17.523	13.733	74.012
88	62	255	62.726	523.581	28.627	9.734	8.110	161.749
89	54	255	33.000	521.370	26.971	9.858	6.974	18.564
90	57	255	53.289	518.289	28.385	9.921	7.315	61.656
91	132	255	36.174	513.492	46.284	17.558	9.572	15.917
92	59	255	261.449	507.839	36.042	9.463	7.939	131.847
93	85	255	5.900	506.041	33.456	11.939	9.065	150.875
94	100	255	566.550	503.040	35.456	12.441	10.234	54.036
95	58	255	112.552	501.672	26.971	9.551	7.732	164.117
96	58	255	45.052	501.172	28.385	10.666	6.924	26.956
97	286	255	8.766	485.017	70.527	20.272	17.963	90.314
98	86	255	54.372	490.442	33.556	11.675	9.379	86.862
99	86	255	428.674	477.314	34.385	11.991	9.132	98.519
100	46	255	1122.739	475.957	28.627	8.460	6.923	98.185
101	96	255	564.844	470.885	35.213	12.058	10.137	73.231
102	162	255	790.488	466.148	57.012	15.727	13.115	93.604
103	16	255	954.688	471.250	14.728	5.263	3.871	50.374
104	41	255	335.207	468.890	24.971	8.332	6.266	13.283
105	24	255	492.458	469.125	29.799	7.103	4.302	160.571
106	103	255	1020.675	462.859	36.870	12.840	10.214	128.326
107	99	255	4.914	461.005	38.627	14.424	8.739	73.807
108	53	255	14.953	462.142	25.556	8.638	7.812	129.285
109	61	255	754.861	454.959	28.385	10.642	7.298	23.100
110	64	255	37.578	453.172	30.385	10.671	7.636	67.164
111	65	255	4.069	448.654	30.385	9.939	8.327	131.124
112	87	255	86.649	440.282	33.799	11.090	9.988	6.719
113	82	255	592.598	436.829	32.971	11.318	9.225	11.361
114	222	255	15.536	429.410	64.426	18.040	15.668	133.666
115	51	255	54.873	432.578	26.971	9.522	6.820	62.569
116	67	255	72.067	427.754	29.799	11.314	7.540	163.042
117	88	255	581.216	425.818	34.385	12.323	9.093	77.956
118	63	255	631.516	423.579	28.385	9.435	8.502	50.004
119	62	255	606.500	423.371	30.385	10.732	7.356	18.409
120	156	255	90.641	404.763	57.012	14.756	13.460	57.213
121	77	255	436.370	406.474	31.213	10.928	8.972	70.896
122	31	255	1.952	406.887	21.071	8.859	4.455	92.631
123	145	255	8.914	403.293	48.527	16.565	11.145	64.130
124	102	255	173.000	399.539	36.627	12.985	10.001	36.174
125	96	255	700.594	400.062	34.971	12.392	9.864	151.691
126	48	255	226.958	398.646	25.213	8.516	7.177	152.948
127	61	255	1076.516	392.369	27.213	9.543	8.139	143.496
128	61	255	31.615	391.795	28.385	10.195	7.618	167.092
129	85	255	431.100	389.453	33.213	11.987	9.029	50.121
130	77	255	121.968	388.812	31.799	11.538	8.497	133.325
131	81	255	146.340	387.401	33.456	12.469	8.271	40.134
132	64	255	441.641	379.141	29.799	9.542	8.540	113.194
133	129	255	410.810	370.717	57.355	17.451	9.412	177.764
134	42	255	2.476	370.214	24.142	9.066	5.899	95.793
135	85	255	155.688	367.441	32.971	11.477	9.430	13.142
136	90	255	775.311	361.011	34.042	11.864	9.659	40.192
137	244	255	114.848	356.480	63.355	18.458	16.832	24.567
138	66	255	386.682	360.833	28.971	10.399	8.081	169.227
139	68	255	408.441	360.471	28.971	9.433	9.179	116.565
140	71	255	507.866	359.697	31.213	10.695	8.452	2.624
141	89	255	429.579	357.073	36.042	12.923	8.769	119.647
142	64	255	65.062	355.125	28.385	10.138	8.038	102.847
143	84	255	372.476	349.440	32.385	11.453	9.338	98.516
144	94	255	385.745	337.011	35.213	12.181	9.825	172.529
145	69	255	913.717	335.471	34.627	11.735	7.487	42.868
146	98	255	921.051	331.867	42.870	16.743	7.453	64.179
147	72	255	58.236	334.389	30.385	10.571	8.672	142.823
148	10	255	104.300	335.000	10.485	4.111	3.097	90.000
149	8	255	0.875	329.500	11.657	4.769	2.136	90.000
150	63	255	372.373	325.929	28.728	10.683	7.509	92.374
151	72	255	399.111	322.736	31.213	11.159	8.215	178.169
152	85	255	85.700	319.924	34.042	11.275	9.598	103.936
153	71	255	420.838	320.317	32.385	10.284	8.791	68.427
154	86	255	51.570	312.593	33.213	10.998	9.957	177.317
155	72	255	268.167	311.472	49.355	9.672	9.478	21.206
156	71	255	247.430	305.134	30.385	11.298	8.001	178.633
157	106	255	333.283	284.821	37.799	12.102	11.152	107.036
158	75	255	14.833	281.567	31.213	11.084	8.615	70.066
159	60	255	709.683	279.533	28.142	9.792	7.801	77.513
160	77	255	223.617	275.981	31.456	11.344	8.642	152.112
161	10	255	295.000	273.700	10.485	4.111	3.097	2.596E-14
162	60	255	906.400	270.233	27.799	9.447	8.086	145.194
163	92	255	1114.478	259.554	34.627	11.088	10.564	81.074
164	94	255	502.596	247.798	34.627	12.013	9.963	40.652
165	24	255	1164.375	246.167	16.728	6.111	5.001	70.395
166	81	255	687.969	231.685	32.627	10.350	9.964	145.062
167	65	255	8.038	230.669	28.627	10.167	8.140	146.638
168	48	255	23.729	224.042	30.627	8.217	7.437	38.971
169	74	255	1024.689	221.919	31.456	11.034	8.539	139.164
170	100	255	26.330	208.610	36.385	13.359	9.531	1.748
171	47	255	4.117	202.415	39.698	16.082	3.721	128.004
172	105	255	461.662	202.738	42.042	15.992	8.360	103.651
173	79	255	104.070	202.728	32.627	11.634	8.646	41.645
174	67	255	472.858	203.410	29.556	10.131	8.421	86.114
175	84	255	116.619	190.738	33.799	12.060	8.868	90.704
176	59	255	196.415	192.941	27.556	8.956	8.388	162.143
177	274	255	19.825	174.872	94.225	27.610	12.636	136.729
178	52	255	3.308	184.365	32.627	12.896	5.134	116.301
179	168	255	157.994	182.238	51.355	17.252	12.398	58.056
180	76	255	995.566	183.684	31.799	11.202	8.639	59.187
181	45	255	45.367	182.744	31.799	9.057	6.326	17.349
182	68	255	233.882	180.941	29.556	10.848	7.981	158.054
183	52	255	42.212	174.942	30.385	8.243	8.032	35.578
184	68	255	94.309	172.368	30.385	10.358	8.359	139.754
185	71	255	410.345	166.106	30.385	11.228	8.051	9.931
186	277	255	35.338	150.940	81.355	34.433	10.243	110.226
187	91	255	171.170	157.478	34.627	11.874	9.758	121.990
188	72	255	7.458	152.222	31.213	10.084	9.091	7.408
189	70	255	561.686	150.200	30.971	11.026	8.083	16.136
190	91	255	23.390	147.357	34.042	10.947	10.585	85.414
191	62	255	278.210	145.016	28.971	10.684	7.389	20.543
192	53	255	621.538	145.406	25.556	9.427	7.158	164.909
193	67	255	180.037	142.679	29.799	10.675	7.992	106.706
194	81	255	297.932	142.340	33.213	10.967	9.404	121.772
195	62	255	736.903	134.968	41.698	9.579	8.241	109.764
196	1	255	35.500	133.500	2.828	1.128	1.128	0.000
197	114	255	39.421	127.307	40.042	13.829	10.496	57.292
198	55	255	756.373	127.518	26.971	9.625	7.276	70.225
199	106	255	9.189	122.009	37.456	12.997	10.384	40.202
200	51	255	777.618	120.363	25.799	8.459	7.676	3.897
201	89	255	274.500	116.253	33.799	11.946	9.486	35.224
202	39	255	79.756	115.731	22.971	7.711	6.440	16.695
203	78	255	720.192	114.038	31.799	11.757	8.447	132.322
204	75	255	837.940	114.473	30.385	10.409	9.174	164.707
205	60	255	511.717	113.467	27.799	10.322	7.401	47.576
206	61	255	72.500	109.533	34.870	9.276	8.373	13.662
207	37	255	827.095	110.419	22.385	7.951	5.925	49.969
208	64	255	804.953	107.812	28.385	10.162	8.019	179.253
209	58	255	643.603	106.552	27.213	9.360	7.890	139.459
210	91	255	835.302	104.049	36.870	12.047	9.618	116.347
211	28	255	79.286	105.286	24.142	7.700	4.630	58.969
212	79	255	127.070	104.361	30.971	10.727	9.377	163.588
213	86	255	11.430	102.756	33.799	12.036	9.097	35.392
214	60	255	275.683	98.650	27.799	10.120	7.549	164.560
215	70	255	399.557	97.229	30.385	10.915	8.166	55.077
216	3	255	560.833	99.833	5.657	2.365	1.615	135.000
217	28	255	1216.536	98.214	19.799	6.941	5.137	152.410
218	42	255	2.238	93.667	25.314	10.020	5.337	95.486
219	75	255	862.367	89.673	31.213	11.459	8.333	65.192
220	70	255	691.971	84.614	30.385	10.584	8.421	142.701
221	64	255	363.938	83.297	29.213	10.175	8.009	30.167
222	51	255	37.108	71.088	26.142	8.939	7.264	133.642
223	51	255	551.559	69.618	30.042	8.552	7.593	178.553
224	131	255	957.607	65.011	45.456	14.969	11.143	80.078
225	27	255	836.093	60.241	20.728	7.049	4.877	13.614
226	68	255	211.647	57.103	30.142	10.226	8.466	179.585
227	47	255	410.287	56.947	27.799	8.179	7.317	140.426
228	89	255	925.882	52.140	34.042	11.792	9.609	116.191
229	66	255	162.091	52.061	30.385	11.313	7.428	172.469
230	53	255	761.858	49.179	25.556	8.437	7.998	148.004
231	104	255	180.885	46.558	37.213	12.918	10.250	146.236
232	46	255	907.435	45.152	34.627	8.612	6.801	71.986
233	78	255	165.359	42.859	32.385	11.281	8.804	97.298
234	91	255	215.445	41.027	33.799	11.459	10.111	153.022
235	112	255	302.902	39.116	38.385	13.482	10.577	82.244
236	88	255	361.875	36.614	33.799	11.011	10.175	92.183
237	92	255	357.783	25.228	35.213	11.897	9.846	8.033
238	116	255	157.612	21.828	38.870	13.321	11.087	25.423
239	16	255	485.812	21.188	14.485	5.303	3.841	99.599
240	78	255	510.064	17.103	31.799	10.188	9.748	147.682
241	57	255	216.167	3.693	27.799	9.474	7.660	118.344
242	64	255	838.109	1.984	40.042	12.632	6.451	170.348
243	41	255	576.378	1.841	28.385	8.718	5.988	4.299
244	39	255	207.423	1.141	24.728	9.644	5.149	4.278
245	16	255	500.500	-0.062	19.071	9.158	2.224	0.000
