 	Area	Mean	XM	YM	Perim.	Major	Minor	Angle
1	7665	255	50.709	866.311	464.350	115.722	84.335	9.487
2	9	255	124.722	899.056	11.657	5.229	2.191	175.269
3	5	255	123.900	895.700	9.071	3.732	1.706	174.848
4	9	255	119.722	893.944	15.899	6.013	1.906	165.730
5	12	255	118.167	890.250	15.314	5.272	2.898	155.785
6	3	255	127.167	889.167	5.657	2.365	1.615	135.000
7	40	255	118.225	883.100	29.556	9.198	5.537	94.651
8	11	255	105.864	885.045	11.314	3.994	3.507	71.565
9	5	255	109.900	885.700	7.657	3.144	2.025	71.565
10	8	255	128.000	884.000	11.314	5.191	1.962	135.000
11	25	255	110.620	876.780	34.971	13.467	2.364	98.502
12	64	255	106.094	873.297	43.456	15.804	5.156	103.391
13	1	255	127.500	879.500	2.828	1.128	1.128	0.000
14	8	255	118.125	875.750	13.314	5.034	2.024	127.982
15	1	255	112.500	875.500	2.828	1.128	1.128	0.000
16	98	255	555.633	871.459	37.556	12.867	9.698	172.853
17	3	255	114.833	873.833	5.657	2.365	1.615	135.000
18	2	255	117.000	871.500	4.243	2.257	1.128	0.000
19	1	255	125.500	869.500	2.828	1.128	1.128	0.000
20	3	255	132.167	866.167	5.657	2.365	1.615	135.000
21	3	255	119.500	864.500	6.828	3.385	1.128	90.000
22	3	255	123.167	864.167	5.657	2.365	1.615	135.000
23	1	255	127.500	862.500	2.828	1.128	1.128	0.000
24	4	255	111.000	860.000	5.657	2.257	2.257	0.000
25	7	255	105.214	857.500	8.485	3.086	2.888	90.000
26	26	255	110.846	853.654	23.213	6.232	5.312	167.211
27	1	255	122.500	855.500	2.828	1.128	1.128	0.000
28	1	255	136.500	855.500	2.828	1.128	1.128	0.000
29	95	255	105.163	847.132	51.113	17.102	7.073	109.562
30	2	255	121.000	851.500	4.243	2.257	1.128	0.000
31	6	255	115.000	847.500	12.243	6.770	1.128	0.000
32	3	255	119.500	845.500	6.828	3.385	1.128	90.000
33	4	255	125.000	846.000	5.657	2.257	2.257	0.000
34	2	255	100.000	843.500	4.243	2.257	1.128	0.000
35	1	255	127.500	843.500	2.828	1.128	1.128	0.000
36	20	255	111.550	837.750	20.728	7.941	3.207	72.462
37	4	255	120.500	838.750	7.071	2.734	1.863	0.000
38	49	255	100.622	833.908	40.042	10.359	6.023	69.383
39	1	255	115.500	834.500	2.828	1.128	1.128	0.000
40	14	255	112.143	828.429	16.728	6.464	2.758	53.721
41	1	255	127.500	830.500	2.828	1.128	1.128	0.000
42	89	255	90.242	822.635	49.456	14.747	7.684	103.625
43	7460	255	41.798	782.463	460.149	102.066	93.061	55.559
44	20	255	99.400	821.900	20.142	7.536	3.379	117.715
45	1	255	124.500	825.500	2.828	1.128	1.128	0.000
46	2	255	120.500	824.000	4.828	2.257	1.128	90.000
47	6	255	105.500	823.000	11.071	3.909	1.954	26.565
48	2	255	117.000	822.500	4.243	2.257	1.128	0.000
49	2	255	124.000	822.500	4.243	2.257	1.128	0.000
50	3	255	109.500	819.500	6.243	3.385	1.128	0.000
51	1	255	112.500	819.500	2.828	1.128	1.128	0.000
52	2	255	119.000	819.500	4.243	2.257	1.128	0.000
53	2	255	119.500	817.000	4.828	2.257	1.128	90.000
54	1	255	114.500	816.500	2.828	1.128	1.128	0.000
55	22	255	96.409	812.409	34.870	6.694	4.185	33.638
56	8	255	104.500	815.250	13.071	6.188	1.646	7.466
57	1	255	112.500	814.500	2.828	1.128	1.128	0.000
58	1	255	119.500	814.500	2.828	1.128	1.128	0.000
59	4	255	116.000	813.000	5.657	2.257	2.257	0.000
60	7	255	103.214	809.643	11.657	4.647	1.918	94.308
61	1	255	119.500	811.500	2.828	1.128	1.128	0.000
62	1	255	128.500	810.500	2.828	1.128	1.128	0.000
63	1	255	114.500	809.500	2.828	1.128	1.128	0.000
64	11	255	96.136	806.318	16.728	5.313	2.636	32.170
65	6	255	104.833	804.000	9.657	3.718	2.055	90.000
66	2	255	111.500	804.000	4.828	2.257	1.128	90.000
67	29	255	100.500	798.948	23.799	7.295	5.062	137.300
68	2	255	120.500	802.000	4.828	2.257	1.128	90.000
69	3	255	107.500	799.500	6.243	3.385	1.128	0.000
70	1	255	112.500	799.500	2.828	1.128	1.128	0.000
71	1	255	135.500	798.500	2.828	1.128	1.128	0.000
72	5	255	115.900	796.700	7.657	3.144	2.025	71.565
73	8	255	94.625	793.625	9.071	3.538	2.879	135.000
74	9	255	91.167	789.833	11.899	3.803	3.013	135.000
75	2	255	104.000	791.000	5.657	2.596	0.981	135.000
76	15	255	96.567	788.700	14.728	6.537	2.922	132.123
77	11	255	92.227	786.045	16.485	6.536	2.143	170.127
78	24	255	90.167	779.542	24.728	10.648	2.870	111.521
79	1	255	100.500	783.500	2.828	1.128	1.128	0.000
80	1	255	109.500	783.500	2.828	1.128	1.128	0.000
81	2	255	97.000	782.500	4.243	2.257	1.128	0.000
82	12	255	99.833	778.583	12.485	4.314	3.542	145.278
83	34	255	95.765	769.706	38.627	11.062	3.914	89.145
84	2	255	101.500	774.000	4.828	2.257	1.128	90.000
85	8	255	206.125	772.125	16.142	5.402	1.886	137.357
86	1	255	90.500	773.500	2.828	1.128	1.128	0.000
87	1	255	104.500	772.500	2.828	1.128	1.128	0.000
88	2	255	90.500	769.000	4.828	2.257	1.128	90.000
89	1	255	106.500	769.500	2.828	1.128	1.128	0.000
90	2	255	103.500	768.000	4.828	2.257	1.128	90.000
91	1	255	122.500	763.500	2.828	1.128	1.128	0.000
92	52	255	88.538	754.654	50.770	9.314	7.108	78.560
93	18	255	95.000	747.722	23.556	6.630	3.457	120.110
94	37	255	83.041	742.203	42.284	7.297	6.456	130.346
95	1	255	90.500	745.500	2.828	1.128	1.128	0.000
96	21	255	71.976	741.167	23.556	5.510	4.853	1.310
97	1	255	93.500	742.500	2.828	1.128	1.128	0.000
98	1	255	119.500	742.500	2.828	1.128	1.128	0.000
99	2	255	79.500	741.000	4.828	2.257	1.128	90.000
100	14	255	95.929	739.571	14.728	5.387	3.309	41.280
101	26	255	73.769	733.269	19.314	7.290	4.541	85.440
102	5	255	88.900	734.300	7.657	3.144	2.025	108.435
103	1	255	93.500	735.500	2.828	1.128	1.128	0.000
104	2	255	97.000	735.500	4.243	2.257	1.128	0.000
105	7785	255	34.374	679.508	444.978	126.831	78.153	85.976
106	25	255	86.100	730.460	25.556	8.242	3.862	120.197
107	37	255	78.176	725.770	30.971	8.481	5.555	61.987
108	3	255	104.833	729.167	5.657	2.365	1.615	45.000
109	1	255	72.500	726.500	2.828	1.128	1.128	0.000
110	1	255	96.500	721.500	2.828	1.128	1.128	0.000
111	1	255	91.500	719.500	2.828	1.128	1.128	0.000
112	26	255	85.308	715.538	35.456	7.700	4.299	122.777
113	4	255	93.000	716.000	5.657	2.257	2.257	0.000
114	2	255	101.000	714.500	4.243	2.257	1.128	0.000
115	2	255	80.500	713.000	4.828	2.257	1.128	90.000
116	3	255	95.167	713.167	5.657	2.365	1.615	135.000
117	4	255	78.000	711.000	9.071	4.218	1.207	157.500
118	2	255	99.000	711.500	4.243	2.257	1.128	0.000
119	170	255	77.382	697.759	72.426	17.693	12.234	81.527
120	2	255	86.000	707.500	4.243	2.257	1.128	0.000
121	4	255	89.000	706.000	5.657	2.257	2.257	0.000
122	2	255	96.500	705.000	4.828	2.257	1.128	90.000
123	9	255	88.389	685.944	16.728	4.262	2.688	122.179
124	18	255	76.722	685.833	30.142	10.818	2.118	10.100
125	4	255	96.000	687.000	9.071	4.218	1.207	22.500
126	1	255	111.500	687.500	2.828	1.128	1.128	0.000
127	10	255	72.700	679.400	21.314	5.010	2.541	175.141
128	3	255	88.833	681.167	5.657	2.365	1.615	45.000
129	1	255	79.500	678.500	2.828	1.128	1.128	0.000
130	11	255	83.318	676.864	15.314	5.265	2.660	170.538
131	2	255	100.500	678.000	4.828	2.257	1.128	90.000
132	1	255	96.500	673.500	2.828	1.128	1.128	0.000
133	1	255	85.500	672.500	2.828	1.128	1.128	0.000
134	1	255	113.500	672.500	2.828	1.128	1.128	0.000
135	12	255	71.000	665.667	13.314	4.973	3.072	120.473
136	13	255	74.577	660.192	19.314	5.024	3.295	102.493
137	2	255	100.000	662.500	4.243	2.257	1.128	0.000
138	5	255	88.900	659.700	7.657	3.144	2.025	71.565
139	2	255	79.000	656.500	4.243	2.257	1.128	0.000
140	13	255	79.038	651.269	18.142	7.509	2.204	126.286
141	1	255	85.500	654.500	2.828	1.128	1.128	0.000
142	1	255	90.500	654.500	2.828	1.128	1.128	0.000
143	2	255	95.000	654.500	4.243	2.257	1.128	0.000
144	1	255	80.500	652.500	2.828	1.128	1.128	0.000
145	4	255	86.500	651.000	7.071	3.216	1.583	148.283
146	1	255	127.500	649.500	2.828	1.128	1.128	0.000
147	1	255	87.500	647.500	2.828	1.128	1.128	0.000
148	1	255	95.500	647.500	2.828	1.128	1.128	0.000
149	1	255	103.500	646.500	2.828	1.128	1.128	0.000
150	2	255	95.500	645.000	4.828	2.257	1.128	90.000
151	2	255	82.000	644.500	4.243	2.257	1.128	0.000
152	1	255	91.500	641.500	2.828	1.128	1.128	0.000
153	5	255	79.700	639.500	8.485	3.086	2.063	145.901
154	1	255	104.500	639.500	2.828	1.128	1.128	0.000
155	3	255	84.500	638.500	6.243	3.385	1.128	0.000
156	1	255	64.500	637.500	2.828	1.128	1.128	0.000
157	20	255	68.750	635.250	20.142	6.637	3.837	93.409
158	9	255	87.944	633.056	17.899	5.529	2.073	92.329
159	2	255	80.500	634.000	4.828	2.257	1.128	90.000
160	5	255	84.300	632.700	9.657	4.183	1.522	79.099
161	40	255	64.250	627.275	35.456	9.148	5.567	99.115
162	4	255	80.750	627.500	7.657	2.734	1.863	90.000
163	8	255	72.625	625.875	12.485	5.011	2.033	64.330
164	2	255	88.500	627.000	4.828	2.257	1.128	90.000
165	9	255	76.611	621.833	15.314	4.627	2.476	82.868
166	22	255	69.318	619.500	18.728	7.840	3.573	113.395
167	4673	255	26.778	579.457	487.848	100.620	59.132	73.247
168	5	255	80.100	618.300	10.485	3.713	1.715	32.612
169	2	255	72.000	614.500	4.243	2.257	1.128	0.000
170	3	255	78.500	614.500	6.243	3.385	1.128	0.000
171	5	255	74.300	610.900	7.071	3.144	2.025	161.565
172	2	255	82.500	608.000	4.828	2.257	1.128	90.000
173	1	255	71.500	607.500	2.828	1.128	1.128	0.000
174	3	255	76.833	607.167	5.657	2.365	1.615	45.000
175	1	255	87.500	607.500	2.828	1.128	1.128	0.000
176	46	255	66.478	598.565	30.385	8.827	6.635	42.878
177	1	255	88.500	597.500	2.828	1.128	1.128	0.000
178	13	255	70.885	590.423	17.314	7.276	2.275	96.349
179	3	255	66.500	591.500	6.243	3.385	1.128	0.000
180	1	255	77.500	590.500	2.828	1.128	1.128	0.000
181	2	255	73.500	588.000	4.828	2.257	1.128	90.000
182	4	255	74.250	584.250	7.657	3.192	1.596	71.565
183	116	255	62.440	573.517	57.355	17.704	8.342	99.411
184	6	255	66.333	583.667	10.485	4.274	1.787	28.862
185	1	255	98.500	582.500	2.828	1.128	1.128	0.000
186	10	255	72.100	578.400	16.142	4.682	2.719	71.159
187	1	255	79.500	579.500	2.828	1.128	1.128	0.000
188	1	255	88.500	577.500	2.828	1.128	1.128	0.000
189	143	255	326.808	570.444	44.870	13.787	13.206	25.332
190	21	255	54.690	571.976	20.728	7.739	3.455	127.771
191	1	255	98.500	575.500	2.828	1.128	1.128	0.000
192	1	255	103.500	575.500	2.828	1.128	1.128	0.000
193	2	255	111.500	574.000	4.828	2.257	1.128	90.000
194	2	255	72.500	573.000	4.828	2.257	1.128	90.000
195	3	255	88.500	572.500	6.828	3.385	1.128	90.000
196	13	255	68.577	565.885	15.314	5.942	2.785	99.977
197	2	255	89.000	567.500	4.243	2.257	1.128	0.000
198	1	255	128.500	567.500	2.828	1.128	1.128	0.000
199	34	255	52.794	563.029	29.799	7.928	5.460	94.832
200	2	255	75.000	566.500	4.243	2.257	1.128	0.000
201	3	255	71.167	561.833	5.657	2.365	1.615	45.000
202	45	255	57.989	554.656	36.870	9.361	6.121	87.981
203	1	255	64.500	559.500	2.828	1.128	1.128	0.000
204	1	255	69.500	559.500	2.828	1.128	1.128	0.000
205	2	255	95.500	559.000	4.828	2.257	1.128	90.000
206	2	255	73.000	558.500	4.243	2.257	1.128	0.000
207	2	255	109.000	558.500	4.243	2.257	1.128	0.000
208	1	255	88.500	556.500	2.828	1.128	1.128	0.000
209	1	255	96.500	556.500	2.828	1.128	1.128	0.000
210	6	255	73.500	555.000	7.657	3.385	2.257	0.000
211	24	255	62.250	547.458	24.971	9.347	3.269	69.924
212	1	255	79.500	552.500	2.828	1.128	1.128	0.000
213	10	255	73.000	550.200	11.899	4.197	3.034	75.911
214	6	255	53.000	549.500	7.657	3.385	2.257	90.000
215	1	255	88.500	547.500	2.828	1.128	1.128	0.000
216	1	255	71.500	545.500	2.828	1.128	1.128	0.000
217	2	255	64.500	543.000	4.828	2.257	1.128	90.000
218	3	255	75.500	543.500	6.243	3.385	1.128	0.000
219	3	255	70.500	542.500	6.243	3.385	1.128	0.000
220	3	255	81.500	542.500	6.243	3.385	1.128	0.000
221	4	255	76.500	540.750	7.071	2.734	1.863	0.000
222	10	255	56.800	537.300	15.899	6.205	2.052	114.730
223	20	255	44.300	536.250	23.799	6.370	3.997	160.034
224	9	255	66.278	537.389	11.899	4.387	2.612	130.514
225	2	255	82.000	538.500	4.243	2.257	1.128	0.000
226	2	255	87.500	536.000	4.828	2.257	1.128	90.000
227	445	255	27.844	523.781	124.225	38.120	14.863	178.039
228	1	255	53.500	534.500	2.828	1.128	1.128	0.000
229	2	255	75.000	534.500	4.243	2.257	1.128	0.000
230	54	255	60.944	528.500	49.113	10.093	6.812	161.072
231	10	255	45.500	529.700	11.071	3.966	3.210	90.000
232	5	255	80.500	529.500	10.828	5.642	1.128	90.000
233	9	255	49.278	529.389	11.071	4.200	2.729	60.482
234	59	255	52.432	520.568	49.941	10.880	6.905	139.128
235	12	255	73.083	522.750	20.728	6.087	2.510	116.203
236	2	255	80.500	523.000	4.828	2.257	1.128	90.000
237	5	255	59.700	521.900	7.657	3.144	2.025	18.435
238	2138	255	20.238	491.335	218.610	59.569	45.698	108.046
239	1	255	79.500	519.500	2.828	1.128	1.128	0.000
240	2	255	84.000	519.500	4.243	2.257	1.128	0.000
241	58	255	45.552	512.310	38.284	11.231	6.576	90.350
242	1	255	63.500	518.500	2.828	1.128	1.128	0.000
243	2	255	68.000	518.500	4.243	2.257	1.128	0.000
244	1	255	87.500	518.500	2.828	1.128	1.128	0.000
245	3	255	61.500	516.500	6.243	3.385	1.128	0.000
246	1	255	104.500	516.500	2.828	1.128	1.128	0.000
247	6	255	64.000	514.000	9.657	3.988	1.916	71.565
248	3	255	71.500	514.500	6.828	3.385	1.128	90.000
249	29	255	55.569	512.534	26.971	8.169	4.520	157.623
250	1	255	61.500	511.500	2.828	1.128	1.128	0.000
251	1	255	74.500	511.500	2.828	1.128	1.128	0.000
252	2	255	72.500	510.000	4.828	2.257	1.128	90.000
253	14	255	52.357	505.214	17.314	6.120	2.913	118.862
254	9	255	65.278	506.611	11.071	4.200	2.729	119.518
255	9	255	60.389	504.833	10.485	3.919	2.924	69.699
256	14	255	47.286	504.214	13.314	5.262	3.387	165.128
257	1	255	72.500	505.500	2.828	1.128	1.128	0.000
258	22	255	63.409	499.500	24.142	7.897	3.547	95.768
259	1	255	55.500	501.500	2.828	1.128	1.128	0.000
260	5	255	49.300	499.900	7.071	3.144	2.025	161.565
261	4	255	57.000	499.000	5.657	2.257	2.257	0.000
262	1	255	80.500	498.500	2.828	1.128	1.128	0.000
263	19	255	43.184	495.658	16.728	6.980	3.466	137.127
264	26	255	53.038	493.731	26.385	6.699	4.941	110.757
265	12	255	60.833	492.833	14.728	6.304	2.424	2.973
266	12	255	68.333	490.250	18.142	5.121	2.984	141.626
267	9	255	46.167	490.389	10.485	3.919	2.924	159.699
268	2	255	72.500	491.000	4.828	2.257	1.128	90.000
269	23	255	58.239	488.065	20.971	7.801	3.754	12.124
270	26	255	49.731	483.192	25.213	10.026	3.302	126.555
271	2	255	51.000	487.500	4.243	2.257	1.128	0.000
272	2	255	68.000	486.500	4.243	2.257	1.128	0.000
273	22	255	60.545	481.773	18.728	6.259	4.475	8.587
274	8	255	72.625	482.125	13.314	4.156	2.451	108.435
275	24	255	55.042	475.542	20.142	7.028	4.348	117.132
276	13	255	63.808	477.115	17.314	6.913	2.394	169.838
277	9	255	76.278	476.500	11.899	4.295	2.668	0.000
278	2	255	127.500	477.000	4.828	2.257	1.128	90.000
279	5	255	64.500	472.300	8.485	3.086	2.063	55.901
280	6	255	69.000	472.500	7.657	3.385	2.257	90.000
281	2	255	76.500	473.000	4.828	2.257	1.128	90.000
282	2	255	89.000	472.500	4.243	2.257	1.128	0.000
283	1	255	56.500	470.500	2.828	1.128	1.128	0.000
284	4	255	79.000	470.500	8.243	4.514	1.128	0.000
285	2	255	84.000	470.500	4.243	2.257	1.128	0.000
286	1	255	96.500	470.500	2.828	1.128	1.128	0.000
287	88	255	45.591	464.659	42.284	13.217	8.477	50.426
288	5	255	64.900	468.500	10.485	3.256	1.955	16.003
289	3	255	58.500	467.500	6.243	3.385	1.128	0.000
290	6	255	81.000	466.000	9.657	3.988	1.916	108.435
291	8	255	60.500	464.375	11.899	4.566	2.231	168.165
292	2733	255	20.209	431.331	287.238	73.771	47.170	86.908
293	1	255	67.500	463.500	2.828	1.128	1.128	0.000
294	2	255	51.000	462.500	4.243	2.257	1.128	0.000
295	1	255	56.500	462.500	2.828	1.128	1.128	0.000
296	16	255	72.500	458.250	20.485	8.007	2.544	102.388
297	2	255	80.500	462.000	4.828	2.257	1.128	90.000
298	1	255	85.500	462.500	2.828	1.128	1.128	0.000
299	1	255	96.500	462.500	2.828	1.128	1.128	0.000
300	7	255	61.500	460.786	9.071	3.086	2.888	0.000
301	4	255	83.000	459.000	5.657	2.257	2.257	0.000
302	33	255	58.773	452.227	48.870	9.143	4.595	112.039
303	45	255	48.300	453.344	40.627	10.002	5.728	58.705
304	3	255	64.500	456.500	6.828	3.385	1.128	90.000
305	2	255	87.500	456.000	4.828	2.257	1.128	90.000
306	6	255	65.667	452.833	9.071	4.134	1.848	167.067
307	5	255	76.700	452.900	7.657	3.144	2.025	18.435
308	3	255	85.500	452.500	6.828	3.385	1.128	90.000
309	50	255	54.520	445.620	55.355	11.509	5.531	155.261
310	8	255	68.625	449.125	11.071	4.242	2.401	156.801
311	7	255	77.786	448.786	9.899	4.439	2.008	29.872
312	2	255	91.000	447.500	4.243	2.257	1.128	0.000
313	16	255	72.062	442.750	24.142	8.051	2.530	105.453
314	18	255	43.222	444.167	15.314	5.748	3.987	159.750
315	5	255	78.300	445.100	7.071	3.144	2.025	18.435
316	3	255	59.500	439.500	6.243	3.385	1.128	0.000
317	2	255	51.000	438.500	4.243	2.257	1.128	0.000
318	1	255	79.500	438.500	2.828	1.128	1.128	0.000
319	1	255	96.500	438.500	2.828	1.128	1.128	0.000
320	22	255	58.682	436.000	22.142	9.046	3.097	14.601
321	6	255	76.000	434.833	9.071	3.718	2.055	0.000
322	11	255	55.864	429.409	14.728	5.869	2.386	134.588
323	1	255	61.500	431.500	2.828	1.128	1.128	0.000
324	3	255	68.833	431.167	5.657	2.365	1.615	45.000
325	10	255	78.000	429.300	11.899	4.871	2.614	137.145
326	1	255	87.500	428.500	2.828	1.128	1.128	0.000
327	7	255	59.786	422.929	11.314	4.559	1.955	140.004
328	2	255	66.500	424.000	4.828	2.257	1.128	90.000
329	1	255	80.500	424.500	2.828	1.128	1.128	0.000
330	1	255	63.500	423.500	2.828	1.128	1.128	0.000
331	1	255	71.500	423.500	2.828	1.128	1.128	0.000
332	2	255	75.000	423.500	4.243	2.257	1.128	0.000
333	11	255	44.136	421.591	11.071	4.384	3.195	164.929
334	1	255	55.500	422.500	2.828	1.128	1.128	0.000
335	5	255	92.900	420.900	9.657	4.076	1.562	110.994
336	16	255	68.000	421.000	17.657	9.027	2.257	0.000
337	65	255	669.362	417.992	28.971	9.766	8.474	178.492
338	40	255	47.925	416.075	34.870	9.081	5.608	79.849
339	6	255	57.000	418.500	7.657	3.385	2.257	90.000
340	1	255	83.500	418.500	2.828	1.128	1.128	0.000
341	9	255	62.056	416.056	13.071	5.071	2.260	17.567
342	2	255	96.500	417.000	4.828	2.257	1.128	90.000
343	2	255	77.000	415.500	4.243	2.257	1.128	0.000
344	7	255	71.357	413.500	11.071	3.752	2.375	90.000
345	4	255	98.500	414.250	7.071	2.734	1.863	0.000
346	91	255	669.115	407.764	36.042	11.642	9.952	35.989
347	14	255	52.643	409.500	15.071	6.028	2.957	96.429
348	2	255	73.000	409.500	4.243	2.257	1.128	0.000
349	54	255	45.352	401.130	45.355	12.219	5.627	87.294
350	26	255	59.692	400.462	42.627	9.676	3.421	144.832
351	3	255	58.500	406.500	6.243	3.385	1.128	0.000
352	1	255	63.500	406.500	2.828	1.128	1.128	0.000
353	3	255	66.167	406.167	5.657	2.365	1.615	135.000
354	1	255	101.500	406.500	2.828	1.128	1.128	0.000
355	70	255	36.971	399.771	57.698	11.933	7.469	111.063
356	3	255	70.167	402.167	5.657	2.365	1.615	135.000
357	1	255	80.500	399.500	2.828	1.128	1.128	0.000
358	1	255	69.500	398.500	2.828	1.128	1.128	0.000
359	5	255	72.500	396.500	10.828	5.642	1.128	90.000
360	3	255	75.167	398.167	5.657	2.365	1.615	135.000
361	19	255	665.921	395.395	15.071	5.550	4.359	102.821
362	2659	255	22.058	362.807	246.953	65.911	51.365	102.203
363	1	255	47.500	393.500	2.828	1.128	1.128	0.000
364	4	255	76.000	391.500	7.657	3.216	1.583	121.717
365	19	255	49.711	389.447	16.485	6.419	3.769	70.551
366	30	255	64.267	386.767	50.042	9.108	4.194	119.545
367	2	255	66.000	391.500	4.243	2.257	1.128	0.000
368	11	255	39.045	389.409	15.314	4.680	2.993	149.036
369	13	255	45.500	388.808	13.071	5.067	3.267	90.000
370	61	255	51.156	381.664	47.113	13.598	5.712	45.906
371	4	255	69.000	386.500	8.243	4.514	1.128	0.000
372	3	255	80.833	385.833	5.657	2.365	1.615	135.000
373	11	255	43.773	383.864	16.485	7.379	1.898	2.291
374	2	255	60.000	382.500	4.243	2.257	1.128	0.000
375	1	255	86.500	382.500	2.828	1.128	1.128	0.000
376	13	255	41.731	379.192	14.728	5.040	3.284	98.013
377	1	255	96.500	380.500	2.828	1.128	1.128	0.000
378	1	255	103.500	379.500	2.828	1.128	1.128	0.000
379	33	255	61.106	373.833	28.627	8.640	4.863	139.995
380	1	255	40.500	375.500	2.828	1.128	1.128	0.000
381	4	255	76.000	375.500	8.243	4.514	1.128	0.000
382	2	255	84.000	375.500	4.243	2.257	1.128	0.000
383	1	255	96.500	375.500	2.828	1.128	1.128	0.000
384	4	255	54.750	374.250	7.657	3.192	1.596	161.565
385	14	255	70.143	373.071	19.071	5.604	3.181	136.491
386	14	255	55.786	368.071	18.728	6.564	2.716	118.751
387	1	255	48.500	369.500	2.828	1.128	1.128	0.000
388	8	255	73.625	368.375	9.071	3.538	2.879	45.000
389	4	255	93.000	368.500	7.657	3.216	1.583	58.283
390	6	255	67.833	366.833	9.071	3.489	2.190	135.000
391	1	255	86.500	366.500	2.828	1.128	1.128	0.000
392	13	255	63.269	362.500	15.314	5.694	2.907	121.005
393	1	255	75.500	364.500	2.828	1.128	1.128	0.000
394	4	255	55.500	361.000	8.828	4.514	1.128	90.000
395	8	255	75.500	360.875	11.071	4.769	2.136	0.000
396	1	255	81.500	359.500	2.828	1.128	1.128	0.000
397	21	255	61.119	356.833	20.728	7.561	3.536	141.489
398	6	255	78.000	357.500	7.657	3.385	2.257	90.000
399	1	255	79.500	353.500	2.828	1.128	1.128	0.000
400	2	255	72.500	352.000	4.828	2.257	1.128	90.000
401	4	255	62.750	350.250	7.657	3.192	1.596	161.565
402	2	255	104.500	350.000	4.828	2.257	1.128	90.000
403	47	255	49.819	346.223	28.971	9.771	6.124	41.434
404	8	255	60.000	346.500	9.899	3.489	2.919	0.000
405	2	255	55.500	342.000	4.828	2.257	1.128	90.000
406	2	255	77.000	342.500	4.243	2.257	1.128	0.000
407	25	255	72.540	338.900	17.314	6.042	5.268	79.130
408	3	255	86.167	340.167	5.657	2.365	1.615	135.000
409	38	255	44.632	336.763	42.284	7.512	6.441	2.601
410	4	255	52.000	338.500	7.657	3.216	1.583	121.717
411	10	255	55.400	333.600	12.485	4.480	2.842	82.312
412	2	255	77.000	335.500	4.243	2.257	1.128	0.000
413	1	255	88.500	334.500	2.828	1.128	1.128	0.000
414	3	255	67.500	333.500	6.243	3.385	1.128	0.000
415	2860	255	27.038	304.323	310.309	63.880	57.005	161.215
416	4	255	58.500	329.000	8.828	4.514	1.128	90.000
417	3	255	47.500	328.500	6.828	3.385	1.128	90.000
418	5	255	64.100	328.100	9.657	3.316	1.920	135.000
419	2	255	50.000	327.500	4.243	2.257	1.128	0.000
420	1	255	56.500	326.500	2.828	1.128	1.128	0.000
421	2	255	95.500	326.000	4.828	2.257	1.128	90.000
422	2	255	102.000	326.500	4.243	2.257	1.128	0.000
423	1	255	63.500	324.500	2.828	1.128	1.128	0.000
424	1	255	56.500	321.500	2.828	1.128	1.128	0.000
425	15	255	64.567	320.033	17.899	7.676	2.488	176.479
426	1	255	98.500	319.500	2.828	1.128	1.128	0.000
427	1	255	103.500	319.500	2.828	1.128	1.128	0.000
428	2	255	47.000	318.500	4.243	2.257	1.128	0.000
429	4	255	54.000	318.000	5.657	2.257	2.257	0.000
430	2	255	57.000	318.500	4.243	2.257	1.128	0.000
431	2	255	77.000	318.500	4.243	2.257	1.128	0.000
432	3	255	66.500	317.500	6.243	3.385	1.128	0.000
433	3	255	87.500	316.500	6.828	3.385	1.128	90.000
434	16	255	69.312	314.375	26.142	9.295	2.192	6.066
435	2	255	79.500	316.000	4.828	2.257	1.128	90.000
436	2	255	71.000	311.500	4.243	2.257	1.128	0.000
437	2	255	79.000	310.500	4.243	2.257	1.128	0.000
438	3	255	88.833	310.167	5.657	2.365	1.615	45.000
439	2	255	85.000	309.000	5.657	2.596	0.981	45.000
440	4	255	73.250	306.500	8.485	3.676	1.385	39.690
441	2	255	80.500	307.000	4.828	2.257	1.128	90.000
442	1	255	75.500	303.500	2.828	1.128	1.128	0.000
443	3	255	80.500	302.500	6.828	3.385	1.128	90.000
444	1	255	96.500	303.500	2.828	1.128	1.128	0.000
445	1	255	115.500	302.500	2.828	1.128	1.128	0.000
446	20	255	66.450	293.750	26.627	9.980	2.552	117.889
447	8	255	78.000	297.000	9.657	4.514	2.257	0.000
448	1	255	71.500	294.500	2.828	1.128	1.128	0.000
449	1	255	79.500	294.500	2.828	1.128	1.128	0.000
450	1	255	88.500	294.500	2.828	1.128	1.128	0.000
451	1	255	95.500	294.500	2.828	1.128	1.128	0.000
452	119	255	62.718	281.954	61.255	15.631	9.693	116.787
453	1	255	75.500	288.500	2.828	1.128	1.128	0.000
454	2	255	55.000	286.500	4.243	2.257	1.128	0.000
455	1	255	116.500	282.500	2.828	1.128	1.128	0.000
456	5	255	53.900	280.700	7.657	3.144	2.025	71.565
457	3	255	128.500	279.500	6.243	3.385	1.128	0.000
458	2	255	80.500	278.000	4.828	2.257	1.128	90.000
459	3	255	101.167	278.167	5.657	2.365	1.615	135.000
460	1796	255	24.360	258.311	191.740	55.518	41.189	177.171
461	21	255	52.548	273.024	18.728	7.108	3.762	59.621
462	7	255	47.929	273.643	11.657	4.934	1.806	75.321
463	25	255	58.100	269.140	28.385	6.318	5.038	10.827
464	42	255	68.048	266.548	43.941	11.576	4.619	126.245
465	2	255	79.000	270.500	4.243	2.257	1.128	0.000
466	5	255	53.300	263.900	7.071	3.144	2.025	161.565
467	14	255	64.143	262.214	15.071	4.979	3.580	135.796
468	1	255	128.500	263.500	2.828	1.128	1.128	0.000
469	59	255	61.534	256.059	61.698	10.276	7.310	122.367
470	2	255	79.000	262.500	4.243	2.257	1.128	0.000
471	1	255	96.500	262.500	2.828	1.128	1.128	0.000
472	1	255	112.500	261.500	2.828	1.128	1.128	0.000
473	1	255	88.500	259.500	2.828	1.128	1.128	0.000
474	2	255	55.000	256.500	4.243	2.257	1.128	0.000
475	10	255	78.400	255.300	19.071	6.003	2.121	174.252
476	23	255	53.761	251.848	22.971	8.272	3.540	118.309
477	3	255	70.500	252.500	6.243	3.385	1.128	0.000
478	8	255	66.000	251.000	9.657	4.514	2.257	0.000
479	3	255	77.500	250.500	6.828	3.385	1.128	90.000
480	36	255	76.222	246.028	46.870	11.427	4.011	163.480
481	2	255	65.000	247.500	4.243	2.257	1.128	0.000
482	129	255	63.244	237.647	65.841	16.056	10.230	103.981
483	12	255	82.750	241.583	12.485	5.179	2.950	94.837
484	26	255	52.000	237.577	24.385	6.087	5.438	90.000
485	2	255	87.500	240.000	4.828	2.257	1.128	90.000
486	83	255	712.211	235.717	32.627	10.978	9.627	7.998
487	5	255	74.500	239.500	10.243	5.642	1.128	0.000
488	2544	255	26.862	213.748	297.439	63.218	51.237	156.104
489	18	255	57.389	234.667	19.899	8.762	2.616	74.067
490	2	255	87.500	235.000	4.828	2.257	1.128	90.000
491	14	255	79.286	231.857	17.314	7.229	2.466	108.769
492	11	255	51.864	230.591	11.071	4.384	3.195	15.071
493	1	255	103.500	231.500	2.828	1.128	1.128	0.000
494	19	255	56.289	226.447	22.971	5.175	4.675	153.204
495	14	255	49.571	226.143	13.899	4.935	3.612	110.663
496	4	255	92.000	226.000	5.657	2.257	2.257	0.000
497	6	255	67.000	224.500	7.657	3.385	2.257	90.000
498	4	255	75.000	224.000	5.657	2.257	2.257	0.000
499	5	255	61.500	222.500	10.243	5.642	1.128	0.000
500	2	255	69.500	222.000	4.828	2.257	1.128	90.000
501	8	255	84.125	220.750	12.485	5.136	1.983	95.199
502	3	255	88.500	222.500	6.243	3.385	1.128	0.000
503	82	255	828.976	218.171	43.698	12.300	8.488	17.096
504	3	255	80.500	219.500	6.828	3.385	1.128	90.000
505	3	255	96.500	219.500	6.828	3.385	1.128	90.000
506	4	255	67.000	218.500	7.657	3.216	1.583	58.283
507	5	255	87.500	217.500	10.828	5.642	1.128	90.000
508	2	255	122.000	217.500	4.243	2.257	1.128	0.000
509	1	255	56.500	216.500	2.828	1.128	1.128	0.000
510	3	255	61.500	216.500	6.243	3.385	1.128	0.000
511	5	255	71.500	214.500	10.828	5.642	1.128	90.000
512	4	255	81.750	215.500	8.485	3.676	1.385	39.690
513	2	255	74.000	215.500	4.243	2.257	1.128	0.000
514	1	255	95.500	215.500	2.828	1.128	1.128	0.000
515	4	255	64.500	213.000	8.828	4.514	1.128	90.000
516	1	255	112.500	214.500	2.828	1.128	1.128	0.000
517	1	255	84.500	212.500	2.828	1.128	1.128	0.000
518	26	255	66.846	204.962	32.971	12.398	2.670	81.044
519	2	255	80.000	210.000	5.657	2.596	0.981	135.000
520	4	255	87.000	210.000	5.657	2.257	2.257	0.000
521	3	255	87.833	206.500	7.657	3.213	1.189	61.845
522	1	255	77.500	206.500	2.828	1.128	1.128	0.000
523	1	255	106.500	206.500	2.828	1.128	1.128	0.000
524	21	255	71.548	201.214	31.456	6.863	3.896	83.569
525	3	255	104.500	204.500	6.828	3.385	1.128	90.000
526	5	255	77.500	201.500	8.485	2.523	2.523	0.000
527	1	255	106.500	201.500	2.828	1.128	1.128	0.000
528	1	255	104.500	199.500	2.828	1.128	1.128	0.000
529	14	255	77.071	196.214	16.728	7.327	2.433	29.015
530	3	255	112.500	197.500	6.828	3.385	1.128	90.000
531	254	255	63.606	183.012	108.468	25.012	12.930	91.134
532	1	255	80.500	194.500	2.828	1.128	1.128	0.000
533	1	255	96.500	191.500	2.828	1.128	1.128	0.000
534	3	255	82.167	190.167	5.657	2.365	1.615	135.000
535	1990	255	27.069	171.679	204.326	62.289	40.677	1.663
536	8	255	78.500	187.000	10.485	4.712	2.162	116.565
537	5	255	73.100	186.300	7.657	3.144	2.025	71.565
538	6	255	85.000	184.500	7.657	3.385	2.257	90.000
539	1	255	77.500	183.500	2.828	1.128	1.128	0.000
540	1	255	80.500	183.500	2.828	1.128	1.128	0.000
541	2	255	75.000	182.500	4.243	2.257	1.128	0.000
542	9	255	82.389	179.278	12.485	5.487	2.088	114.699
543	4	255	74.000	179.000	5.657	2.257	2.257	0.000
544	16	255	71.500	173.625	18.728	7.823	2.604	114.864
545	3	255	73.833	175.833	5.657	2.365	1.615	135.000
546	3	255	77.833	175.833	5.657	2.365	1.615	135.000
547	16	255	88.812	173.625	22.142	7.320	2.783	42.409
548	1	255	107.500	175.500	2.828	1.128	1.128	0.000
549	17	255	78.735	165.324	16.485	7.308	2.962	85.898
550	1	255	103.500	168.500	2.828	1.128	1.128	0.000
551	3	255	95.500	167.167	7.071	3.213	1.189	151.845
552	1	255	64.500	166.500	2.828	1.128	1.128	0.000
553	2	255	90.000	166.500	4.243	2.257	1.128	0.000
554	1	255	95.500	164.500	2.828	1.128	1.128	0.000
555	757	255	63.553	141.899	161.380	43.715	22.048	112.889
556	26	255	71.192	160.654	22.971	9.032	3.665	132.574
557	3	255	92.833	159.833	5.657	2.365	1.615	135.000
558	5	255	81.300	159.100	7.071	3.144	2.025	18.435
559	8	255	86.000	157.000	9.657	4.514	2.257	0.000
560	30	255	76.933	150.700	34.870	11.460	3.333	119.463
561	1	255	82.500	154.500	2.828	1.128	1.128	0.000
562	8	255	87.375	152.875	10.485	4.271	2.385	56.981
563	3	255	96.500	152.500	6.828	3.385	1.128	90.000
564	4	255	104.750	151.500	7.657	2.734	1.863	90.000
565	3976	255	29.655	116.554	291.439	76.398	66.263	119.375
566	1	255	92.500	151.500	2.828	1.128	1.128	0.000
567	7	255	88.786	147.786	10.485	4.044	2.204	116.063
568	2	255	104.500	147.000	4.828	2.257	1.128	90.000
569	2	255	109.000	147.500	4.243	2.257	1.128	0.000
570	1	255	95.500	146.500	2.828	1.128	1.128	0.000
571	17	255	91.971	142.324	18.142	7.333	2.952	159.163
572	1	255	98.500	143.500	2.828	1.128	1.128	0.000
573	2	255	106.000	143.500	4.243	2.257	1.128	0.000
574	1	255	111.500	143.500	2.828	1.128	1.128	0.000
575	8	255	81.250	142.250	13.071	5.666	1.798	175.269
576	1	255	79.500	137.500	2.828	1.128	1.128	0.000
577	2	255	95.500	137.000	4.828	2.257	1.128	90.000
578	5	255	84.700	135.900	7.657	3.144	2.025	18.435
579	1	255	80.500	135.500	2.828	1.128	1.128	0.000
580	2	255	97.000	134.500	4.243	2.257	1.128	0.000
581	1	255	87.500	132.500	2.828	1.128	1.128	0.000
582	5	255	89.300	126.700	9.899	4.521	1.408	148.879
583	1	255	103.500	126.500	2.828	1.128	1.128	0.000
584	1	255	111.500	126.500	2.828	1.128	1.128	0.000
585	3	255	128.167	126.167	5.657	2.365	1.615	135.000
586	36	255	79.778	122.889	22.142	7.623	6.013	14.666
587	6	255	92.500	121.667	12.485	5.407	1.413	59.830
588	3	255	99.167	119.833	5.657	2.365	1.615	45.000
589	34	255	73.029	116.088	34.142	7.943	5.450	26.129
590	1	255	103.500	119.500	2.828	1.128	1.128	0.000
591	7	255	82.071	117.929	10.485	3.360	2.653	162.231
592	1	255	85.500	118.500	2.828	1.128	1.128	0.000
593	7	255	90.929	115.786	9.657	4.154	2.146	98.350
594	20	255	108.100	112.550	23.556	8.793	2.896	66.693
595	25	255	78.900	112.340	22.728	8.000	3.979	162.918
596	3	255	96.833	113.833	5.657	2.365	1.615	135.000
597	1	255	103.500	114.500	2.828	1.128	1.128	0.000
598	3	255	83.500	112.500	6.828	3.385	1.128	90.000
599	112	255	71.393	103.911	48.184	12.775	11.163	47.618
600	1	255	88.500	110.500	2.828	1.128	1.128	0.000
601	11	255	93.955	109.136	11.314	3.994	3.507	18.435
602	2	255	98.000	110.500	4.243	2.257	1.128	0.000
603	1	255	127.500	110.500	2.828	1.128	1.128	0.000
604	6	255	95.667	105.000	10.485	3.931	1.943	59.036
605	5	255	103.300	105.300	9.657	4.183	1.522	100.901
606	4	255	82.000	105.000	5.657	2.257	2.257	0.000
607	33	255	90.076	103.076	22.971	7.825	5.369	133.450
608	13	255	99.962	103.192	15.314	5.601	2.955	90.409
609	4	255	113.000	102.000	5.657	2.257	2.257	0.000
610	15	255	79.500	99.167	18.971	6.477	2.948	125.783
611	1	255	103.500	100.500	2.828	1.128	1.128	0.000
612	13	255	95.423	97.269	15.314	6.050	2.736	98.585
613	46	255	74.848	89.696	43.941	11.554	5.069	101.428
614	1	255	87.500	96.500	2.828	1.128	1.128	0.000
615	1	255	99.500	95.500	2.828	1.128	1.128	0.000
616	2	255	117.000	95.500	4.243	2.257	1.128	0.000
617	1	255	88.500	94.500	2.828	1.128	1.128	0.000
618	6	255	92.000	92.500	7.657	3.385	2.257	90.000
619	2	255	79.500	92.000	4.828	2.257	1.128	90.000
620	4	255	65.000	90.000	5.657	2.257	2.257	0.000
621	3	255	82.500	90.500	6.243	3.385	1.128	0.000
622	10	255	89.500	89.000	10.485	4.444	2.865	116.565
623	4	255	106.500	89.000	8.828	4.514	1.128	90.000
624	7	255	98.786	88.357	9.071	3.507	2.542	59.527
625	1	255	71.500	88.500	2.828	1.128	1.128	0.000
626	6419	255	38.233	41.194	369.137	93.998	86.948	87.045
627	4	255	84.000	87.000	9.071	4.218	1.207	157.500
628	1	255	103.500	87.500	2.828	1.128	1.128	0.000
629	3	255	114.167	86.167	5.657	2.365	1.615	135.000
630	1	255	117.500	86.500	2.828	1.128	1.128	0.000
631	16	255	79.812	83.000	19.314	5.377	3.788	105.325
632	8	255	94.875	84.250	10.485	3.824	2.664	107.296
633	1	255	108.500	84.500	2.828	1.128	1.128	0.000
634	4	255	89.000	81.000	5.657	2.257	2.257	0.000
635	1	255	104.500	81.500	2.828	1.128	1.128	0.000
636	9	255	75.611	79.389	10.485	3.923	2.921	168.019
637	6	255	83.000	79.833	9.071	3.718	2.055	0.000
638	1	255	90.500	78.500	2.828	1.128	1.128	0.000
639	1	255	95.500	78.500	2.828	1.128	1.128	0.000
640	4	255	90.500	75.750	7.071	2.734	1.863	0.000
641	39	255	80.449	71.654	29.213	8.365	5.936	135.211
642	18	255	93.278	73.222	28.971	7.518	3.048	15.409
643	3	255	88.500	69.500	6.828	3.385	1.128	90.000
644	7	255	101.500	70.500	14.243	7.899	1.128	0.000
645	3	255	93.167	68.833	5.657	2.365	1.615	45.000
646	2	255	119.000	67.500	4.243	2.257	1.128	0.000
647	1	255	104.500	66.500	2.828	1.128	1.128	0.000
648	4	255	90.500	65.000	7.071	3.216	1.583	31.717
649	10	255	97.700	63.000	21.314	5.213	2.442	16.372
650	5	255	121.700	63.100	7.657	3.144	2.025	161.565
651	12	255	88.083	62.000	17.314	6.905	2.213	5.319
652	2	255	104.500	62.000	4.828	2.257	1.128	90.000
653	3	255	88.500	58.500	6.828	3.385	1.128	90.000
654	1	255	91.500	59.500	2.828	1.128	1.128	0.000
655	1	255	127.500	58.500	2.828	1.128	1.128	0.000
656	27	255	93.389	51.981	28.142	10.679	3.219	93.222
657	24	255	84.792	52.417	28.385	6.300	4.850	44.254
658	3	255	102.500	54.833	7.071	3.213	1.189	28.155
659	2	255	113.000	55.500	4.243	2.257	1.128	0.000
660	4	255	117.500	52.750	7.071	2.734	1.863	0.000
661	1	255	133.500	51.500	2.828	1.128	1.128	0.000
662	1	255	96.500	50.500	2.828	1.128	1.128	0.000
663	13	255	98.731	47.423	18.971	6.219	2.662	76.621
664	1	255	103.500	50.500	2.828	1.128	1.128	0.000
665	3	255	104.500	47.500	6.828	3.385	1.128	90.000
666	1	255	130.500	48.500	2.828	1.128	1.128	0.000
667	1	255	88.500	47.500	2.828	1.128	1.128	0.000
668	10	255	82.200	45.300	11.071	4.456	2.857	18.222
669	7	255	90.500	45.214	9.071	3.086	2.888	0.000
670	2	255	127.500	45.000	4.828	2.257	1.128	90.000
671	4	255	117.500	44.250	7.071	2.734	1.863	0.000
672	1	255	111.500	43.500	2.828	1.128	1.128	0.000
673	8	255	90.500	41.000	10.485	3.489	2.919	90.000
674	2	255	101.000	42.000	5.657	2.596	0.981	45.000
675	1	255	106.500	42.500	2.828	1.128	1.128	0.000
676	14	255	83.571	40.214	19.314	7.402	2.408	158.952
677	3	255	96.833	41.167	5.657	2.365	1.615	45.000
678	2	255	115.000	41.500	4.243	2.257	1.128	0.000
679	1	255	119.500	41.500	2.828	1.128	1.128	0.000
680	2	255	104.500	40.000	4.828	2.257	1.128	90.000
681	1	255	101.500	39.500	2.828	1.128	1.128	0.000
682	1	255	109.500	39.500	2.828	1.128	1.128	0.000
683	2	255	121.000	39.500	4.243	2.257	1.128	0.000
684	2	255	117.000	38.500	4.243	2.257	1.128	0.000
685	3	255	91.167	37.167	5.657	2.365	1.615	135.000
686	11	255	96.864	36.136	14.728	6.929	2.021	155.769
687	8	255	112.250	34.000	14.485	5.325	1.913	72.704
688	1	255	119.500	36.500	2.828	1.128	1.128	0.000
689	4	255	85.000	35.000	5.657	2.257	2.257	0.000
690	5	255	89.700	33.100	7.657	3.144	2.025	161.565
691	58	255	87.776	25.569	48.870	10.572	6.985	138.930
692	10	255	93.500	29.000	10.485	4.444	2.865	116.565
693	2	255	119.000	30.500	4.243	2.257	1.128	0.000
694	3	255	122.500	30.500	6.243	3.385	1.128	0.000
695	2	255	131.500	30.000	4.828	2.257	1.128	90.000
696	1	255	115.500	28.500	2.828	1.128	1.128	0.000
697	20	255	80.200	22.350	24.385	6.838	3.724	81.980
698	2	255	119.000	25.500	4.243	2.257	1.128	0.000
699	5	255	127.100	23.700	7.657	3.144	2.025	108.435
700	4	255	114.000	22.750	9.071	3.969	1.283	17.609
701	10	255	84.300	19.400	11.071	4.049	3.144	26.565
702	5	255	91.700	19.700	8.485	3.833	1.661	135.000
703	1	255	136.500	20.500	2.828	1.128	1.128	0.000
704	1	255	128.500	19.500	2.828	1.128	1.128	0.000
705	103	255	1218.617	14.383	35.799	12.504	10.488	134.997
706	18	255	89.500	15.889	17.556	6.252	3.666	115.747
707	43	255	98.453	14.291	39.799	8.613	6.356	144.472
708	192	255	80.568	5.693	90.326	16.370	14.934	148.596
709	1	255	131.500	16.500	2.828	1.128	1.128	0.000
710	2	255	104.500	14.000	4.828	2.257	1.128	90.000
711	4	255	114.000	14.500	8.243	4.514	1.128	0.000
712	41	255	93.232	6.768	33.456	10.271	5.083	137.042
713	12	255	103.833	8.167	15.314	4.575	3.340	32.612
714	99	255	262.116	3.187	38.971	13.001	9.696	176.098
715	6	255	120.667	6.500	11.899	4.556	1.677	47.776
716	1	255	112.500	6.500	2.828	1.128	1.128	0.000
717	1	255	116.500	6.500	2.828	1.128	1.128	0.000
718	5	255	125.900	5.700	7.657	3.144	2.025	71.565
719	1	255	191.500	6.500	2.828	1.128	1.128	0.000
720	24	255	100.125	1.083	30.142	7.719	3.959	17.845
721	8	255	108.375	0.375	9.071	3.538	2.879	135.000
722	1	255	117.500	1.500	2.828	1.128	1.128	0.000
723	1	255	125.500	-0.500	2.828	1.128	1.128	0.000
724	2	255	129.000	-0.500	4.243	2.257	1.128	0.000
