 	Area	Mean	XM	YM	Perim.	Major	Minor	Angle
1	44118	255	118.402	819.503	2048.175	328.891	170.795	26.869
2	565	255	327.996	892.419	121.154	36.090	19.933	143.356
3	1212	255	361.656	888.223	303.019	45.177	34.158	18.766
4	126	255	391.667	890.730	76.184	18.080	8.873	114.040
5	115	255	398.830	896.674	48.627	14.995	9.765	84.001
6	89	255	406.803	893.185	72.326	14.499	7.815	87.346
7	19	255	413.342	901.079	20.971	5.575	4.339	4.508
8	57	255	424.360	899.167	40.042	11.687	6.210	139.646
9	2	255	432.000	902.500	4.243	2.257	1.128	0.000
10	31	255	434.306	899.081	57.598	9.092	4.341	39.516
11	12	255	443.333	898.667	21.657	10.353	1.476	93.519
12	4	255	445.500	901.000	8.828	4.514	1.128	90.000
13	1	255	456.500	902.500	2.828	1.128	1.128	0.000
14	1	255	466.500	902.500	2.828	1.128	1.128	0.000
15	3	255	476.833	902.167	5.657	2.365	1.615	45.000
16	3	255	481.167	901.833	5.657	2.365	1.615	45.000
17	1	255	485.500	902.500	2.828	1.128	1.128	0.000
18	2	255	489.500	902.000	4.828	2.257	1.128	90.000
19	2	255	498.500	902.000	4.828	2.257	1.128	90.000
20	1	255	520.500	902.500	2.828	1.128	1.128	0.000
21	1	255	532.500	902.500	2.828	1.128	1.128	0.000
22	1	255	539.500	902.500	2.828	1.128	1.128	0.000
23	1	255	1204.500	902.500	2.828	1.128	1.128	0.000
24	2	255	449.000	901.500	4.243	2.257	1.128	0.000
25	2	255	464.000	901.000	5.657	2.596	0.981	45.000
26	2	255	471.000	901.500	4.243	2.257	1.128	0.000
27	1	255	523.500	901.500	2.828	1.128	1.128	0.000
28	2	255	456.000	900.000	5.657	2.596	0.981	45.000
29	2	255	468.000	900.500	4.243	2.257	1.128	0.000
30	1	255	492.500	900.500	2.828	1.128	1.128	0.000
31	1	255	504.500	900.500	2.828	1.128	1.128	0.000
32	2	255	591.500	899.000	4.828	2.257	1.128	90.000
33	2	255	479.500	898.000	4.828	2.257	1.128	90.000
34	1	255	488.500	898.500	2.828	1.128	1.128	0.000
35	26	255	416.385	894.231	37.698	7.321	4.522	55.298
36	2	255	459.000	897.500	4.243	2.257	1.128	0.000
37	1	255	467.500	897.500	2.828	1.128	1.128	0.000
38	6	255	474.000	896.000	9.657	3.988	1.916	108.435
39	2	255	516.500	897.000	4.828	2.257	1.128	90.000
40	2	255	551.000	897.500	4.243	2.257	1.128	0.000
41	21	255	422.643	892.357	25.799	7.079	3.777	88.761
42	6	255	437.667	895.167	11.899	3.485	2.192	158.199
43	2	255	465.000	896.000	5.657	2.596	0.981	135.000
44	1	255	471.500	896.500	2.828	1.128	1.128	0.000
45	1	255	531.500	896.500	2.828	1.128	1.128	0.000
46	1	255	1159.500	896.500	2.828	1.128	1.128	0.000
47	2	255	462.000	895.500	4.243	2.257	1.128	0.000
48	3	255	490.500	895.167	7.071	3.213	1.189	151.845
49	5	255	508.100	894.700	9.071	3.732	1.706	5.152
50	1	255	521.500	895.500	2.828	1.128	1.128	0.000
51	1	255	539.500	895.500	2.828	1.128	1.128	0.000
52	1	255	541.500	895.500	2.828	1.128	1.128	0.000
53	1	255	1194.500	895.500	2.828	1.128	1.128	0.000
54	1	255	441.500	894.500	2.828	1.128	1.128	0.000
55	1	255	451.500	894.500	2.828	1.128	1.128	0.000
56	1	255	455.500	894.500	2.828	1.128	1.128	0.000
57	1	255	479.500	894.500	2.828	1.128	1.128	0.000
58	1	255	529.500	894.500	2.828	1.128	1.128	0.000
59	1	255	534.500	894.500	2.828	1.128	1.128	0.000
60	1	255	445.500	893.500	2.828	1.128	1.128	0.000
61	1	255	488.500	893.500	2.828	1.128	1.128	0.000
62	1	255	501.500	893.500	2.828	1.128	1.128	0.000
63	1	255	1165.500	893.500	2.828	1.128	1.128	0.000
64	3	255	437.500	891.500	6.828	3.385	1.128	90.000
65	3	255	448.500	891.500	6.828	3.385	1.128	90.000
66	1	255	450.500	892.500	2.828	1.128	1.128	0.000
67	1	255	482.500	892.500	2.828	1.128	1.128	0.000
68	1	255	531.500	892.500	2.828	1.128	1.128	0.000
69	1	255	430.500	891.500	2.828	1.128	1.128	0.000
70	2	255	434.500	891.000	4.828	2.257	1.128	90.000
71	1	255	439.500	891.500	2.828	1.128	1.128	0.000
72	3	255	453.167	890.500	7.657	3.213	1.189	118.155
73	1	255	456.500	891.500	2.828	1.128	1.128	0.000
74	2	255	469.500	891.000	4.828	2.257	1.128	90.000
75	1	255	492.500	891.500	2.828	1.128	1.128	0.000
76	1	255	461.500	890.500	2.828	1.128	1.128	0.000
77	1	255	580.500	890.500	2.828	1.128	1.128	0.000
78	1	255	456.500	888.500	2.828	1.128	1.128	0.000
79	1	255	535.500	888.500	2.828	1.128	1.128	0.000
80	3	255	416.167	886.500	7.657	3.213	1.189	118.155
81	6	255	422.333	885.833	12.485	5.404	1.414	67.274
82	2	255	447.500	887.000	4.828	2.257	1.128	90.000
83	3	255	470.500	887.167	8.485	2.446	1.561	0.000
84	1	255	433.500	886.500	2.828	1.128	1.128	0.000
85	4	255	437.000	885.000	9.657	4.218	1.207	112.500
86	1	255	503.500	886.500	2.828	1.128	1.128	0.000
87	1	255	1203.500	886.500	2.828	1.128	1.128	0.000
88	6	255	426.333	884.500	8.485	3.718	2.055	53.130
89	2	255	431.000	885.500	4.243	2.257	1.128	0.000
90	3	255	441.167	884.500	7.657	3.213	1.189	118.155
91	1	255	445.500	885.500	2.828	1.128	1.128	0.000
92	2	255	474.500	885.000	4.828	2.257	1.128	90.000
93	2	255	477.500	885.000	4.828	2.257	1.128	90.000
94	1	255	1183.500	885.500	2.828	1.128	1.128	0.000
95	4	255	388.000	884.000	5.657	2.257	2.257	0.000
96	4	255	404.500	883.750	7.071	2.734	1.863	0.000
97	2	255	410.500	884.000	4.828	2.257	1.128	90.000
98	3	255	419.500	883.500	6.828	3.385	1.128	90.000
99	1	255	434.500	884.500	2.828	1.128	1.128	0.000
100	2	255	443.500	884.000	4.828	2.257	1.128	90.000
101	1	255	447.500	884.500	2.828	1.128	1.128	0.000
102	1	255	471.500	884.500	2.828	1.128	1.128	0.000
103	1	255	439.500	883.500	2.828	1.128	1.128	0.000
104	1	255	465.500	883.500	2.828	1.128	1.128	0.000
105	1	255	445.500	882.500	2.828	1.128	1.128	0.000
106	1	255	463.500	882.500	2.828	1.128	1.128	0.000
107	8	255	393.625	878.875	14.485	5.413	1.882	61.262
108	1	255	433.500	881.500	2.828	1.128	1.128	0.000
109	2	255	438.500	881.000	4.828	2.257	1.128	90.000
110	1	255	442.500	881.500	2.828	1.128	1.128	0.000
111	4	255	474.000	880.500	7.657	3.216	1.583	58.283
112	1	255	515.500	881.500	2.828	1.128	1.128	0.000
113	8	255	389.500	878.875	14.485	3.396	3.000	90.000
114	1	255	413.500	880.500	2.828	1.128	1.128	0.000
115	1	255	397.500	879.500	2.828	1.128	1.128	0.000
116	1	255	443.500	879.500	2.828	1.128	1.128	0.000
117	1	255	476.500	879.500	2.828	1.128	1.128	0.000
118	1	255	478.500	879.500	2.828	1.128	1.128	0.000
119	1	255	1134.500	879.500	2.828	1.128	1.128	0.000
120	14	255	382.786	875.786	17.314	5.719	3.117	81.737
121	9	255	386.500	875.833	18.485	4.625	2.478	101.599
122	11	255	408.864	877.773	19.556	6.008	2.331	4.312
123	1	255	425.500	878.500	2.828	1.128	1.128	0.000
124	1	255	446.500	878.500	2.828	1.128	1.128	0.000
125	1	255	459.500	878.500	2.828	1.128	1.128	0.000
126	1	255	511.500	878.500	2.828	1.128	1.128	0.000
127	1	255	418.500	877.500	2.828	1.128	1.128	0.000
128	1	255	420.500	877.500	2.828	1.128	1.128	0.000
129	3	255	432.500	877.167	7.071	3.213	1.189	28.155
130	1	255	437.500	877.500	2.828	1.128	1.128	0.000
131	1	255	448.500	877.500	2.828	1.128	1.128	0.000
132	2	255	463.000	877.500	4.243	2.257	1.128	0.000
133	4	255	401.000	875.000	9.657	4.218	1.207	67.500
134	1	255	424.500	876.500	2.828	1.128	1.128	0.000
135	1	255	427.500	876.500	2.828	1.128	1.128	0.000
136	1	255	440.500	876.500	2.828	1.128	1.128	0.000
137	1	255	444.500	876.500	2.828	1.128	1.128	0.000
138	1	255	365.500	875.500	2.828	1.128	1.128	0.000
139	41	255	370.598	872.695	53.012	11.151	4.681	15.109
140	2	255	412.000	875.500	4.243	2.257	1.128	0.000
141	1	255	389.500	874.500	2.828	1.128	1.128	0.000
142	1	255	395.500	874.500	2.828	1.128	1.128	0.000
143	1	255	408.500	874.500	2.828	1.128	1.128	0.000
144	2	255	429.000	874.500	4.243	2.257	1.128	0.000
145	35	255	340.186	869.614	42.042	8.370	5.324	93.971
146	1	255	441.500	873.500	2.828	1.128	1.128	0.000
147	1	255	453.500	873.500	2.828	1.128	1.128	0.000
148	1	255	372.500	872.500	2.828	1.128	1.128	0.000
149	1	255	416.500	872.500	2.828	1.128	1.128	0.000
150	2	255	431.500	872.000	4.828	2.257	1.128	90.000
151	1	255	437.500	872.500	2.828	1.128	1.128	0.000
152	10	255	345.700	870.000	10.485	4.111	3.097	90.000
153	7	255	380.214	870.214	10.485	4.439	2.008	60.128
154	2	255	391.000	871.000	5.657	2.596	0.981	45.000
155	1	255	401.500	871.500	2.828	1.128	1.128	0.000
156	7	255	427.786	870.071	13.899	4.748	1.877	106.998
157	1	255	459.500	871.500	2.828	1.128	1.128	0.000
158	1	255	463.500	871.500	2.828	1.128	1.128	0.000
159	1	255	386.500	870.500	2.828	1.128	1.128	0.000
160	4	255	403.000	869.750	9.071	3.969	1.283	17.609
161	1	255	410.500	870.500	2.828	1.128	1.128	0.000
162	2	255	419.000	870.500	4.243	2.257	1.128	0.000
163	1	255	435.500	870.500	2.828	1.128	1.128	0.000
164	1	255	473.500	870.500	2.828	1.128	1.128	0.000
165	1	255	488.500	870.500	2.828	1.128	1.128	0.000
166	1	255	548.500	870.500	2.828	1.128	1.128	0.000
167	1	255	1200.500	870.500	2.828	1.128	1.128	0.000
168	7	255	347.929	867.214	12.485	4.473	1.992	67.500
169	1	255	383.500	869.500	2.828	1.128	1.128	0.000
170	7	255	393.214	868.357	11.899	4.214	2.115	10.901
171	1	255	415.500	869.500	2.828	1.128	1.128	0.000
172	1	255	438.500	869.500	2.828	1.128	1.128	0.000
173	2	255	375.500	868.000	4.828	2.257	1.128	90.000
174	1	255	385.500	868.500	2.828	1.128	1.128	0.000
175	3	255	412.500	867.500	6.828	3.385	1.128	90.000
176	2	255	497.500	868.000	4.828	2.257	1.128	90.000
177	15	255	371.367	865.167	25.799	6.510	2.934	177.633
178	1	255	405.500	867.500	2.828	1.128	1.128	0.000
179	1	255	416.500	867.500	2.828	1.128	1.128	0.000
180	2	255	471.500	867.000	4.828	2.257	1.128	90.000
181	31	255	345.210	859.887	55.598	10.268	3.844	105.594
182	1	255	401.500	866.500	2.828	1.128	1.128	0.000
183	1	255	414.500	866.500	2.828	1.128	1.128	0.000
184	2	255	433.000	866.500	4.243	2.257	1.128	0.000
185	1	255	460.500	866.500	2.828	1.128	1.128	0.000
186	2	255	443.000	864.500	4.243	2.257	1.128	0.000
187	1	255	338.500	863.500	2.828	1.128	1.128	0.000
188	2	255	349.000	863.500	4.243	2.257	1.128	0.000
189	13	255	354.192	860.885	22.142	6.189	2.674	150.123
190	4	255	355.750	863.000	8.485	2.887	1.764	165.128
191	5	255	384.900	862.500	11.314	3.256	1.955	16.003
192	1	255	391.500	863.500	2.828	1.128	1.128	0.000
193	1	255	415.500	863.500	2.828	1.128	1.128	0.000
194	1	255	423.500	863.500	2.828	1.128	1.128	0.000
195	2	255	364.500	862.000	4.828	2.257	1.128	90.000
196	3	255	375.500	861.833	7.071	3.213	1.189	28.155
197	1	255	348.500	861.500	2.828	1.128	1.128	0.000
198	1	255	350.500	861.500	2.828	1.128	1.128	0.000
199	1	255	366.500	861.500	2.828	1.128	1.128	0.000
200	5	255	370.500	861.500	10.243	5.642	1.128	0.000
201	3	255	398.500	859.500	8.485	3.969	0.963	45.000
202	1	255	421.500	860.500	2.828	1.128	1.128	0.000
203	1	255	386.500	859.500	2.828	1.128	1.128	0.000
204	1	255	391.500	859.500	2.828	1.128	1.128	0.000
205	2	255	419.000	859.500	4.243	2.257	1.128	0.000
206	3	255	440.167	858.833	5.657	2.365	1.615	45.000
207	1	255	487.500	859.500	2.828	1.128	1.128	0.000
208	2	255	319.000	858.500	4.243	2.257	1.128	0.000
209	1	255	321.500	858.500	2.828	1.128	1.128	0.000
210	2	255	324.500	858.000	4.828	2.257	1.128	90.000
211	3	255	336.167	857.500	8.485	2.446	1.561	90.000
212	5	255	361.100	857.900	9.071	3.316	1.920	45.000
213	4	255	370.000	858.500	8.243	4.514	1.128	0.000
214	1	255	390.500	857.500	2.828	1.128	1.128	0.000
215	1	255	395.500	857.500	2.828	1.128	1.128	0.000
216	1	255	421.500	857.500	2.828	1.128	1.128	0.000
217	2	255	314.000	856.500	4.243	2.257	1.128	0.000
218	1	255	317.500	856.500	2.828	1.128	1.128	0.000
219	1	255	362.500	856.500	2.828	1.128	1.128	0.000
220	1	255	365.500	856.500	2.828	1.128	1.128	0.000
221	1	255	367.500	856.500	2.828	1.128	1.128	0.000
222	4	255	371.250	855.500	7.657	2.734	1.863	90.000
223	1	255	375.500	856.500	2.828	1.128	1.128	0.000
224	2	255	321.000	855.500	4.243	2.257	1.128	0.000
225	1	255	324.500	855.500	2.828	1.128	1.128	0.000
226	7	255	333.500	854.214	14.485	3.740	2.383	128.304
227	3	255	350.500	854.500	6.828	3.385	1.128	90.000
228	1	255	354.500	855.500	2.828	1.128	1.128	0.000
229	4	255	358.500	855.000	7.071	3.216	1.583	148.283
230	1	255	388.500	855.500	2.828	1.128	1.128	0.000
231	1	255	440.500	855.500	2.828	1.128	1.128	0.000
232	1	255	330.500	854.500	2.828	1.128	1.128	0.000
233	2	255	378.000	854.500	4.243	2.257	1.128	0.000
234	1	255	466.500	854.500	2.828	1.128	1.128	0.000
235	4	255	319.000	853.000	5.657	2.257	2.257	0.000
236	11	255	338.409	851.409	22.142	5.625	2.490	108.539
237	1	255	354.500	853.500	2.828	1.128	1.128	0.000
238	2	255	314.500	852.000	4.828	2.257	1.128	90.000
239	1	255	373.500	851.500	2.828	1.128	1.128	0.000
240	1	255	340.500	850.500	2.828	1.128	1.128	0.000
241	2	255	352.500	850.000	4.828	2.257	1.128	90.000
242	15	255	315.700	845.967	24.971	5.518	3.461	88.969
243	1	255	318.500	849.500	2.828	1.128	1.128	0.000
244	3	255	331.167	848.833	5.657	2.365	1.615	45.000
245	20	255	330.200	845.850	34.042	6.574	3.874	26.973
246	1	255	336.500	849.500	2.828	1.128	1.128	0.000
247	2	255	345.500	849.000	4.828	2.257	1.128	90.000
248	4	255	355.250	848.000	9.657	3.969	1.283	72.391
249	3	255	302.167	847.500	7.657	3.213	1.189	61.845
250	11	255	320.318	844.591	20.485	8.809	1.590	80.311
251	10	255	324.800	844.700	19.071	7.251	1.756	81.857
252	1	255	343.500	847.500	2.828	1.128	1.128	0.000
253	2	255	348.500	847.000	4.828	2.257	1.128	90.000
254	5	255	351.900	846.500	8.485	3.244	1.963	90.000
255	1	255	419.500	847.500	2.828	1.128	1.128	0.000
256	6	255	305.000	845.333	11.314	5.015	1.523	48.456
257	3	255	335.833	845.500	7.657	3.213	1.189	61.845
258	1	255	359.500	846.500	2.828	1.128	1.128	0.000
259	19	255	273.237	842.395	19.314	5.672	4.265	97.053
260	1	255	384.500	845.500	2.828	1.128	1.128	0.000
261	1	255	322.500	844.500	2.828	1.128	1.128	0.000
262	3	255	363.500	843.500	6.828	3.385	1.128	90.000
263	84	255	284.643	839.488	68.669	12.001	8.912	170.094
264	2	255	307.000	843.000	5.657	2.596	0.981	45.000
265	2	255	312.500	843.000	4.828	2.257	1.128	90.000
266	11	255	339.864	841.136	17.314	5.484	2.554	50.493
267	1	255	349.500	843.500	2.828	1.128	1.128	0.000
268	1	255	356.500	843.500	2.828	1.128	1.128	0.000
269	1	255	358.500	843.500	2.828	1.128	1.128	0.000
270	1	255	384.500	843.500	2.828	1.128	1.128	0.000
271	13	255	260.423	838.577	21.314	5.995	2.761	126.620
272	15	255	265.633	840.300	20.142	6.363	3.001	22.237
273	6	255	300.000	841.500	12.243	6.770	1.128	0.000
274	31	255	299.468	836.790	54.770	7.182	5.496	67.302
275	2	255	314.500	841.000	4.828	2.257	1.128	90.000
276	1	255	368.500	841.500	2.828	1.128	1.128	0.000
277	1	255	375.500	841.500	2.828	1.128	1.128	0.000
278	1	255	316.500	840.500	2.828	1.128	1.128	0.000
279	2	255	331.500	840.000	4.828	2.257	1.128	90.000
280	1	255	335.500	840.500	2.828	1.128	1.128	0.000
281	1	255	350.500	840.500	2.828	1.128	1.128	0.000
282	2	255	312.000	839.500	4.243	2.257	1.128	0.000
283	1	255	322.500	839.500	2.828	1.128	1.128	0.000
284	1	255	329.500	839.500	2.828	1.128	1.128	0.000
285	2	255	362.000	839.500	4.243	2.257	1.128	0.000
286	1	255	417.500	839.500	2.828	1.128	1.128	0.000
287	1	255	431.500	839.500	2.828	1.128	1.128	0.000
288	1	255	289.500	838.500	2.828	1.128	1.128	0.000
289	8	255	315.250	835.000	20.142	6.277	1.623	80.008
290	5	255	319.300	836.700	13.314	3.356	1.897	110.994
291	1	255	350.500	838.500	2.828	1.128	1.128	0.000
292	34	255	271.971	833.235	47.113	8.410	5.148	132.838
293	2	255	273.500	837.000	4.828	2.257	1.128	90.000
294	3	255	335.167	837.167	5.657	2.365	1.615	135.000
295	1	255	352.500	837.500	2.828	1.128	1.128	0.000
296	1	255	371.500	837.500	2.828	1.128	1.128	0.000
297	1	255	279.500	836.500	2.828	1.128	1.128	0.000
298	1	255	292.500	836.500	2.828	1.128	1.128	0.000
299	2	255	376.500	836.000	4.828	2.257	1.128	90.000
300	128	255	260.367	828.266	97.539	13.666	11.926	46.163
301	1	255	309.500	835.500	2.828	1.128	1.128	0.000
302	1	255	311.500	835.500	2.828	1.128	1.128	0.000
303	6	255	327.833	833.833	12.485	5.232	1.460	114.288
304	1	255	337.500	835.500	2.828	1.128	1.128	0.000
305	19	255	280.974	831.868	24.142	6.592	3.670	76.967
306	7	255	290.357	832.500	13.899	3.410	2.614	52.973
307	1	255	292.500	834.500	2.828	1.128	1.128	0.000
308	2	255	295.000	833.500	4.243	2.257	1.128	0.000
309	2	255	311.500	833.000	4.828	2.257	1.128	90.000
310	1	255	467.500	833.500	2.828	1.128	1.128	0.000
311	1	255	360.500	832.500	2.828	1.128	1.128	0.000
312	1	255	391.500	832.500	2.828	1.128	1.128	0.000
313	1	255	471.500	832.500	2.828	1.128	1.128	0.000
314	6	255	295.833	830.833	9.071	3.489	2.190	135.000
315	1	255	305.500	831.500	2.828	1.128	1.128	0.000
316	2	255	320.000	831.000	5.657	2.596	0.981	45.000
317	1	255	325.500	831.500	2.828	1.128	1.128	0.000
318	1	255	316.500	830.500	2.828	1.128	1.128	0.000
319	3	255	285.167	828.500	7.657	3.213	1.189	61.845
320	1	255	288.500	829.500	2.828	1.128	1.128	0.000
321	1	255	325.500	829.500	2.828	1.128	1.128	0.000
322	1	255	328.500	829.500	2.828	1.128	1.128	0.000
323	1	255	376.500	829.500	2.828	1.128	1.128	0.000
324	1	255	402.500	829.500	2.828	1.128	1.128	0.000
325	1	255	276.500	828.500	2.828	1.128	1.128	0.000
326	1	255	306.500	828.500	2.828	1.128	1.128	0.000
327	1	255	369.500	828.500	2.828	1.128	1.128	0.000
328	10	255	269.100	825.500	13.314	5.091	2.501	59.248
329	5	255	302.300	826.700	9.657	4.183	1.522	10.901
330	2	255	315.500	826.000	4.828	2.257	1.128	90.000
331	2	255	329.500	826.000	4.828	2.257	1.128	90.000
332	3	255	281.167	825.167	5.657	2.365	1.615	135.000
333	1	255	295.500	825.500	2.828	1.128	1.128	0.000
334	1	255	319.500	825.500	2.828	1.128	1.128	0.000
335	2	255	277.500	824.000	4.828	2.257	1.128	90.000
336	3	255	286.500	823.167	7.071	3.213	1.189	151.845
337	2	255	290.000	823.500	4.243	2.257	1.128	0.000
338	6	255	249.000	820.000	13.657	6.076	1.257	75.321
339	1	255	274.500	822.500	2.828	1.128	1.128	0.000
340	2	255	292.500	822.000	4.828	2.257	1.128	90.000
341	1	255	295.500	822.500	2.828	1.128	1.128	0.000
342	1	255	341.500	822.500	2.828	1.128	1.128	0.000
343	1	255	346.500	822.500	2.828	1.128	1.128	0.000
344	1	255	357.500	822.500	2.828	1.128	1.128	0.000
345	4	255	251.500	820.000	8.828	4.514	1.128	90.000
346	3	255	267.833	820.833	5.657	2.365	1.615	135.000
347	1	255	328.500	821.500	2.828	1.128	1.128	0.000
348	1	255	338.500	821.500	2.828	1.128	1.128	0.000
349	4	255	278.500	819.750	7.071	2.734	1.863	0.000
350	2	255	286.500	820.000	4.828	2.257	1.128	90.000
351	1	255	308.500	820.500	2.828	1.128	1.128	0.000
352	2	255	332.000	820.500	4.243	2.257	1.128	0.000
353	2	255	281.500	819.000	4.828	2.257	1.128	90.000
354	3	255	289.500	818.500	6.828	3.385	1.128	90.000
355	1	255	311.500	819.500	2.828	1.128	1.128	0.000
356	2	255	324.500	819.000	4.828	2.257	1.128	90.000
357	12	255	254.250	814.500	26.142	5.783	2.642	92.298
358	3	255	261.833	817.500	7.657	3.213	1.189	61.845
359	1	255	265.500	818.500	2.828	1.128	1.128	0.000
360	2	255	305.000	818.500	4.243	2.257	1.128	0.000
361	2	255	273.500	817.000	4.828	2.257	1.128	90.000
362	1	255	284.500	817.500	2.828	1.128	1.128	0.000
363	2	255	333.000	817.500	4.243	2.257	1.128	0.000
364	2	255	277.000	816.500	4.243	2.257	1.128	0.000
365	1	255	280.500	816.500	2.828	1.128	1.128	0.000
366	1	255	315.500	816.500	2.828	1.128	1.128	0.000
367	19	255	248.395	811.974	37.113	6.573	3.681	62.635
368	1	255	259.500	815.500	2.828	1.128	1.128	0.000
369	1	255	282.500	815.500	2.828	1.128	1.128	0.000
370	1	255	287.500	815.500	2.828	1.128	1.128	0.000
371	1	255	292.500	815.500	2.828	1.128	1.128	0.000
372	1	255	305.500	815.500	2.828	1.128	1.128	0.000
373	2	255	321.500	815.000	4.828	2.257	1.128	90.000
374	1	255	262.500	814.500	2.828	1.128	1.128	0.000
375	1	255	302.500	814.500	2.828	1.128	1.128	0.000
376	2	255	328.000	814.000	5.657	2.596	0.981	45.000
377	2	255	265.500	813.000	4.828	2.257	1.128	90.000
378	1	255	273.500	813.500	2.828	1.128	1.128	0.000
379	5	255	243.900	810.500	14.142	4.020	1.584	90.000
380	4	255	278.000	812.500	8.243	4.514	1.128	0.000
381	1	255	334.500	812.500	2.828	1.128	1.128	0.000
382	62	255	222.565	803.532	104.267	15.441	5.112	132.499
383	6	255	256.500	809.500	13.071	4.289	1.781	135.000
384	1	255	259.500	811.500	2.828	1.128	1.128	0.000
385	1	255	268.500	810.500	2.828	1.128	1.128	0.000
386	3	255	288.167	810.167	5.657	2.365	1.615	135.000
387	3	255	225.167	808.833	5.657	2.365	1.615	45.000
388	2	255	271.500	809.000	4.828	2.257	1.128	90.000
389	3	255	278.500	809.500	6.243	3.385	1.128	0.000
390	10	255	211.000	806.500	11.657	5.642	2.257	90.000
391	1	255	194.500	807.500	2.828	1.128	1.128	0.000
392	3	255	249.833	806.500	7.657	3.213	1.189	61.845
393	3	255	254.500	806.500	6.828	3.385	1.128	90.000
394	1	255	265.500	807.500	2.828	1.128	1.128	0.000
395	1	255	286.500	807.500	2.828	1.128	1.128	0.000
396	1	255	291.500	807.500	2.828	1.128	1.128	0.000
397	7	255	239.071	805.071	11.899	3.611	2.468	135.000
398	1	255	260.500	806.500	2.828	1.128	1.128	0.000
399	2	255	271.000	806.500	4.243	2.257	1.128	0.000
400	5	255	283.100	804.900	10.485	3.452	1.844	92.855
401	1	255	251.500	805.500	2.828	1.128	1.128	0.000
402	2	255	258.500	805.000	4.828	2.257	1.128	90.000
403	2	255	265.000	805.500	4.243	2.257	1.128	0.000
404	68	255	208.838	799.794	61.012	11.488	7.537	5.515
405	16	255	236.625	799.562	31.456	6.193	3.289	114.573
406	2	255	286.000	803.000	5.657	2.596	0.981	135.000
407	1	255	216.500	802.500	2.828	1.128	1.128	0.000
408	1	255	231.500	802.500	2.828	1.128	1.128	0.000
409	1	255	248.500	802.500	2.828	1.128	1.128	0.000
410	2	255	280.500	802.000	4.828	2.257	1.128	90.000
411	3	255	219.833	800.500	7.657	3.213	1.189	118.155
412	1	255	268.500	801.500	2.828	1.128	1.128	0.000
413	2	255	271.000	801.500	4.243	2.257	1.128	0.000
414	3	255	231.833	799.500	7.657	3.213	1.189	118.155
415	1	255	242.500	800.500	2.828	1.128	1.128	0.000
416	3	255	245.833	800.167	5.657	2.365	1.615	45.000
417	1	255	234.500	799.500	2.828	1.128	1.128	0.000
418	3	255	256.167	798.500	7.657	3.213	1.189	118.155
419	1	255	282.500	799.500	2.828	1.128	1.128	0.000
420	1	255	286.500	799.500	2.828	1.128	1.128	0.000
421	2	255	250.500	798.000	4.828	2.257	1.128	90.000
422	2	255	267.500	798.000	4.828	2.257	1.128	90.000
423	1	255	272.500	798.500	2.828	1.128	1.128	0.000
424	1	255	195.500	797.500	2.828	1.128	1.128	0.000
425	4	255	217.000	797.000	5.657	2.257	2.257	0.000
426	1	255	247.500	797.500	2.828	1.128	1.128	0.000
427	1	255	252.500	797.500	2.828	1.128	1.128	0.000
428	1	255	305.500	797.500	2.828	1.128	1.128	0.000
429	1	255	214.500	796.500	2.828	1.128	1.128	0.000
430	1	255	221.500	796.500	2.828	1.128	1.128	0.000
431	2	255	233.500	796.000	4.828	2.257	1.128	90.000
432	1	255	254.500	796.500	2.828	1.128	1.128	0.000
433	1	255	269.500	796.500	2.828	1.128	1.128	0.000
434	24	255	193.583	793.917	25.556	6.992	4.371	8.562
435	3	255	242.167	794.833	5.657	2.365	1.615	45.000
436	2	255	244.500	795.000	4.828	2.257	1.128	90.000
437	3	255	252.167	794.500	8.485	2.446	1.561	90.000
438	2	255	258.000	795.000	5.657	2.596	0.981	45.000
439	4	255	266.000	794.000	9.657	4.218	1.207	67.500
440	2	255	201.000	794.500	4.243	2.257	1.128	0.000
441	2	255	204.000	794.500	4.243	2.257	1.128	0.000
442	7	255	249.357	791.929	16.142	5.000	1.782	112.815
443	2	255	255.000	794.000	5.657	2.596	0.981	135.000
444	1	255	262.500	794.500	2.828	1.128	1.128	0.000
445	2	255	224.000	793.000	5.657	2.596	0.981	135.000
446	1	255	237.500	793.500	2.828	1.128	1.128	0.000
447	96	255	190.562	785.052	106.711	13.753	8.888	104.443
448	11	255	205.773	791.045	20.971	3.979	3.520	97.821
449	1	255	209.500	792.500	2.828	1.128	1.128	0.000
450	3	255	232.500	791.833	7.071	3.213	1.189	151.845
451	1	255	257.500	792.500	2.828	1.128	1.128	0.000
452	3	255	267.833	792.167	5.657	2.365	1.615	45.000
453	1	255	219.500	791.500	2.828	1.128	1.128	0.000
454	1	255	228.500	791.500	2.828	1.128	1.128	0.000
455	1	255	238.500	791.500	2.828	1.128	1.128	0.000
456	1	255	244.500	791.500	2.828	1.128	1.128	0.000
457	1	255	319.500	791.500	2.828	1.128	1.128	0.000
458	2	255	201.000	790.000	5.657	2.596	0.981	45.000
459	2	255	217.500	790.000	4.828	2.257	1.128	90.000
460	2	255	240.500	790.000	4.828	2.257	1.128	90.000
461	1	255	272.500	790.500	2.828	1.128	1.128	0.000
462	1	255	243.500	789.500	2.828	1.128	1.128	0.000
463	3	255	246.833	788.500	7.657	3.213	1.189	61.845
464	1	255	265.500	789.500	2.828	1.128	1.128	0.000
465	4	255	204.000	787.000	9.657	4.218	1.207	112.500
466	1	255	232.500	788.500	2.828	1.128	1.128	0.000
467	1	255	237.500	788.500	2.828	1.128	1.128	0.000
468	2	255	252.500	788.000	4.828	2.257	1.128	90.000
469	4	255	199.000	787.000	5.657	2.257	2.257	0.000
470	4	255	212.500	786.000	8.828	4.514	1.128	90.000
471	2	255	264.500	787.000	4.828	2.257	1.128	90.000
472	2	255	201.500	786.000	4.828	2.257	1.128	90.000
473	1	255	218.500	786.500	2.828	1.128	1.128	0.000
474	1	255	220.500	786.500	2.828	1.128	1.128	0.000
475	1	255	266.500	786.500	2.828	1.128	1.128	0.000
476	1	255	237.500	785.500	2.828	1.128	1.128	0.000
477	1	255	303.500	785.500	2.828	1.128	1.128	0.000
478	1	255	327.500	785.500	2.828	1.128	1.128	0.000
479	3	255	215.500	783.500	6.828	3.385	1.128	90.000
480	1	255	266.500	784.500	2.828	1.128	1.128	0.000
481	2	255	200.000	783.000	5.657	2.596	0.981	135.000
482	3	255	203.500	783.167	7.071	3.213	1.189	151.845
483	2	255	207.000	783.000	5.657	2.596	0.981	135.000
484	1	255	243.500	783.500	2.828	1.128	1.128	0.000
485	1	255	197.500	782.500	2.828	1.128	1.128	0.000
486	1	255	212.500	782.500	2.828	1.128	1.128	0.000
487	6	255	218.833	781.167	13.314	3.704	2.062	114.699
488	1	255	229.500	782.500	2.828	1.128	1.128	0.000
489	1	255	306.500	782.500	2.828	1.128	1.128	0.000
490	9	255	184.944	778.722	16.485	6.683	1.715	96.207
491	1	255	288.500	781.500	2.828	1.128	1.128	0.000
492	38	255	178.474	775.000	44.527	9.452	5.119	84.132
493	1	255	209.500	780.500	2.828	1.128	1.128	0.000
494	2	255	216.500	780.000	4.828	2.257	1.128	90.000
495	1	255	222.500	780.500	2.828	1.128	1.128	0.000
496	1	255	225.500	780.500	2.828	1.128	1.128	0.000
497	2	255	231.500	780.000	4.828	2.257	1.128	90.000
498	1	255	274.500	780.500	2.828	1.128	1.128	0.000
499	4	255	166.500	778.000	8.828	4.514	1.128	90.000
500	2	255	172.000	779.500	4.243	2.257	1.128	0.000
501	2	255	197.500	779.000	4.828	2.257	1.128	90.000
502	3	255	206.500	778.500	6.828	3.385	1.128	90.000
503	2	255	204.500	778.000	4.828	2.257	1.128	90.000
504	1	255	208.500	777.500	2.828	1.128	1.128	0.000
505	2	255	217.000	777.000	5.657	2.596	0.981	45.000
506	1	255	228.500	777.500	2.828	1.128	1.128	0.000
507	1	255	174.500	776.500	2.828	1.128	1.128	0.000
508	1	255	260.500	776.500	2.828	1.128	1.128	0.000
509	1	255	209.500	775.500	2.828	1.128	1.128	0.000
510	2	255	222.500	775.000	4.828	2.257	1.128	90.000
511	1	255	224.500	775.500	2.828	1.128	1.128	0.000
512	1	255	273.500	775.500	2.828	1.128	1.128	0.000
513	3	255	166.500	773.500	6.828	3.385	1.128	90.000
514	1	255	168.500	774.500	2.828	1.128	1.128	0.000
515	1	255	174.500	774.500	2.828	1.128	1.128	0.000
516	2	255	199.000	774.500	4.243	2.257	1.128	0.000
517	1	255	203.500	774.500	2.828	1.128	1.128	0.000
518	1	255	215.500	774.500	2.828	1.128	1.128	0.000
519	1	255	227.500	774.500	2.828	1.128	1.128	0.000
520	1	255	232.500	774.500	2.828	1.128	1.128	0.000
521	16	255	160.812	771.250	24.385	5.238	3.889	28.044
522	3	255	183.500	772.500	6.828	3.385	1.128	90.000
523	1	255	207.500	773.500	2.828	1.128	1.128	0.000
524	8	255	156.250	769.375	16.485	6.358	1.602	84.320
525	2	255	192.000	772.000	5.657	2.596	0.981	135.000
526	5	255	199.300	771.300	8.485	3.461	1.839	45.000
527	1	255	209.500	772.500	2.828	1.128	1.128	0.000
528	43	255	171.198	767.128	69.841	10.450	5.239	148.771
529	2	255	180.500	771.000	4.828	2.257	1.128	90.000
530	2	255	187.000	771.500	4.243	2.257	1.128	0.000
531	4	255	196.500	769.000	8.828	4.514	1.128	90.000
532	4	255	204.500	769.000	8.828	4.514	1.128	90.000
533	2	255	210.500	770.000	4.828	2.257	1.128	90.000
534	4	255	192.000	768.500	7.657	3.216	1.583	121.717
535	8	255	182.500	767.375	12.728	4.826	2.110	8.475
536	13	255	161.423	764.808	22.971	4.660	3.552	71.262
537	1	255	166.500	767.500	2.828	1.128	1.128	0.000
538	9	255	189.389	765.611	16.142	4.540	2.524	155.167
539	2	255	209.000	767.500	4.243	2.257	1.128	0.000
540	3	255	216.500	766.833	7.071	3.213	1.189	28.155
541	1	255	282.500	767.500	2.828	1.128	1.128	0.000
542	12	255	200.083	763.500	16.728	5.533	2.761	100.868
543	1	255	219.500	766.500	2.828	1.128	1.128	0.000
544	1	255	235.500	766.500	2.828	1.128	1.128	0.000
545	2	255	258.500	766.000	4.828	2.257	1.128	90.000
546	1	255	166.500	765.500	2.828	1.128	1.128	0.000
547	2	255	209.000	765.500	4.243	2.257	1.128	0.000
548	2	255	226.500	765.000	4.828	2.257	1.128	90.000
549	1	255	228.500	765.500	2.828	1.128	1.128	0.000
550	2	255	155.000	764.500	4.243	2.257	1.128	0.000
551	1	255	158.500	764.500	2.828	1.128	1.128	0.000
552	1	255	240.500	764.500	2.828	1.128	1.128	0.000
553	1	255	195.500	763.500	2.828	1.128	1.128	0.000
554	1	255	230.500	763.500	2.828	1.128	1.128	0.000
555	1	255	245.500	763.500	2.828	1.128	1.128	0.000
556	1	255	166.500	762.500	2.828	1.128	1.128	0.000
557	2	255	169.000	762.500	4.243	2.257	1.128	0.000
558	1	255	178.500	762.500	2.828	1.128	1.128	0.000
559	1	255	186.500	762.500	2.828	1.128	1.128	0.000
560	4	255	191.000	762.000	5.657	2.257	2.257	0.000
561	1	255	212.500	761.500	2.828	1.128	1.128	0.000
562	1	255	215.500	761.500	2.828	1.128	1.128	0.000
563	8	255	154.250	758.875	16.142	3.763	2.707	28.306
564	1	255	161.500	760.500	2.828	1.128	1.128	0.000
565	2	255	164.000	760.500	4.243	2.257	1.128	0.000
566	5	255	172.500	759.300	10.485	3.430	1.856	143.350
567	1	255	175.500	760.500	2.828	1.128	1.128	0.000
568	1	255	181.500	760.500	2.828	1.128	1.128	0.000
569	1	255	205.500	760.500	2.828	1.128	1.128	0.000
570	1	255	240.500	760.500	2.828	1.128	1.128	0.000
571	5	255	159.700	757.500	12.485	4.316	1.475	90.000
572	1	255	169.500	759.500	2.828	1.128	1.128	0.000
573	2	255	188.000	759.500	4.243	2.257	1.128	0.000
574	3	255	203.167	758.500	7.657	3.213	1.189	118.155
575	1	255	261.500	759.500	2.828	1.128	1.128	0.000
576	2	255	150.500	758.000	4.828	2.257	1.128	90.000
577	2	255	166.000	758.500	4.243	2.257	1.128	0.000
578	1	255	181.500	758.500	2.828	1.128	1.128	0.000
579	3	255	183.833	758.167	5.657	2.365	1.615	45.000
580	3	255	197.500	757.500	6.828	3.385	1.128	90.000
581	4	255	208.250	757.750	7.657	3.192	1.596	108.435
582	10	255	141.500	755.700	11.071	3.966	3.210	90.000
583	2	255	157.500	757.000	4.828	2.257	1.128	90.000
584	1	255	168.500	757.500	2.828	1.128	1.128	0.000
585	2	255	179.500	757.000	4.828	2.257	1.128	90.000
586	1	255	231.500	757.500	2.828	1.128	1.128	0.000
587	1	255	175.500	756.500	2.828	1.128	1.128	0.000
588	1	255	177.500	756.500	2.828	1.128	1.128	0.000
589	5	255	189.900	755.300	7.657	3.144	2.025	108.435
590	2	255	144.500	755.000	4.828	2.257	1.128	90.000
591	9	255	155.167	752.167	17.314	6.649	1.724	84.996
592	2	255	171.000	755.500	4.243	2.257	1.128	0.000
593	1	255	152.500	754.500	2.828	1.128	1.128	0.000
594	2	255	157.500	754.000	4.828	2.257	1.128	90.000
595	1	255	185.500	754.500	2.828	1.128	1.128	0.000
596	1	255	196.500	754.500	2.828	1.128	1.128	0.000
597	1	255	199.500	754.500	2.828	1.128	1.128	0.000
598	3	255	148.500	752.500	6.828	3.385	1.128	90.000
599	7	255	159.071	751.786	11.899	3.490	2.554	42.801
600	1	255	163.500	752.500	2.828	1.128	1.128	0.000
601	1	255	178.500	752.500	2.828	1.128	1.128	0.000
602	2	255	192.500	752.000	4.828	2.257	1.128	90.000
603	1	255	194.500	752.500	2.828	1.128	1.128	0.000
604	3	255	146.167	750.833	5.657	2.365	1.615	45.000
605	3	255	184.500	750.833	8.485	2.446	1.561	0.000
606	6	255	131.167	749.000	9.657	3.718	2.055	90.000
607	1	255	168.500	750.500	2.828	1.128	1.128	0.000
608	1	255	174.500	750.500	2.828	1.128	1.128	0.000
609	7	255	176.643	749.071	14.728	4.429	2.012	62.281
610	1	255	190.500	750.500	2.828	1.128	1.128	0.000
611	3	255	150.167	749.167	5.657	2.365	1.615	135.000
612	1	255	152.500	749.500	2.828	1.128	1.128	0.000
613	1	255	181.500	749.500	2.828	1.128	1.128	0.000
614	4	255	188.000	749.000	5.657	2.257	2.257	0.000
615	1	255	192.500	749.500	2.828	1.128	1.128	0.000
616	5	255	143.100	747.700	7.657	3.144	2.025	108.435
617	6	255	148.000	746.833	11.314	4.421	1.728	129.806
618	1	255	157.500	748.500	2.828	1.128	1.128	0.000
619	9	255	134.944	745.056	16.485	6.524	1.757	93.519
620	3	255	153.167	747.167	5.657	2.365	1.615	135.000
621	4	255	169.250	746.000	9.657	3.969	1.283	72.391
622	50	255	128.540	739.940	71.740	12.067	5.276	99.410
623	12	255	138.583	743.333	26.971	4.196	3.642	104.256
624	18	255	144.111	742.167	24.971	6.556	3.496	50.166
625	2	255	152.000	745.000	5.657	2.596	0.981	135.000
626	3	255	155.833	744.500	7.657	3.213	1.189	61.845
627	1	255	165.500	744.500	2.828	1.128	1.128	0.000
628	1	255	178.500	744.500	2.828	1.128	1.128	0.000
629	1	255	176.500	743.500	2.828	1.128	1.128	0.000
630	1	255	191.500	743.500	2.828	1.128	1.128	0.000
631	1	255	132.500	742.500	2.828	1.128	1.128	0.000
632	8	255	152.750	740.500	13.314	5.511	1.848	127.146
633	1	255	161.500	742.500	2.828	1.128	1.128	0.000
634	1	255	167.500	742.500	2.828	1.128	1.128	0.000
635	1	255	172.500	742.500	2.828	1.128	1.128	0.000
636	1	255	238.500	742.500	2.828	1.128	1.128	0.000
637	12	255	121.583	738.500	18.728	5.186	2.946	43.906
638	11	255	133.500	738.045	11.899	3.924	3.569	54.992
639	1	255	148.500	739.500	2.828	1.128	1.128	0.000
640	1	255	163.500	739.500	2.828	1.128	1.128	0.000
641	12	255	138.500	737.000	11.657	4.514	3.385	90.000
642	1	255	165.500	738.500	2.828	1.128	1.128	0.000
643	4	255	145.750	736.750	7.657	3.192	1.596	71.565
644	45	255	116.678	731.922	58.770	8.395	6.825	57.873
645	2	255	153.500	736.000	4.828	2.257	1.128	90.000
646	7	255	162.500	734.071	15.314	5.146	1.732	110.593
647	1	255	122.500	735.500	2.828	1.128	1.128	0.000
648	4	255	125.500	734.000	8.828	4.514	1.128	90.000
649	1	255	141.500	735.500	2.828	1.128	1.128	0.000
650	4	255	143.250	734.250	7.657	3.192	1.596	71.565
651	2	255	157.000	735.000	5.657	2.596	0.981	45.000
652	1	255	165.500	735.500	2.828	1.128	1.128	0.000
653	1	255	167.500	735.500	2.828	1.128	1.128	0.000
654	3	255	194.500	735.167	8.485	2.446	1.561	0.000
655	1	255	197.500	735.500	2.828	1.128	1.128	0.000
656	5	255	135.700	733.700	9.657	4.183	1.522	169.099
657	2	255	169.000	734.000	5.657	2.596	0.981	45.000
658	1	255	174.500	734.500	2.828	1.128	1.128	0.000
659	1	255	198.500	732.500	2.828	1.128	1.128	0.000
660	2	255	207.500	732.000	4.828	2.257	1.128	90.000
661	1	255	135.500	731.500	2.828	1.128	1.128	0.000
662	2	255	188.000	731.500	4.243	2.257	1.128	0.000
663	4	255	111.500	729.000	8.828	4.514	1.128	90.000
664	4	255	127.500	729.750	7.071	2.734	1.863	0.000
665	1	255	142.500	730.500	2.828	1.128	1.128	0.000
666	2	255	159.500	730.000	4.828	2.257	1.128	90.000
667	1	255	161.500	730.500	2.828	1.128	1.128	0.000
668	2	255	181.500	730.000	4.828	2.257	1.128	90.000
669	1	255	191.500	730.500	2.828	1.128	1.128	0.000
670	2	255	96.500	729.000	4.828	2.257	1.128	90.000
671	3	255	122.500	728.500	6.828	3.385	1.128	90.000
672	1	255	212.500	729.500	2.828	1.128	1.128	0.000
673	3	255	227.500	728.500	6.828	3.385	1.128	90.000
674	2	255	117.500	728.000	4.828	2.257	1.128	90.000
675	6	255	134.833	727.500	11.899	3.960	1.929	116.063
676	8	255	140.625	728.125	15.657	5.513	1.848	166.968
677	1	255	199.500	728.500	2.828	1.128	1.128	0.000
678	1	255	125.500	727.500	2.828	1.128	1.128	0.000
679	1	255	128.500	727.500	2.828	1.128	1.128	0.000
680	2	255	131.500	727.000	4.828	2.257	1.128	90.000
681	1	255	149.500	727.500	2.828	1.128	1.128	0.000
682	1	255	160.500	727.500	2.828	1.128	1.128	0.000
683	2	255	169.000	727.500	4.243	2.257	1.128	0.000
684	1	255	96.500	726.500	2.828	1.128	1.128	0.000
685	2	255	108.000	726.500	4.243	2.257	1.128	0.000
686	14	255	120.071	723.429	20.142	5.160	3.455	130.647
687	1	255	151.500	726.500	2.828	1.128	1.128	0.000
688	2	255	154.500	726.000	4.828	2.257	1.128	90.000
689	1	255	189.500	726.500	2.828	1.128	1.128	0.000
690	5	255	123.700	725.100	7.657	3.144	2.025	161.565
691	7	255	129.214	724.500	9.899	4.566	1.952	146.599
692	1	255	146.500	725.500	2.828	1.128	1.128	0.000
693	3	255	115.833	724.167	5.657	2.365	1.615	45.000
694	16	255	105.688	720.188	29.556	6.853	2.973	82.137
695	3	255	133.500	722.500	6.828	3.385	1.128	90.000
696	1	255	144.500	723.500	2.828	1.128	1.128	0.000
697	1	255	167.500	723.500	2.828	1.128	1.128	0.000
698	14	255	96.429	720.786	18.728	5.119	3.482	163.088
699	3	255	101.167	722.167	5.657	2.365	1.615	135.000
700	5	255	126.300	721.700	8.485	3.833	1.661	45.000
701	2	255	136.500	721.000	4.828	2.257	1.128	90.000
702	1	255	162.500	721.500	2.828	1.128	1.128	0.000
703	3	255	116.167	719.833	5.657	2.365	1.615	45.000
704	1	255	128.500	720.500	2.828	1.128	1.128	0.000
705	1	255	178.500	720.500	2.828	1.128	1.128	0.000
706	5	255	102.100	717.900	9.657	4.076	1.562	69.006
707	8	255	120.500	718.500	13.899	3.782	2.693	54.217
708	1	255	132.500	719.500	2.828	1.128	1.128	0.000
709	1	255	151.500	719.500	2.828	1.128	1.128	0.000
710	1	255	164.500	719.500	2.828	1.128	1.128	0.000
711	6	255	109.000	716.833	11.071	3.184	2.399	66.255
712	1	255	139.500	718.500	2.828	1.128	1.128	0.000
713	1	255	157.500	718.500	2.828	1.128	1.128	0.000
714	1	255	159.500	718.500	2.828	1.128	1.128	0.000
715	17	255	97.676	716.206	19.314	5.733	3.776	154.968
716	5	255	128.900	715.500	11.657	5.078	1.254	107.143
717	5	255	134.100	716.700	7.657	3.144	2.025	108.435
718	1	255	153.500	717.500	2.828	1.128	1.128	0.000
719	5	255	117.500	714.500	10.828	5.642	1.128	90.000
720	8	255	123.000	715.000	11.314	5.191	1.962	45.000
721	1	255	136.500	716.500	2.828	1.128	1.128	0.000
722	1	255	159.500	716.500	2.828	1.128	1.128	0.000
723	1	255	172.500	716.500	2.828	1.128	1.128	0.000
724	1	255	111.500	715.500	2.828	1.128	1.128	0.000
725	1	255	102.500	714.500	2.828	1.128	1.128	0.000
726	2	255	139.500	714.000	4.828	2.257	1.128	90.000
727	1	255	147.500	714.500	2.828	1.128	1.128	0.000
728	2	255	95.500	713.000	4.828	2.257	1.128	90.000
729	4	255	113.000	713.000	5.657	2.257	2.257	0.000
730	2	255	115.500	713.000	4.828	2.257	1.128	90.000
731	15	255	102.833	709.767	19.556	7.463	2.559	39.098
732	1	255	107.500	712.500	2.828	1.128	1.128	0.000
733	6	255	120.333	711.000	10.485	3.931	1.943	120.964
734	1	255	99.500	711.500	2.828	1.128	1.128	0.000
735	1	255	109.500	711.500	2.828	1.128	1.128	0.000
736	5	255	124.700	710.100	13.314	2.952	2.157	103.283
737	1	255	131.500	711.500	2.828	1.128	1.128	0.000
738	5	255	135.300	710.500	11.314	3.713	1.714	160.097
739	1	255	150.500	711.500	2.828	1.128	1.128	0.000
740	1	255	157.500	711.500	2.828	1.128	1.128	0.000
741	2	255	167.000	711.500	4.243	2.257	1.128	0.000
742	1	255	187.500	711.500	2.828	1.128	1.128	0.000
743	7	255	96.357	709.214	9.071	3.507	2.542	149.527
744	4	255	113.000	709.500	7.657	3.216	1.583	121.717
745	1	255	116.500	710.500	2.828	1.128	1.128	0.000
746	2	255	145.500	710.000	4.828	2.257	1.128	90.000
747	2	255	154.500	710.000	4.828	2.257	1.128	90.000
748	1	255	160.500	710.500	2.828	1.128	1.128	0.000
749	1	255	164.500	710.500	2.828	1.128	1.128	0.000
750	1	255	139.500	709.500	2.828	1.128	1.128	0.000
751	3	255	106.500	707.500	6.828	3.385	1.128	90.000
752	5	255	118.500	707.500	8.485	3.732	1.706	148.283
753	1	255	109.500	707.500	2.828	1.128	1.128	0.000
754	1	255	152.500	706.500	2.828	1.128	1.128	0.000
755	1	255	123.500	705.500	2.828	1.128	1.128	0.000
756	3	255	126.500	705.167	8.485	2.446	1.561	0.000
757	1	255	141.500	704.500	2.828	1.128	1.128	0.000
758	8	255	100.625	702.500	11.071	3.342	3.047	90.000
759	2	255	108.000	703.500	4.243	2.257	1.128	0.000
760	2	255	118.000	703.500	4.243	2.257	1.128	0.000
761	1	255	124.500	703.500	2.828	1.128	1.128	0.000
762	2	255	130.000	703.500	4.243	2.257	1.128	0.000
763	1	255	136.500	703.500	2.828	1.128	1.128	0.000
764	1	255	144.500	703.500	2.828	1.128	1.128	0.000
765	1	255	88.500	702.500	2.828	1.128	1.128	0.000
766	2	255	91.000	702.500	4.243	2.257	1.128	0.000
767	1	255	111.500	701.500	2.828	1.128	1.128	0.000
768	4	255	120.000	700.000	9.657	4.218	1.207	67.500
769	2	255	128.500	701.000	4.828	2.257	1.128	90.000
770	2	255	142.000	701.500	4.243	2.257	1.128	0.000
771	2	255	95.500	700.000	4.828	2.257	1.128	90.000
772	3	255	105.500	700.500	6.243	3.385	1.128	0.000
773	2	255	131.500	700.000	4.828	2.257	1.128	90.000
774	1	255	92.500	699.500	2.828	1.128	1.128	0.000
775	8	255	111.750	697.125	16.142	4.757	2.141	90.874
776	1	255	122.500	699.500	2.828	1.128	1.128	0.000
777	1	255	133.500	699.500	2.828	1.128	1.128	0.000
778	6	255	142.333	698.167	11.071	3.288	2.324	149.679
779	1	255	151.500	699.500	2.828	1.128	1.128	0.000
780	3	255	103.500	697.500	6.828	3.385	1.128	90.000
781	1	255	129.500	697.500	2.828	1.128	1.128	0.000
782	37	255	75.419	692.257	34.870	9.637	4.888	46.608
783	2	255	91.500	696.000	4.828	2.257	1.128	90.000
784	1	255	125.500	696.500	2.828	1.128	1.128	0.000
785	1	255	96.500	695.500	2.828	1.128	1.128	0.000
786	2	255	106.000	695.500	4.243	2.257	1.128	0.000
787	3	255	122.500	695.500	6.243	3.385	1.128	0.000
788	3	255	140.833	694.500	8.485	2.446	1.561	90.000
789	5	255	82.900	693.300	7.657	3.144	2.025	108.435
790	2	255	88.500	694.000	4.828	2.257	1.128	90.000
791	9	255	99.167	692.167	18.142	4.099	2.796	124.099
792	1	255	114.500	694.500	2.828	1.128	1.128	0.000
793	1	255	127.500	694.500	2.828	1.128	1.128	0.000
794	1	255	169.500	694.500	2.828	1.128	1.128	0.000
795	3	255	95.833	693.167	5.657	2.365	1.615	45.000
796	5	255	104.700	692.300	8.485	3.461	1.839	135.000
797	1	255	117.500	693.500	2.828	1.128	1.128	0.000
798	2	255	120.000	693.000	5.657	2.596	0.981	45.000
799	1	255	130.500	693.500	2.828	1.128	1.128	0.000
800	5	255	123.100	691.100	9.657	4.076	1.562	110.994
801	1	255	91.500	691.500	2.828	1.128	1.128	0.000
802	1	255	110.500	691.500	2.828	1.128	1.128	0.000
803	4	255	114.000	690.750	9.071	3.969	1.283	162.391
804	1	255	117.500	691.500	2.828	1.128	1.128	0.000
805	2	255	133.000	691.500	4.243	2.257	1.128	0.000
806	1	255	142.500	691.500	2.828	1.128	1.128	0.000
807	1	255	81.500	690.500	2.828	1.128	1.128	0.000
808	39	255	89.474	685.782	61.355	8.365	5.936	18.164
809	3	255	108.167	690.167	5.657	2.365	1.615	135.000
810	1	255	120.500	690.500	2.828	1.128	1.128	0.000
811	2	255	102.500	689.000	4.828	2.257	1.128	90.000
812	1	255	110.500	689.500	2.828	1.128	1.128	0.000
813	3	255	127.833	688.833	5.657	2.365	1.615	135.000
814	2	255	80.000	688.000	5.657	2.596	0.981	135.000
815	1	255	97.500	688.500	2.828	1.128	1.128	0.000
816	3	255	105.500	688.167	7.071	3.213	1.189	151.845
817	1	255	115.500	688.500	2.828	1.128	1.128	0.000
818	6	255	77.000	685.833	13.314	4.482	1.704	90.000
819	1	255	83.500	687.500	2.828	1.128	1.128	0.000
820	11	255	97.773	685.500	15.314	5.851	2.394	25.214
821	1	255	112.500	687.500	2.828	1.128	1.128	0.000
822	2	255	125.000	687.000	5.657	2.596	0.981	45.000
823	1	255	156.500	687.500	2.828	1.128	1.128	0.000
824	1	255	132.500	686.500	2.828	1.128	1.128	0.000
825	1	255	71.500	685.500	2.828	1.128	1.128	0.000
826	2	255	74.500	685.000	4.828	2.257	1.128	90.000
827	1	255	80.500	684.500	2.828	1.128	1.128	0.000
828	1	255	104.500	684.500	2.828	1.128	1.128	0.000
829	3	255	108.500	684.500	6.243	3.385	1.128	0.000
830	1	255	146.500	684.500	2.828	1.128	1.128	0.000
831	169	255	4.660	669.157	93.740	21.433	10.039	108.401
832	1	255	71.500	682.500	2.828	1.128	1.128	0.000
833	1	255	73.500	682.500	2.828	1.128	1.128	0.000
834	1	255	103.500	682.500	2.828	1.128	1.128	0.000
835	3	255	105.500	681.500	6.828	3.385	1.128	90.000
836	1	255	110.500	682.500	2.828	1.128	1.128	0.000
837	7	255	77.500	679.786	17.556	4.021	2.217	147.284
838	1	255	80.500	681.500	2.828	1.128	1.128	0.000
839	2	255	95.500	681.000	4.828	2.257	1.128	90.000
840	1	255	98.500	681.500	2.828	1.128	1.128	0.000
841	1	255	110.500	680.500	2.828	1.128	1.128	0.000
842	2	255	64.500	679.000	4.828	2.257	1.128	90.000
843	1	255	73.500	679.500	2.828	1.128	1.128	0.000
844	9	255	84.500	677.722	16.142	4.218	2.717	162.303
845	2	255	90.000	679.000	5.657	2.596	0.981	45.000
846	1	255	144.500	679.500	2.828	1.128	1.128	0.000
847	1	255	153.500	679.500	2.828	1.128	1.128	0.000
848	2	255	70.500	678.000	4.828	2.257	1.128	90.000
849	1	255	94.500	678.500	2.828	1.128	1.128	0.000
850	1	255	115.500	678.500	2.828	1.128	1.128	0.000
851	1	255	128.500	678.500	2.828	1.128	1.128	0.000
852	1	255	57.500	677.500	2.828	1.128	1.128	0.000
853	1	255	67.500	677.500	2.828	1.128	1.128	0.000
854	1	255	74.500	677.500	2.828	1.128	1.128	0.000
855	1	255	104.500	677.500	2.828	1.128	1.128	0.000
856	22	255	64.591	673.727	33.698	6.949	4.031	146.910
857	3	255	80.167	675.500	8.485	2.446	1.561	90.000
858	2	255	83.000	675.500	4.243	2.257	1.128	0.000
859	2	255	114.000	675.500	4.243	2.257	1.128	0.000
860	1	255	82.500	673.500	2.828	1.128	1.128	0.000
861	2	255	111.000	673.500	4.243	2.257	1.128	0.000
862	2	255	61.500	672.000	4.828	2.257	1.128	90.000
863	1	255	69.500	672.500	2.828	1.128	1.128	0.000
864	1	255	72.500	672.500	2.828	1.128	1.128	0.000
865	2	255	85.000	672.500	4.243	2.257	1.128	0.000
866	3	255	93.833	671.500	7.657	3.213	1.189	118.155
867	1	255	95.500	672.500	2.828	1.128	1.128	0.000
868	24	255	39.875	669.125	28.627	8.624	3.543	160.545
869	1	255	54.500	671.500	2.828	1.128	1.128	0.000
870	2	255	59.000	671.500	4.243	2.257	1.128	0.000
871	2	255	76.000	671.000	5.657	2.596	0.981	135.000
872	2	255	81.000	671.500	4.243	2.257	1.128	0.000
873	1	255	73.500	670.500	2.828	1.128	1.128	0.000
874	6	255	54.167	667.833	12.485	5.232	1.460	65.712
875	2	255	57.500	669.000	4.828	2.257	1.128	90.000
876	1	255	63.500	669.500	2.828	1.128	1.128	0.000
877	1	255	70.500	669.500	2.828	1.128	1.128	0.000
878	1	255	80.500	669.500	2.828	1.128	1.128	0.000
879	1	255	158.500	669.500	2.828	1.128	1.128	0.000
880	1	255	72.500	668.500	2.828	1.128	1.128	0.000
881	3	255	88.167	668.167	5.657	2.365	1.615	135.000
882	55	255	17.700	662.264	61.841	11.308	6.193	86.700
883	2	255	75.500	667.000	4.828	2.257	1.128	90.000
884	1	255	93.500	667.500	2.828	1.128	1.128	0.000
885	1	255	152.500	667.500	2.828	1.128	1.128	0.000
886	1	255	78.500	666.500	2.828	1.128	1.128	0.000
887	1	255	90.500	666.500	2.828	1.128	1.128	0.000
888	1	255	41.500	665.500	2.828	1.128	1.128	0.000
889	1	255	43.500	665.500	2.828	1.128	1.128	0.000
890	1	255	45.500	665.500	2.828	1.128	1.128	0.000
891	1	255	47.500	665.500	2.828	1.128	1.128	0.000
892	22	255	56.818	661.818	42.284	6.013	4.659	132.166
893	2	255	84.500	665.000	4.828	2.257	1.128	90.000
894	1	255	99.500	665.500	2.828	1.128	1.128	0.000
895	1	255	31.500	664.500	2.828	1.128	1.128	0.000
896	1	255	49.500	664.500	2.828	1.128	1.128	0.000
897	1	255	87.500	664.500	2.828	1.128	1.128	0.000
898	1	255	112.500	664.500	2.828	1.128	1.128	0.000
899	3	255	39.833	663.167	5.657	2.365	1.615	45.000
900	2	255	47.000	663.500	4.243	2.257	1.128	0.000
901	2	255	64.000	663.000	5.657	2.596	0.981	45.000
902	1	255	66.500	663.500	2.828	1.128	1.128	0.000
903	2	255	78.000	663.500	4.243	2.257	1.128	0.000
904	1	255	22.500	662.500	2.828	1.128	1.128	0.000
905	2	255	83.500	662.000	4.828	2.257	1.128	90.000
906	1	255	91.500	662.500	2.828	1.128	1.128	0.000
907	3	255	34.500	660.500	6.828	3.385	1.128	90.000
908	2	255	50.000	661.500	4.243	2.257	1.128	0.000
909	2	255	61.000	661.500	4.243	2.257	1.128	0.000
910	2	255	72.500	661.000	4.828	2.257	1.128	90.000
911	1	255	76.500	661.500	2.828	1.128	1.128	0.000
912	1	255	89.500	661.500	2.828	1.128	1.128	0.000
913	1	255	27.500	660.500	2.828	1.128	1.128	0.000
914	1	255	30.500	660.500	2.828	1.128	1.128	0.000
915	2	255	37.500	660.000	4.828	2.257	1.128	90.000
916	1	255	45.500	660.500	2.828	1.128	1.128	0.000
917	1	255	12.500	659.500	2.828	1.128	1.128	0.000
918	1	255	48.500	659.500	2.828	1.128	1.128	0.000
919	7	255	53.500	657.929	13.071	3.740	2.383	0.000
920	1	255	77.500	659.500	2.828	1.128	1.128	0.000
921	1	255	88.500	659.500	2.828	1.128	1.128	0.000
922	23	255	2.674	655.630	34.284	6.852	4.274	81.661
923	8	255	39.000	655.875	14.485	5.755	1.770	79.307
924	7	255	61.214	656.643	13.314	5.238	1.702	61.453
925	4	255	64.750	657.500	8.485	3.676	1.385	39.690
926	1	255	74.500	658.500	2.828	1.128	1.128	0.000
927	1	255	94.500	658.500	2.828	1.128	1.128	0.000
928	1	255	12.500	657.500	2.828	1.128	1.128	0.000
929	3	255	26.500	657.500	6.243	3.385	1.128	0.000
930	3	255	35.833	656.833	5.657	2.365	1.615	135.000
931	2	255	42.500	657.000	4.828	2.257	1.128	90.000
932	2	255	72.500	657.000	4.828	2.257	1.128	90.000
933	3	255	111.167	656.833	5.657	2.365	1.615	45.000
934	1	255	7.500	656.500	2.828	1.128	1.128	0.000
935	1	255	102.500	656.500	2.828	1.128	1.128	0.000
936	1	255	106.500	656.500	2.828	1.128	1.128	0.000
937	1	255	10.500	655.500	2.828	1.128	1.128	0.000
938	1	255	12.500	655.500	2.828	1.128	1.128	0.000
939	8	255	26.625	653.625	12.485	4.968	2.050	103.756
940	3	255	46.167	654.500	7.657	3.213	1.189	118.155
941	1	255	48.500	655.500	2.828	1.128	1.128	0.000
942	2	255	55.000	655.000	5.657	2.596	0.981	135.000
943	1	255	87.500	655.500	2.828	1.128	1.128	0.000
944	2	255	119.000	655.000	5.657	2.596	0.981	45.000
945	18	255	8.222	651.944	20.142	5.743	3.991	118.363
946	13	255	14.423	652.962	15.314	5.324	3.109	21.672
947	1	255	23.500	654.500	2.828	1.128	1.128	0.000
948	1	255	29.500	654.500	2.828	1.128	1.128	0.000
949	11	255	33.591	653.045	18.142	5.478	2.557	5.310
950	1	255	57.500	654.500	2.828	1.128	1.128	0.000
951	3	255	68.500	654.500	6.243	3.385	1.128	0.000
952	1	255	71.500	654.500	2.828	1.128	1.128	0.000
953	1	255	74.500	654.500	2.828	1.128	1.128	0.000
954	1	255	82.500	654.500	2.828	1.128	1.128	0.000
955	3	255	103.500	654.500	6.243	3.385	1.128	0.000
956	1	255	42.500	653.500	2.828	1.128	1.128	0.000
957	1	255	44.500	653.500	2.828	1.128	1.128	0.000
958	1	255	90.500	653.500	2.828	1.128	1.128	0.000
959	1	255	20.500	652.500	2.828	1.128	1.128	0.000
960	1	255	66.500	651.500	2.828	1.128	1.128	0.000
961	2	255	70.500	651.000	4.828	2.257	1.128	90.000
962	1	255	89.500	651.500	2.828	1.128	1.128	0.000
963	1	255	95.500	651.500	2.828	1.128	1.128	0.000
964	16	255	35.000	646.125	26.142	9.419	2.163	90.000
965	2	255	38.000	650.500	4.243	2.257	1.128	0.000
966	2	255	44.500	650.000	4.828	2.257	1.128	90.000
967	4	255	46.500	649.000	8.828	4.514	1.128	90.000
968	1	255	85.500	650.500	2.828	1.128	1.128	0.000
969	6	255	4.000	648.500	10.485	4.594	1.663	160.670
970	1	255	13.500	649.500	2.828	1.128	1.128	0.000
971	1	255	89.500	649.500	2.828	1.128	1.128	0.000
972	1	255	91.500	649.500	2.828	1.128	1.128	0.000
973	1	255	95.500	649.500	2.828	1.128	1.128	0.000
974	1	255	30.500	648.500	2.828	1.128	1.128	0.000
975	2	255	51.000	648.500	4.243	2.257	1.128	0.000
976	1	255	55.500	648.500	2.828	1.128	1.128	0.000
977	6	255	75.667	646.833	12.485	3.685	2.073	141.340
978	1	255	93.500	648.500	2.828	1.128	1.128	0.000
979	8	255	11.000	646.250	18.971	4.084	2.494	39.116
980	26	255	19.885	643.692	28.870	6.666	4.966	88.528
981	7	255	24.500	646.071	12.728	3.539	2.519	75.850
982	4	255	38.500	647.250	7.071	2.734	1.863	0.000
983	1	255	44.500	647.500	2.828	1.128	1.128	0.000
984	3	255	68.500	647.500	6.243	3.385	1.128	0.000
985	1	255	99.500	647.500	2.828	1.128	1.128	0.000
986	5	255	3.100	644.500	11.657	5.078	1.254	107.143
987	2	255	72.000	646.500	4.243	2.257	1.128	0.000
988	2	255	97.000	646.500	4.243	2.257	1.128	0.000
989	1	255	14.500	645.500	2.828	1.128	1.128	0.000
990	2	255	64.500	645.000	4.828	2.257	1.128	90.000
991	4	255	68.500	645.000	7.071	3.216	1.583	31.717
992	2	255	7.000	644.500	4.243	2.257	1.128	0.000
993	2	255	1.000	643.500	4.243	2.257	1.128	0.000
994	1	255	39.500	643.500	2.828	1.128	1.128	0.000
995	1	255	56.500	643.500	2.828	1.128	1.128	0.000
996	1	255	85.500	643.500	2.828	1.128	1.128	0.000
997	1	255	177.500	643.500	2.828	1.128	1.128	0.000
998	1	255	8.500	642.500	2.828	1.128	1.128	0.000
999	2	255	65.000	642.000	5.657	2.596	0.981	45.000
1000	1	255	72.500	642.500	2.828	1.128	1.128	0.000
1001	2	255	58.500	641.000	4.828	2.257	1.128	90.000
1002	1	255	69.500	641.500	2.828	1.128	1.128	0.000
1003	1	255	0.500	640.500	2.828	1.128	1.128	0.000
1004	2	255	6.500	640.000	4.828	2.257	1.128	90.000
1005	6	255	15.500	639.167	11.899	3.960	1.929	26.063
1006	2	255	51.500	640.000	4.828	2.257	1.128	90.000
1007	2	255	53.500	640.000	4.828	2.257	1.128	90.000
1008	1	255	85.500	640.500	2.828	1.128	1.128	0.000
1009	2	255	23.000	639.000	5.657	2.596	0.981	45.000
1010	3	255	26.500	638.833	8.485	2.446	1.561	0.000
1011	1	255	32.500	639.500	2.828	1.128	1.128	0.000
1012	1	255	56.500	639.500	2.828	1.128	1.128	0.000
1013	1	255	67.500	639.500	2.828	1.128	1.128	0.000
1014	3	255	83.500	639.167	7.071	3.213	1.189	151.845
1015	1	255	104.500	639.500	2.828	1.128	1.128	0.000
1016	1	255	108.500	639.500	2.828	1.128	1.128	0.000
1017	1	255	0.500	638.500	2.828	1.128	1.128	0.000
1018	11	255	11.136	636.318	16.142	6.962	2.012	139.517
1019	2	255	37.000	638.500	4.243	2.257	1.128	0.000
1020	2	255	44.000	638.000	5.657	2.596	0.981	135.000
1021	1	255	59.500	638.500	2.828	1.128	1.128	0.000
1022	1	255	64.500	638.500	2.828	1.128	1.128	0.000
1023	3	255	76.500	637.500	6.828	3.385	1.128	90.000
1024	1	255	98.500	638.500	2.828	1.128	1.128	0.000
1025	1	255	2.500	637.500	2.828	1.128	1.128	0.000
1026	2	255	6.000	637.500	4.243	2.257	1.128	0.000
1027	1	255	29.500	637.500	2.828	1.128	1.128	0.000
1028	2	255	0.500	636.000	4.828	2.257	1.128	90.000
1029	1	255	20.500	636.500	2.828	1.128	1.128	0.000
1030	5	255	34.100	635.500	9.899	3.679	1.730	25.670
1031	1	255	50.500	636.500	2.828	1.128	1.128	0.000
1032	1	255	55.500	636.500	2.828	1.128	1.128	0.000
1033	1	255	78.500	636.500	2.828	1.128	1.128	0.000
1034	1	255	100.500	636.500	2.828	1.128	1.128	0.000
1035	2	255	3.000	635.000	5.657	2.596	0.981	45.000
1036	2	255	17.000	635.500	4.243	2.257	1.128	0.000
1037	1	255	45.500	635.500	2.828	1.128	1.128	0.000
1038	1	255	48.500	635.500	2.828	1.128	1.128	0.000
1039	1	255	53.500	635.500	2.828	1.128	1.128	0.000
1040	4	255	7.000	634.250	9.899	3.417	1.490	173.380
1041	1	255	24.500	634.500	2.828	1.128	1.128	0.000
1042	5	255	20.500	632.700	10.485	3.430	1.856	36.650
1043	1	255	28.500	633.500	2.828	1.128	1.128	0.000
1044	1	255	0.500	632.500	2.828	1.128	1.128	0.000
1045	6	255	11.833	631.833	9.071	3.489	2.190	135.000
1046	1	255	15.500	632.500	2.828	1.128	1.128	0.000
1047	2	255	43.000	632.000	5.657	2.596	0.981	135.000
1048	1	255	55.500	632.500	2.828	1.128	1.128	0.000
1049	1	255	88.500	632.500	2.828	1.128	1.128	0.000
1050	1	255	144.500	632.500	2.828	1.128	1.128	0.000
1051	1	255	2.500	631.500	2.828	1.128	1.128	0.000
1052	1	255	47.500	631.500	2.828	1.128	1.128	0.000
1053	1	255	7.500	630.500	2.828	1.128	1.128	0.000
1054	2	255	21.500	630.000	4.828	2.257	1.128	90.000
1055	1	255	50.500	630.500	2.828	1.128	1.128	0.000
1056	3	255	25.500	629.500	6.243	3.385	1.128	0.000
1057	1	255	28.500	629.500	2.828	1.128	1.128	0.000
1058	1	255	31.500	629.500	2.828	1.128	1.128	0.000
1059	1	255	46.500	629.500	2.828	1.128	1.128	0.000
1060	1	255	48.500	629.500	2.828	1.128	1.128	0.000
1061	1	255	62.500	629.500	2.828	1.128	1.128	0.000
1062	1	255	3.500	628.500	2.828	1.128	1.128	0.000
1063	1	255	18.500	628.500	2.828	1.128	1.128	0.000
1064	1	255	60.500	628.500	2.828	1.128	1.128	0.000
1065	1	255	99.500	628.500	2.828	1.128	1.128	0.000
1066	2	255	30.500	627.000	4.828	2.257	1.128	90.000
1067	1	255	46.500	627.500	2.828	1.128	1.128	0.000
1068	1	255	64.500	627.500	2.828	1.128	1.128	0.000
1069	1	255	0.500	626.500	2.828	1.128	1.128	0.000
1070	2	255	22.500	625.000	4.828	2.257	1.128	90.000
1071	1	255	30.500	624.500	2.828	1.128	1.128	0.000
1072	2	255	39.500	624.000	4.828	2.257	1.128	90.000
1073	1	255	46.500	624.500	2.828	1.128	1.128	0.000
1074	1	255	56.500	624.500	2.828	1.128	1.128	0.000
1075	1	255	15.500	623.500	2.828	1.128	1.128	0.000
1076	1	255	19.500	623.500	2.828	1.128	1.128	0.000
1077	2	255	51.500	623.000	4.828	2.257	1.128	90.000
1078	1	255	83.500	623.500	2.828	1.128	1.128	0.000
1079	1	255	0.500	622.500	2.828	1.128	1.128	0.000
1080	5	255	4.500	622.100	14.142	4.020	1.584	0.000
1081	1	255	10.500	622.500	2.828	1.128	1.128	0.000
1082	1	255	13.500	622.500	2.828	1.128	1.128	0.000
1083	2	255	17.500	622.000	4.828	2.257	1.128	90.000
1084	1	255	47.500	622.500	2.828	1.128	1.128	0.000
1085	2	255	69.500	622.000	4.828	2.257	1.128	90.000
1086	1	255	76.500	622.500	2.828	1.128	1.128	0.000
1087	3	255	21.500	621.500	6.243	3.385	1.128	0.000
1088	1	255	32.500	621.500	2.828	1.128	1.128	0.000
1089	1	255	61.500	621.500	2.828	1.128	1.128	0.000
1090	1	255	4.500	619.500	2.828	1.128	1.128	0.000
1091	1	255	6.500	619.500	2.828	1.128	1.128	0.000
1092	3	255	20.500	618.833	7.071	3.213	1.189	151.845
1093	2	255	55.500	619.000	4.828	2.257	1.128	90.000
1094	2	255	13.500	618.000	4.828	2.257	1.128	90.000
1095	2	255	16.000	618.000	5.657	2.596	0.981	45.000
1096	3	255	24.167	617.500	7.657	3.213	1.189	61.845
1097	2	255	32.500	618.000	4.828	2.257	1.128	90.000
1098	2	255	47.000	617.500	4.243	2.257	1.128	0.000
1099	1	255	18.500	616.500	2.828	1.128	1.128	0.000
1100	1	255	0.500	615.500	2.828	1.128	1.128	0.000
1101	1	255	32.500	614.500	2.828	1.128	1.128	0.000
1102	1	255	44.500	614.500	2.828	1.128	1.128	0.000
1103	1	255	48.500	614.500	2.828	1.128	1.128	0.000
1104	1	255	67.500	614.500	2.828	1.128	1.128	0.000
1105	1	255	157.500	614.500	2.828	1.128	1.128	0.000
1106	8	255	203.000	613.750	10.485	4.501	2.263	21.355
1107	1	255	24.500	613.500	2.828	1.128	1.128	0.000
1108	1	255	8.500	612.500	2.828	1.128	1.128	0.000
1109	1	255	29.500	612.500	2.828	1.128	1.128	0.000
1110	1	255	5.500	611.500	2.828	1.128	1.128	0.000
1111	1	255	48.500	611.500	2.828	1.128	1.128	0.000
1112	1	255	53.500	611.500	2.828	1.128	1.128	0.000
1113	1	255	64.500	611.500	2.828	1.128	1.128	0.000
1114	1	255	26.500	610.500	2.828	1.128	1.128	0.000
1115	1	255	24.500	608.500	2.828	1.128	1.128	0.000
1116	1	255	17.500	607.500	2.828	1.128	1.128	0.000
1117	1	255	51.500	607.500	2.828	1.128	1.128	0.000
1118	1	255	59.500	607.500	2.828	1.128	1.128	0.000
1119	1	255	26.500	606.500	2.828	1.128	1.128	0.000
1120	2	255	62.500	603.000	4.828	2.257	1.128	90.000
1121	3	255	12.167	600.500	7.657	3.213	1.189	61.845
1122	1	255	32.500	595.500	2.828	1.128	1.128	0.000
1123	1	255	10.500	593.500	2.828	1.128	1.128	0.000
1124	2	255	35.000	593.000	5.657	2.596	0.981	45.000
1125	1	255	15.500	592.500	2.828	1.128	1.128	0.000
1126	1	255	10.500	591.500	2.828	1.128	1.128	0.000
1127	1	255	28.500	591.500	2.828	1.128	1.128	0.000
1128	1	255	57.500	591.500	2.828	1.128	1.128	0.000
1129	1	255	70.500	588.500	2.828	1.128	1.128	0.000
1130	1	255	32.500	580.500	2.828	1.128	1.128	0.000
1131	1	255	6.500	579.500	2.828	1.128	1.128	0.000
1132	1	255	0.500	570.500	2.828	1.128	1.128	0.000
1133	1	255	103.500	566.500	2.828	1.128	1.128	0.000
1134	1	255	73.500	534.500	2.828	1.128	1.128	0.000
1135	10	255	494.500	514.000	11.657	5.642	2.257	0.000
