 	Area	Mean	XM	YM	Perim.	Major	Minor	Angle
1	6	255	821.000	889.000	9.657	3.988	1.916	71.565
2	1	255	1223.500	710.500	2.828	1.128	1.128	0.000
3	1	255	771.500	668.500	2.828	1.128	1.128	0.000
4	1	255	1216.500	664.500	2.828	1.128	1.128	0.000
5	1	255	1223.500	662.500	2.828	1.128	1.128	0.000
6	1	255	1215.500	660.500	2.828	1.128	1.128	0.000
7	1	255	1211.500	656.500	2.828	1.128	1.128	0.000
8	1	255	1159.500	655.500	2.828	1.128	1.128	0.000
9	2	255	1223.000	648.500	4.243	2.257	1.128	0.000
10	2	255	1221.000	646.500	4.243	2.257	1.128	0.000
11	1	255	1186.500	645.500	2.828	1.128	1.128	0.000
12	1	255	1208.500	639.500	2.828	1.128	1.128	0.000
13	1	255	1217.500	639.500	2.828	1.128	1.128	0.000
14	1	255	1179.500	637.500	2.828	1.128	1.128	0.000
15	3	255	1201.833	631.833	5.657	2.365	1.615	135.000
16	1	255	1172.500	631.500	2.828	1.128	1.128	0.000
17	1	255	1198.500	631.500	2.828	1.128	1.128	0.000
18	1	255	1212.500	631.500	2.828	1.128	1.128	0.000
19	2	255	1223.000	631.000	5.657	2.596	0.981	45.000
20	1	255	1184.500	628.500	2.828	1.128	1.128	0.000
21	1	255	1215.500	628.500	2.828	1.128	1.128	0.000
22	2	255	1208.500	627.000	4.828	2.257	1.128	90.000
23	2	255	1217.500	627.000	4.828	2.257	1.128	90.000
24	2	255	1206.000	625.500	4.243	2.257	1.128	0.000
25	1	255	1211.500	625.500	2.828	1.128	1.128	0.000
26	1	255	1189.500	623.500	2.828	1.128	1.128	0.000
27	1	255	1200.500	623.500	2.828	1.128	1.128	0.000
28	4	255	1204.250	622.750	7.657	3.192	1.596	161.565
29	1	255	1214.500	623.500	2.828	1.128	1.128	0.000
30	1	255	1222.500	623.500	2.828	1.128	1.128	0.000
31	1	255	1198.500	622.500	2.828	1.128	1.128	0.000
32	7	255	1210.214	621.786	11.899	4.616	1.931	30.850
33	1	255	1200.500	621.500	2.828	1.128	1.128	0.000
34	3	255	1215.167	620.833	5.657	2.365	1.615	45.000
35	1	255	1160.500	620.500	2.828	1.128	1.128	0.000
36	26	255	1221.462	616.000	28.385	8.812	3.757	65.815
37	1	255	1211.500	619.500	2.828	1.128	1.128	0.000
38	1	255	1214.500	618.500	2.828	1.128	1.128	0.000
39	2	255	1218.000	618.500	4.243	2.257	1.128	0.000
40	4	255	1208.750	616.000	8.485	2.887	1.764	14.872
41	1	255	1160.500	615.500	2.828	1.128	1.128	0.000
42	1	255	1166.500	615.500	2.828	1.128	1.128	0.000
43	1	255	1196.500	615.500	2.828	1.128	1.128	0.000
44	1	255	1176.500	614.500	2.828	1.128	1.128	0.000
45	1	255	1193.500	614.500	2.828	1.128	1.128	0.000
46	1	255	1198.500	613.500	2.828	1.128	1.128	0.000
47	2	255	1216.500	613.000	4.828	2.257	1.128	90.000
48	8	255	1193.500	610.250	16.728	4.815	2.116	90.000
49	1	255	1141.500	611.500	2.828	1.128	1.128	0.000
50	2	255	1199.500	611.000	4.828	2.257	1.128	90.000
51	1	255	1207.500	610.500	2.828	1.128	1.128	0.000
52	1	255	1213.500	610.500	2.828	1.128	1.128	0.000
53	17	255	1219.794	606.500	22.971	8.641	2.505	102.806
54	6	255	1223.000	609.500	7.657	3.385	2.257	90.000
55	1	255	1144.500	609.500	2.828	1.128	1.128	0.000
56	1	255	1167.500	608.500	2.828	1.128	1.128	0.000
57	2	255	1198.000	608.500	4.243	2.257	1.128	0.000
58	7	255	1215.786	606.214	10.485	4.439	2.008	119.872
59	4	255	1200.250	605.000	9.657	3.969	1.283	107.609
60	1	255	1206.500	606.500	2.828	1.128	1.128	0.000
61	2	255	1212.500	606.000	4.828	2.257	1.128	90.000
62	5	255	1190.300	604.900	7.071	3.144	2.025	161.565
63	4	255	1208.500	603.000	8.828	4.514	1.128	90.000
64	36	255	1222.194	596.472	37.556	11.529	3.976	86.548
65	2	255	1211.500	603.000	4.828	2.257	1.128	90.000
66	4	255	1214.000	603.000	5.657	2.257	2.257	0.000
67	2	255	1183.500	602.000	4.828	2.257	1.128	90.000
68	2	255	1206.500	602.000	4.828	2.257	1.128	90.000
69	4	255	1216.000	600.500	7.657	3.216	1.583	58.283
70	1	255	1192.500	600.500	2.828	1.128	1.128	0.000
71	10	255	1212.900	598.200	13.314	5.289	2.407	126.027
72	1	255	1200.500	599.500	2.828	1.128	1.128	0.000
73	2	255	1209.000	599.000	5.657	2.596	0.981	45.000
74	35	255	1213.471	592.471	43.456	9.786	4.554	48.171
75	1	255	1184.500	597.500	2.828	1.128	1.128	0.000
76	1	255	1189.500	597.500	2.828	1.128	1.128	0.000
77	1	255	1194.500	597.500	2.828	1.128	1.128	0.000
78	2	255	1196.500	597.000	4.828	2.257	1.128	90.000
79	21	255	1202.452	595.310	21.556	8.520	3.138	29.725
80	1	255	1192.500	596.500	2.828	1.128	1.128	0.000
81	143189	255	1074.262	212.648	2965.863	577.758	315.554	64.701
82	1	255	1153.500	592.500	2.828	1.128	1.128	0.000
83	1	255	1191.500	592.500	2.828	1.128	1.128	0.000
84	1	255	1197.500	591.500	2.828	1.128	1.128	0.000
85	1	255	1207.500	591.500	2.828	1.128	1.128	0.000
86	1	255	1190.500	590.500	2.828	1.128	1.128	0.000
87	2	255	1200.000	590.500	4.243	2.257	1.128	0.000
88	1	255	1160.500	589.500	2.828	1.128	1.128	0.000
89	6	255	1205.000	588.500	7.657	3.385	2.257	90.000
90	1	255	1186.500	588.500	2.828	1.128	1.128	0.000
91	1	255	1174.500	587.500	2.828	1.128	1.128	0.000
92	2	255	1192.000	587.000	5.657	2.596	0.981	135.000
93	43	255	1197.105	582.430	53.841	10.912	5.017	52.631
94	1	255	1184.500	585.500	2.828	1.128	1.128	0.000
95	1	255	1169.500	584.500	2.828	1.128	1.128	0.000
96	2	255	1183.000	583.000	5.657	2.596	0.981	135.000
97	3	255	1186.500	582.833	7.071	3.213	1.189	28.155
98	4	255	1223.000	580.000	5.657	2.257	2.257	0.000
99	3	255	1183.833	578.500	7.657	3.213	1.189	61.845
100	1	255	1188.500	579.500	2.828	1.128	1.128	0.000
101	1	255	1181.500	577.500	2.828	1.128	1.128	0.000
102	2	255	1191.500	577.000	4.828	2.257	1.128	90.000
103	49	255	1194.500	571.908	74.083	9.497	6.570	14.624
104	1	255	1181.500	575.500	2.828	1.128	1.128	0.000
105	1	255	1160.500	574.500	2.828	1.128	1.128	0.000
106	1	255	1172.500	571.500	2.828	1.128	1.128	0.000
107	1	255	1175.500	571.500	2.828	1.128	1.128	0.000
108	4	255	1176.000	569.000	5.657	2.257	2.257	0.000
109	9	255	1183.389	566.056	13.314	4.677	2.450	71.348
110	1	255	1165.500	567.500	2.828	1.128	1.128	0.000
111	1	255	1178.500	566.500	2.828	1.128	1.128	0.000
112	3	255	1188.500	566.500	6.243	3.385	1.128	0.000
113	1	255	1168.500	565.500	2.828	1.128	1.128	0.000
114	4	255	1172.000	564.000	5.657	2.257	2.257	0.000
115	1	255	1180.500	563.500	2.828	1.128	1.128	0.000
116	1	255	1188.500	563.500	2.828	1.128	1.128	0.000
117	11	255	1197.409	561.136	12.485	5.326	2.630	175.269
118	4	255	1172.000	561.000	5.657	2.257	2.257	0.000
119	1	255	1176.500	561.500	2.828	1.128	1.128	0.000
120	2	255	1159.500	560.000	4.828	2.257	1.128	90.000
121	2	255	1167.500	560.000	4.828	2.257	1.128	90.000
122	1	255	1144.500	559.500	2.828	1.128	1.128	0.000
123	3	255	1175.500	559.167	7.071	3.213	1.189	151.845
124	5	255	1180.100	558.900	9.899	3.702	1.720	164.518
125	1	255	1147.500	558.500	2.828	1.128	1.128	0.000
126	6	255	1168.667	556.667	13.314	4.140	1.845	72.344
127	2	255	1150.500	557.000	4.828	2.257	1.128	90.000
128	1	255	1152.500	557.500	2.828	1.128	1.128	0.000
129	1	255	1156.500	557.500	2.828	1.128	1.128	0.000
130	3	255	1176.500	555.500	6.828	3.385	1.128	90.000
131	1	255	1143.500	555.500	2.828	1.128	1.128	0.000
132	1	255	1152.500	554.500	2.828	1.128	1.128	0.000
133	1	255	1144.500	553.500	2.828	1.128	1.128	0.000
134	3	255	1152.500	552.500	6.243	3.385	1.128	0.000
135	2	255	1155.500	552.000	4.828	2.257	1.128	90.000
136	1	255	1159.500	552.500	2.828	1.128	1.128	0.000
137	5	255	1172.300	551.700	8.485	3.461	1.839	135.000
138	2	255	1149.500	551.000	4.828	2.257	1.128	90.000
139	3	255	1176.167	550.833	5.657	2.365	1.615	45.000
140	1	255	1181.500	551.500	2.828	1.128	1.128	0.000
141	1	255	1147.500	550.500	2.828	1.128	1.128	0.000
142	3	255	1152.500	549.500	6.828	3.385	1.128	90.000
143	1	255	1159.500	550.500	2.828	1.128	1.128	0.000
144	4	255	1157.000	548.500	7.657	3.216	1.583	58.283
145	2	255	1168.500	549.000	4.828	2.257	1.128	90.000
146	3	255	1179.167	548.167	5.657	2.365	1.615	135.000
147	11	255	1171.045	545.227	17.556	4.554	3.075	95.729
148	1	255	1136.500	546.500	2.828	1.128	1.128	0.000
149	4	255	1149.500	545.000	8.828	4.514	1.128	90.000
150	1	255	1154.500	546.500	2.828	1.128	1.128	0.000
151	6	255	1182.000	545.500	7.657	3.385	2.257	90.000
152	1	255	1151.500	545.500	2.828	1.128	1.128	0.000
153	9	255	1157.944	543.722	14.728	5.067	2.261	36.975
154	1	255	1130.500	544.500	2.828	1.128	1.128	0.000
155	1	255	1132.500	544.500	2.828	1.128	1.128	0.000
156	1	255	1146.500	543.500	2.828	1.128	1.128	0.000
157	1	255	1152.500	543.500	2.828	1.128	1.128	0.000
158	1	255	1174.500	543.500	2.828	1.128	1.128	0.000
159	1	255	1143.500	542.500	2.828	1.128	1.128	0.000
160	3	255	1163.833	541.833	5.657	2.365	1.615	135.000
161	1	255	1152.500	540.500	2.828	1.128	1.128	0.000
162	3	255	1154.833	539.500	7.657	3.213	1.189	118.155
163	17	255	1161.147	537.971	20.971	5.296	4.087	131.347
164	1	255	1124.500	539.500	2.828	1.128	1.128	0.000
165	2	255	1141.000	539.500	4.243	2.257	1.128	0.000
166	9	255	1149.278	537.611	13.314	5.143	2.228	33.966
167	49	255	1164.378	532.684	41.456	10.227	6.100	64.968
168	13	255	1154.115	535.115	22.971	5.652	2.929	10.214
169	3	255	1170.833	537.167	5.657	2.365	1.615	45.000
170	1	255	1128.500	536.500	2.828	1.128	1.128	0.000
171	2	255	1110.500	534.000	4.828	2.257	1.128	90.000
172	1	255	1142.500	534.500	2.828	1.128	1.128	0.000
173	1	255	1144.500	534.500	2.828	1.128	1.128	0.000
174	2	255	1148.000	534.500	4.243	2.257	1.128	0.000
175	1	255	1159.500	534.500	2.828	1.128	1.128	0.000
176	4	255	1168.750	533.750	7.657	3.192	1.596	71.565
177	1	255	1106.500	533.500	2.828	1.128	1.128	0.000
178	1	255	1129.500	532.500	2.828	1.128	1.128	0.000
179	2	255	1129.000	529.500	4.243	2.257	1.128	0.000
180	2	255	1143.000	529.500	4.243	2.257	1.128	0.000
181	2	255	1153.500	529.000	4.828	2.257	1.128	90.000
182	1	255	1102.500	528.500	2.828	1.128	1.128	0.000
183	2	255	1125.000	527.500	4.243	2.257	1.128	0.000
184	1	255	1132.500	527.500	2.828	1.128	1.128	0.000
185	13	255	1134.500	521.885	26.728	9.798	1.689	85.375
186	2	255	1145.000	527.000	5.657	2.596	0.981	135.000
187	7	255	1148.500	525.071	13.314	4.464	1.997	70.264
188	80	255	1158.725	521.800	53.941	10.882	9.361	115.775
189	1	255	1103.500	526.500	2.828	1.128	1.128	0.000
190	4	255	1117.500	524.000	8.828	4.514	1.128	90.000
191	1	255	1119.500	525.500	2.828	1.128	1.128	0.000
192	4	255	1130.500	524.000	8.828	4.514	1.128	90.000
193	11	255	1127.682	521.136	18.142	5.607	2.498	100.020
194	22	255	1138.909	519.682	33.213	6.122	4.575	107.953
195	1	255	1144.500	523.500	2.828	1.128	1.128	0.000
196	1	255	1109.500	521.500	2.828	1.128	1.128	0.000
197	2	255	1150.500	521.000	4.828	2.257	1.128	90.000
198	1	255	1111.500	520.500	2.828	1.128	1.128	0.000
199	2	255	1120.500	520.000	4.828	2.257	1.128	90.000
200	2	255	1146.500	520.000	4.828	2.257	1.128	90.000
201	1	255	1130.500	519.500	2.828	1.128	1.128	0.000
202	1	255	1095.500	518.500	2.828	1.128	1.128	0.000
203	2	255	1124.500	517.000	4.828	2.257	1.128	90.000
204	9	255	1140.167	514.056	10.485	4.196	2.731	83.953
205	1	255	1143.500	515.500	2.828	1.128	1.128	0.000
206	7	255	1133.500	513.786	9.071	3.086	2.888	0.000
207	1	255	1107.500	513.500	2.828	1.128	1.128	0.000
208	11	255	1123.227	511.500	20.728	4.845	2.891	13.153
209	1	255	1143.500	512.500	2.828	1.128	1.128	0.000
210	1	255	1092.500	511.500	2.828	1.128	1.128	0.000
211	2	255	1131.000	511.500	4.243	2.257	1.128	0.000
212	1	255	1099.500	510.500	2.828	1.128	1.128	0.000
213	1	255	1108.500	510.500	2.828	1.128	1.128	0.000
214	4	255	1111.250	510.000	8.485	2.887	1.764	165.128
215	1	255	1116.500	510.500	2.828	1.128	1.128	0.000
216	4	255	1134.000	510.000	9.071	4.218	1.207	22.500
217	3	255	1138.500	510.500	6.243	3.385	1.128	0.000
218	1	255	1141.500	510.500	2.828	1.128	1.128	0.000
219	4	255	1080.250	508.000	9.657	3.969	1.283	72.391
220	23	255	1126.674	505.630	27.799	7.021	4.171	52.820
221	2	255	1102.500	508.000	4.828	2.257	1.128	90.000
222	2	255	1117.500	508.000	4.828	2.257	1.128	90.000
223	1	255	1119.500	508.500	2.828	1.128	1.128	0.000
224	1	255	1098.500	507.500	2.828	1.128	1.128	0.000
225	1	255	1110.500	507.500	2.828	1.128	1.128	0.000
226	2	255	1114.500	507.000	4.828	2.257	1.128	90.000
227	1	255	1138.500	507.500	2.828	1.128	1.128	0.000
228	1	255	1112.500	506.500	2.828	1.128	1.128	0.000
229	1	255	1135.500	506.500	2.828	1.128	1.128	0.000
230	3	255	1092.833	505.167	5.657	2.365	1.615	45.000
231	2	255	1107.500	505.000	4.828	2.257	1.128	90.000
232	3	255	1116.500	504.833	7.071	3.213	1.189	28.155
233	3	255	1101.167	503.500	7.657	3.213	1.189	61.845
234	3	255	1109.833	503.833	5.657	2.365	1.615	135.000
235	3	255	1113.167	503.167	5.657	2.365	1.615	135.000
236	1	255	1130.500	503.500	2.828	1.128	1.128	0.000
237	1	255	1098.500	502.500	2.828	1.128	1.128	0.000
238	1	255	1117.500	502.500	2.828	1.128	1.128	0.000
239	2	255	1120.500	502.000	4.828	2.257	1.128	90.000
240	4	255	1131.750	501.750	7.657	3.192	1.596	18.435
241	1	255	1093.500	501.500	2.828	1.128	1.128	0.000
242	1	255	1059.500	500.500	2.828	1.128	1.128	0.000
243	1	255	1089.500	500.500	2.828	1.128	1.128	0.000
244	7	255	1108.500	499.786	9.071	3.086	2.888	0.000
245	3	255	1123.167	500.167	5.657	2.365	1.615	135.000
246	1	255	1080.500	499.500	2.828	1.128	1.128	0.000
247	7	255	1104.929	497.643	11.899	3.945	2.259	130.269
248	4	255	1120.250	498.750	7.657	3.192	1.596	108.435
249	2	255	1131.500	499.000	4.828	2.257	1.128	90.000
250	1	255	1087.500	498.500	2.828	1.128	1.128	0.000
251	1	255	1099.500	498.500	2.828	1.128	1.128	0.000
252	4	255	1114.000	498.000	5.657	2.257	2.257	0.000
253	2	255	1090.500	496.000	4.828	2.257	1.128	90.000
254	3	255	1096.500	495.500	6.828	3.385	1.128	90.000
255	1	255	1057.500	495.500	2.828	1.128	1.128	0.000
256	2	255	1094.000	495.000	5.657	2.596	0.981	45.000
257	1	255	1100.500	495.500	2.828	1.128	1.128	0.000
258	2	255	1113.500	494.000	4.828	2.257	1.128	90.000
259	1	255	1128.500	494.500	2.828	1.128	1.128	0.000
260	4	255	1101.000	493.500	8.243	4.514	1.128	0.000
261	4	255	1111.000	493.000	5.657	2.257	2.257	0.000
262	30	255	1101.467	487.833	29.799	8.926	4.279	52.573
263	5	255	1086.300	488.700	9.657	4.183	1.522	79.099
264	2	255	1097.000	490.500	4.243	2.257	1.128	0.000
265	1	255	1128.500	490.500	2.828	1.128	1.128	0.000
266	2	255	1074.000	489.500	4.243	2.257	1.128	0.000
267	1	255	1093.500	489.500	2.828	1.128	1.128	0.000
268	1	255	1077.500	488.500	2.828	1.128	1.128	0.000
269	1	255	1081.500	487.500	2.828	1.128	1.128	0.000
270	1	255	1059.500	486.500	2.828	1.128	1.128	0.000
271	2	255	1077.000	486.500	4.243	2.257	1.128	0.000
272	9	255	1106.833	485.056	10.485	4.196	2.731	96.047
273	1	255	1086.500	485.500	2.828	1.128	1.128	0.000
274	3	255	1082.167	483.833	5.657	2.365	1.615	45.000
275	6	255	1103.500	482.667	8.485	3.718	2.055	143.130
276	1	255	1080.500	481.500	2.828	1.128	1.128	0.000
277	3	255	1089.500	480.500	6.828	3.385	1.128	90.000
278	1	255	1082.500	479.500	2.828	1.128	1.128	0.000
279	1	255	1091.500	479.500	2.828	1.128	1.128	0.000
280	1	255	1078.500	476.500	2.828	1.128	1.128	0.000
281	2	255	1064.500	474.000	4.828	2.257	1.128	90.000
282	2	255	1079.500	473.000	4.828	2.257	1.128	90.000
283	3	255	1084.167	471.833	5.657	2.365	1.615	45.000
284	1	255	1079.500	470.500	2.828	1.128	1.128	0.000
285	1	255	1087.500	470.500	2.828	1.128	1.128	0.000
286	1	255	1054.500	469.500	2.828	1.128	1.128	0.000
287	1	255	1072.500	469.500	2.828	1.128	1.128	0.000
288	1	255	1066.500	468.500	2.828	1.128	1.128	0.000
289	6	255	1075.000	467.667	10.485	3.479	2.196	155.817
290	2	255	1079.500	468.000	4.828	2.257	1.128	90.000
291	7	255	1083.357	466.929	11.071	3.644	2.446	157.500
292	1	255	1039.500	465.500	2.828	1.128	1.128	0.000
293	1	255	1069.500	465.500	2.828	1.128	1.128	0.000
294	17	255	1072.029	462.500	26.042	7.593	2.851	43.216
295	3	255	1063.500	463.500	6.828	3.385	1.128	90.000
296	1	255	1059.500	463.500	2.828	1.128	1.128	0.000
297	3	255	1077.167	462.833	5.657	2.365	1.615	45.000
298	2	255	1066.000	462.500	4.243	2.257	1.128	0.000
299	8	255	1074.375	459.375	9.071	3.538	2.879	135.000
300	1	255	1082.500	460.500	2.828	1.128	1.128	0.000
301	1	255	1062.500	459.500	2.828	1.128	1.128	0.000
302	4	255	1060.000	457.000	5.657	2.257	2.257	0.000
303	1	255	1032.500	456.500	2.828	1.128	1.128	0.000
304	1	255	1054.500	456.500	2.828	1.128	1.128	0.000
305	1	255	1052.500	454.500	2.828	1.128	1.128	0.000
306	1	255	1055.500	454.500	2.828	1.128	1.128	0.000
307	1	255	1059.500	454.500	2.828	1.128	1.128	0.000
308	2	255	1065.000	454.500	4.243	2.257	1.128	0.000
309	1	255	1067.500	454.500	2.828	1.128	1.128	0.000
310	6	255	1059.667	451.167	16.142	3.699	2.065	9.787
311	2	255	1068.000	452.500	4.243	2.257	1.128	0.000
312	1	255	1024.500	451.500	2.828	1.128	1.128	0.000
313	1	255	1052.500	451.500	2.828	1.128	1.128	0.000
314	1	255	1055.500	451.500	2.828	1.128	1.128	0.000
315	11	255	1066.409	449.045	19.556	4.438	3.156	162.920
316	1	255	1046.500	449.500	2.828	1.128	1.128	0.000
317	2	255	1052.500	448.000	4.828	2.257	1.128	90.000
318	9	255	1056.389	447.167	12.485	4.422	2.591	4.265
319	1	255	1035.500	447.500	2.828	1.128	1.128	0.000
320	1	255	1045.500	447.500	2.828	1.128	1.128	0.000
321	2	255	1048.000	447.000	5.657	2.596	0.981	135.000
322	2	255	1061.000	447.000	5.657	2.596	0.981	135.000
323	2	255	1047.500	444.000	4.828	2.257	1.128	90.000
324	15	255	1063.633	442.300	17.556	6.724	2.840	50.724
325	33	255	1055.864	438.833	41.113	8.125	5.172	76.848
326	2	255	1060.500	443.000	4.828	2.257	1.128	90.000
327	1	255	1042.500	442.500	2.828	1.128	1.128	0.000
328	2	255	1044.500	440.000	4.828	2.257	1.128	90.000
329	1	255	1059.500	440.500	2.828	1.128	1.128	0.000
330	1	255	1011.500	439.500	2.828	1.128	1.128	0.000
331	3	255	1041.500	439.500	6.243	3.385	1.128	0.000
332	1	255	1032.500	438.500	2.828	1.128	1.128	0.000
333	1	255	1052.500	438.500	2.828	1.128	1.128	0.000
334	7	255	1040.786	435.643	12.485	4.085	2.182	136.907
335	3	255	1049.167	436.833	5.657	2.365	1.615	45.000
336	15	255	1060.167	431.033	19.314	8.472	2.254	86.769
337	1	255	1037.500	433.500	2.828	1.128	1.128	0.000
338	1	255	1041.500	432.500	2.828	1.128	1.128	0.000
339	2	255	1045.000	432.500	4.243	2.257	1.128	0.000
340	1	255	1049.500	432.500	2.828	1.128	1.128	0.000
341	1	255	1034.500	431.500	2.828	1.128	1.128	0.000
342	1	255	1055.500	431.500	2.828	1.128	1.128	0.000
343	3	255	1041.500	429.500	6.828	3.385	1.128	90.000
344	3	255	1043.833	430.167	5.657	2.365	1.615	45.000
345	4	255	1047.000	429.000	9.657	4.218	1.207	112.500
346	2	255	1035.500	428.000	4.828	2.257	1.128	90.000
347	1	255	1038.500	427.500	2.828	1.128	1.128	0.000
348	1	255	1057.500	427.500	2.828	1.128	1.128	0.000
349	2	255	1031.500	426.000	4.828	2.257	1.128	90.000
350	11	255	1045.227	424.773	13.899	4.751	2.948	139.594
351	3	255	1055.500	425.500	6.828	3.385	1.128	90.000
352	20	255	1037.650	421.350	34.042	8.108	3.141	47.582
353	1	255	1048.500	423.500	2.828	1.128	1.128	0.000
354	2	255	1042.000	422.500	4.243	2.257	1.128	0.000
355	3	255	1044.167	419.833	5.657	2.365	1.615	45.000
356	2	255	1033.000	417.500	4.243	2.257	1.128	0.000
357	1	255	1039.500	417.500	2.828	1.128	1.128	0.000
358	12	255	1042.083	413.500	20.142	7.269	2.102	82.613
359	1	255	1009.500	416.500	2.828	1.128	1.128	0.000
360	4	255	1046.000	416.000	5.657	2.257	2.257	0.000
361	1	255	997.500	415.500	2.828	1.128	1.128	0.000
362	5	255	1029.100	414.300	7.657	3.144	2.025	71.565
363	3	255	1033.500	415.167	7.071	3.213	1.189	28.155
364	1	255	1015.500	414.500	2.828	1.128	1.128	0.000
365	5	255	1035.500	412.900	10.485	4.409	1.444	49.265
366	1	255	1039.500	413.500	2.828	1.128	1.128	0.000
367	6	255	1023.667	411.833	11.071	4.986	1.532	14.655
368	1	255	1018.500	410.500	2.828	1.128	1.128	0.000
369	9	255	1032.389	408.500	15.314	3.630	3.156	90.000
370	2	255	1036.500	410.000	4.828	2.257	1.128	90.000
371	1	255	1023.500	408.500	2.828	1.128	1.128	0.000
372	4	255	1018.000	406.500	7.657	3.216	1.583	58.283
373	1	255	1038.500	407.500	2.828	1.128	1.128	0.000
374	2	255	1011.500	406.000	4.828	2.257	1.128	90.000
375	6	255	1027.667	405.333	9.899	3.327	2.296	65.301
376	2	255	1005.000	405.500	4.243	2.257	1.128	0.000
377	1	255	1031.500	404.500	2.828	1.128	1.128	0.000
378	5	255	1026.500	402.500	10.243	5.642	1.128	0.000
379	2	255	1009.500	400.000	4.828	2.257	1.128	90.000
380	3	255	1021.167	400.167	5.657	2.365	1.615	135.000
381	1	255	994.500	399.500	2.828	1.128	1.128	0.000
382	2	255	1005.000	399.500	4.243	2.257	1.128	0.000
383	1	255	1015.500	399.500	2.828	1.128	1.128	0.000
384	1	255	989.500	398.500	2.828	1.128	1.128	0.000
385	1	255	1023.500	398.500	2.828	1.128	1.128	0.000
386	3	255	1014.500	397.500	6.243	3.385	1.128	0.000
387	1	255	998.500	395.500	2.828	1.128	1.128	0.000
388	1	255	1010.500	394.500	2.828	1.128	1.128	0.000
389	8	255	1015.875	393.000	15.899	5.703	1.786	139.084
390	2	255	1023.000	394.500	4.243	2.257	1.128	0.000
391	2	255	999.000	393.500	4.243	2.257	1.128	0.000
392	7	255	1013.214	391.071	11.314	3.830	2.327	110.457
393	2	255	997.000	391.500	4.243	2.257	1.128	0.000
394	2	255	1006.000	390.500	4.243	2.257	1.128	0.000
395	6	255	1019.500	387.000	12.828	6.770	1.128	90.000
396	1	255	1016.500	387.500	2.828	1.128	1.128	0.000
397	2	255	998.500	385.000	4.828	2.257	1.128	90.000
398	2	255	1000.500	385.000	4.828	2.257	1.128	90.000
399	17	255	1012.382	384.441	24.971	8.905	2.431	164.408
400	2	255	1004.500	384.000	4.828	2.257	1.128	90.000
401	1	255	982.500	382.500	2.828	1.128	1.128	0.000
402	1	255	991.500	382.500	2.828	1.128	1.128	0.000
403	9	255	1006.722	379.944	14.142	4.584	2.500	145.581
404	1	255	959.500	379.500	2.828	1.128	1.128	0.000
405	3	255	997.167	377.167	5.657	2.365	1.615	135.000
406	5	255	1001.900	375.700	11.071	4.072	1.563	58.283
407	1	255	992.500	376.500	2.828	1.128	1.128	0.000
408	2	255	979.000	374.500	4.243	2.257	1.128	0.000
409	2	255	992.500	374.000	4.828	2.257	1.128	90.000
410	1	255	976.500	372.500	2.828	1.128	1.128	0.000
411	1	255	1002.500	372.500	2.828	1.128	1.128	0.000
412	4	255	991.500	370.500	8.485	2.838	1.795	135.000
413	7	255	1005.357	369.786	9.071	3.507	2.542	30.473
414	3	255	989.833	368.167	5.657	2.365	1.615	45.000
415	1	255	992.500	366.500	2.828	1.128	1.128	0.000
416	1	255	995.500	366.500	2.828	1.128	1.128	0.000
417	5	255	1001.300	366.100	7.071	3.144	2.025	18.435
418	1	255	994.500	364.500	2.828	1.128	1.128	0.000
419	10	255	989.400	360.400	22.142	5.279	2.412	81.650
420	7	255	994.071	360.643	11.314	3.945	2.259	175.269
421	1	255	986.500	360.500	2.828	1.128	1.128	0.000
422	1	255	981.500	359.500	2.828	1.128	1.128	0.000
423	1	255	969.500	358.500	2.828	1.128	1.128	0.000
424	5	255	980.100	356.500	11.657	5.078	1.254	107.143
425	3	255	984.833	357.500	7.657	3.213	1.189	118.155
426	5	255	995.500	357.900	11.071	5.078	1.254	17.143
427	1	255	952.500	357.500	2.828	1.128	1.128	0.000
428	1	255	973.500	356.500	2.828	1.128	1.128	0.000
429	11	255	996.591	354.955	13.314	6.115	2.290	33.103
430	1	255	992.500	355.500	2.828	1.128	1.128	0.000
431	1	255	928.500	354.500	2.828	1.128	1.128	0.000
432	2	255	978.000	354.500	4.243	2.257	1.128	0.000
433	2	255	985.500	353.000	4.828	2.257	1.128	90.000
434	1	255	967.500	352.500	2.828	1.128	1.128	0.000
435	5	255	982.500	351.300	8.485	3.086	2.063	124.099
436	5	255	987.900	350.500	11.657	5.078	1.254	72.857
437	2	255	979.500	351.000	4.828	2.257	1.128	90.000
438	1	255	972.500	350.500	2.828	1.128	1.128	0.000
439	1	255	941.500	348.500	2.828	1.128	1.128	0.000
440	4	255	981.000	348.500	8.243	4.514	1.128	0.000
441	2	255	976.500	346.000	4.828	2.257	1.128	90.000
442	2	255	985.500	346.000	4.828	2.257	1.128	90.000
443	2	255	961.000	345.500	4.243	2.257	1.128	0.000
444	1	255	982.500	345.500	2.828	1.128	1.128	0.000
445	20	255	990.500	341.750	22.728	5.810	4.383	167.716
446	3	255	969.500	343.500	6.243	3.385	1.128	0.000
447	4	255	975.500	342.750	10.485	2.420	2.105	90.000
448	2	255	979.500	343.000	4.828	2.257	1.128	90.000
449	1	255	964.500	342.500	2.828	1.128	1.128	0.000
450	2	255	971.000	341.500	4.243	2.257	1.128	0.000
451	1	255	952.500	339.500	2.828	1.128	1.128	0.000
452	7	255	968.643	337.214	16.728	4.899	1.819	63.592
453	1	255	980.500	339.500	2.828	1.128	1.128	0.000
454	18	255	977.000	334.722	31.213	6.463	3.546	73.564
455	21	255	987.643	336.405	22.971	7.828	3.416	159.019
456	2	255	963.500	336.000	4.828	2.257	1.128	90.000
457	3	255	972.167	335.833	5.657	2.365	1.615	45.000
458	1	255	930.500	335.500	2.828	1.128	1.128	0.000
459	1	255	957.500	335.500	2.828	1.128	1.128	0.000
460	3	255	982.500	335.167	7.071	3.213	1.189	28.155
461	1	255	955.500	334.500	2.828	1.128	1.128	0.000
462	1	255	957.500	333.500	2.828	1.128	1.128	0.000
463	1	255	962.500	333.500	2.828	1.128	1.128	0.000
464	2	255	973.000	333.500	4.243	2.257	1.128	0.000
465	1	255	979.500	332.500	2.828	1.128	1.128	0.000
466	2	255	983.500	332.000	4.828	2.257	1.128	90.000
467	1	255	960.500	330.500	2.828	1.128	1.128	0.000
468	2	255	956.500	329.000	4.828	2.257	1.128	90.000
469	1	255	954.500	327.500	2.828	1.128	1.128	0.000
470	1	255	972.500	327.500	2.828	1.128	1.128	0.000
471	1	255	976.500	327.500	2.828	1.128	1.128	0.000
472	1	255	949.500	325.500	2.828	1.128	1.128	0.000
473	6	255	979.500	325.000	7.657	3.385	2.257	0.000
474	1	255	976.500	324.500	2.828	1.128	1.128	0.000
475	1	255	968.500	322.500	2.828	1.128	1.128	0.000
476	2	255	975.500	322.000	4.828	2.257	1.128	90.000
477	1	255	943.500	321.500	2.828	1.128	1.128	0.000
478	2	255	955.500	320.000	4.828	2.257	1.128	90.000
479	3	255	953.167	319.167	5.657	2.365	1.615	135.000
480	4	255	960.250	319.250	7.071	3.192	1.596	18.435
481	3	255	970.500	319.500	6.243	3.385	1.128	0.000
482	1	255	973.500	319.500	2.828	1.128	1.128	0.000
483	1	255	930.500	318.500	2.828	1.128	1.128	0.000
484	1	255	967.500	318.500	2.828	1.128	1.128	0.000
485	1	255	956.500	317.500	2.828	1.128	1.128	0.000
486	19	255	973.605	313.868	22.142	7.304	3.312	82.377
487	1	255	952.500	314.500	2.828	1.128	1.128	0.000
488	2	255	964.000	314.500	4.243	2.257	1.128	0.000
489	7	255	968.071	313.071	12.728	3.951	2.256	59.150
490	3	255	956.833	311.833	5.657	2.365	1.615	135.000
491	1	255	933.500	311.500	2.828	1.128	1.128	0.000
492	1	255	959.500	311.500	2.828	1.128	1.128	0.000
493	1	255	952.500	310.500	2.828	1.128	1.128	0.000
494	1	255	969.500	310.500	2.828	1.128	1.128	0.000
495	8	255	980.750	308.500	11.071	4.037	2.523	56.310
496	1	255	956.500	309.500	2.828	1.128	1.128	0.000
497	13	255	966.885	305.423	17.657	8.133	2.035	94.693
498	1	255	932.500	308.500	2.828	1.128	1.128	0.000
499	11	255	959.773	304.591	20.485	6.016	2.328	73.719
500	2	255	962.500	308.000	4.828	2.257	1.128	90.000
501	4	255	970.750	307.000	9.657	3.969	1.283	72.391
502	2	255	973.500	308.000	4.828	2.257	1.128	90.000
503	10	255	954.000	303.600	20.142	4.790	2.658	63.579
504	1	255	972.500	305.500	2.828	1.128	1.128	0.000
505	6	255	942.167	301.000	14.485	5.972	1.279	67.670
506	1	255	969.500	303.500	2.828	1.128	1.128	0.000
507	4	255	939.250	301.000	9.657	3.969	1.283	107.609
508	42	255	966.619	298.190	36.627	8.428	6.345	7.538
509	42	255	956.595	293.714	55.941	13.870	3.855	80.823
510	6	255	937.000	297.500	11.657	5.025	1.520	72.391
511	1	255	950.500	299.500	2.828	1.128	1.128	0.000
512	2	255	944.500	297.000	4.828	2.257	1.128	90.000
513	1	255	927.500	296.500	2.828	1.128	1.128	0.000
514	11	255	951.136	293.773	18.142	7.007	1.999	115.958
515	1	255	939.500	295.500	2.828	1.128	1.128	0.000
516	2	255	943.000	295.000	5.657	2.596	0.981	135.000
517	1	255	947.500	295.500	2.828	1.128	1.128	0.000
518	3	255	959.833	295.167	5.657	2.365	1.615	45.000
519	1	255	933.500	294.500	2.828	1.128	1.128	0.000
520	1	255	945.500	294.500	2.828	1.128	1.128	0.000
521	1	255	913.500	293.500	2.828	1.128	1.128	0.000
522	2	255	924.500	293.000	4.828	2.257	1.128	90.000
523	4	255	941.000	293.000	5.657	2.257	2.257	0.000
524	1	255	936.500	292.500	2.828	1.128	1.128	0.000
525	2	255	947.000	292.500	4.243	2.257	1.128	0.000
526	1	255	959.500	292.500	2.828	1.128	1.128	0.000
527	1	255	921.500	290.500	2.828	1.128	1.128	0.000
528	2	255	939.000	290.500	4.243	2.257	1.128	0.000
529	2	255	944.000	290.000	5.657	2.596	0.981	135.000
530	1	255	947.500	289.500	2.828	1.128	1.128	0.000
531	2	255	950.000	289.500	4.243	2.257	1.128	0.000
532	1	255	921.500	287.500	2.828	1.128	1.128	0.000
533	4	255	937.750	286.750	7.657	3.192	1.596	71.565
534	2	255	946.000	287.500	4.243	2.257	1.128	0.000
535	4	255	952.250	286.000	9.657	3.969	1.283	107.609
536	1	255	919.500	286.500	2.828	1.128	1.128	0.000
537	1	255	924.500	286.500	2.828	1.128	1.128	0.000
538	1	255	927.500	286.500	2.828	1.128	1.128	0.000
539	1	255	942.500	286.500	2.828	1.128	1.128	0.000
540	1	255	922.500	285.500	2.828	1.128	1.128	0.000
541	4	255	950.000	284.500	7.657	3.216	1.583	58.283
542	5	255	934.700	283.900	7.657	3.144	2.025	18.435
543	1	255	944.500	284.500	2.828	1.128	1.128	0.000
544	4	255	929.000	282.750	9.071	3.969	1.283	162.391
545	14	255	944.857	280.929	19.314	4.813	3.704	170.008
546	2	255	921.500	281.000	4.828	2.257	1.128	90.000
547	3	255	925.500	280.500	6.828	3.385	1.128	90.000
548	3	255	936.500	278.833	8.485	2.446	1.561	0.000
549	1	255	915.500	278.500	2.828	1.128	1.128	0.000
550	1	255	918.500	278.500	2.828	1.128	1.128	0.000
551	2	255	928.000	278.500	4.243	2.257	1.128	0.000
552	9	255	943.278	276.389	13.899	3.769	3.040	55.278
553	1	255	914.500	275.500	2.828	1.128	1.128	0.000
554	1	255	917.500	275.500	2.828	1.128	1.128	0.000
555	1	255	920.500	275.500	2.828	1.128	1.128	0.000
556	15	255	936.967	272.033	28.142	5.104	3.742	135.000
557	6	255	946.000	272.500	7.657	3.385	2.257	90.000
558	2	255	915.500	272.000	4.828	2.257	1.128	90.000
559	9	255	927.944	268.944	16.485	5.984	1.915	107.465
560	22	255	934.545	265.455	28.971	7.059	3.968	118.499
561	2	255	926.500	267.000	4.828	2.257	1.128	90.000
562	1	255	914.500	265.500	2.828	1.128	1.128	0.000
563	5	255	924.100	264.300	7.657	3.144	2.025	71.565
564	1	255	916.500	263.500	2.828	1.128	1.128	0.000
565	2	255	928.000	263.000	5.657	2.596	0.981	135.000
566	2	255	931.000	263.500	4.243	2.257	1.128	0.000
567	3	255	913.500	261.500	6.828	3.385	1.128	90.000
568	2	255	921.000	262.500	4.243	2.257	1.128	0.000
569	4	255	924.000	261.000	5.657	2.257	2.257	0.000
570	1	255	932.500	259.500	2.828	1.128	1.128	0.000
571	2	255	925.500	258.000	4.828	2.257	1.128	90.000
572	1	255	909.500	257.500	2.828	1.128	1.128	0.000
573	1	255	918.500	257.500	2.828	1.128	1.128	0.000
574	3	255	928.833	256.833	5.657	2.365	1.615	135.000
575	1	255	906.500	255.500	2.828	1.128	1.128	0.000
576	1	255	915.500	255.500	2.828	1.128	1.128	0.000
577	1	255	917.500	254.500	2.828	1.128	1.128	0.000
578	1	255	923.500	254.500	2.828	1.128	1.128	0.000
579	12	255	931.167	252.250	14.485	5.905	2.587	92.424
580	2	255	914.500	253.000	4.828	2.257	1.128	90.000
581	3	255	928.500	251.500	6.828	3.385	1.128	90.000
582	1	255	917.500	251.500	2.828	1.128	1.128	0.000
583	2	255	922.000	251.500	4.243	2.257	1.128	0.000
584	4	255	926.000	251.000	5.657	2.257	2.257	0.000
585	1	255	917.500	248.500	2.828	1.128	1.128	0.000
586	18	255	929.056	245.889	20.971	5.162	4.439	73.838
587	1	255	923.500	247.500	2.828	1.128	1.128	0.000
588	1	255	911.500	246.500	2.828	1.128	1.128	0.000
589	2	255	925.500	246.000	4.828	2.257	1.128	90.000
590	2	255	934.000	246.500	4.243	2.257	1.128	0.000
591	3	255	922.500	244.500	6.828	3.385	1.128	90.000
592	16	255	921.312	238.812	22.971	6.159	3.308	119.196
593	3	255	925.500	240.500	6.828	3.385	1.128	90.000
594	1	255	903.500	239.500	2.828	1.128	1.128	0.000
595	1	255	906.500	239.500	2.828	1.128	1.128	0.000
596	1	255	910.500	238.500	2.828	1.128	1.128	0.000
597	2	255	914.000	238.500	4.243	2.257	1.128	0.000
598	35	255	918.843	228.700	40.870	7.988	5.578	41.110
599	1	255	904.500	231.500	2.828	1.128	1.128	0.000
600	4	255	911.500	225.000	8.828	4.514	1.128	90.000
601	3	255	920.167	223.500	7.657	3.213	1.189	61.845
602	1	255	909.500	222.500	2.828	1.128	1.128	0.000
603	13	255	917.346	218.962	17.314	5.779	2.864	108.820
604	2	255	906.500	219.000	4.828	2.257	1.128	90.000
605	2	255	908.500	219.000	4.828	2.257	1.128	90.000
606	5	255	913.500	217.500	10.828	5.642	1.128	90.000
607	1	255	909.500	215.500	2.828	1.128	1.128	0.000
608	2	255	916.000	214.500	4.243	2.257	1.128	0.000
609	6	255	912.500	211.667	8.485	3.718	2.055	36.870
610	2	255	899.500	211.000	4.828	2.257	1.128	90.000
611	2	255	902.500	209.000	4.828	2.257	1.128	90.000
612	6	255	904.500	206.000	11.071	3.909	1.954	26.565
613	1	255	907.500	204.500	2.828	1.128	1.128	0.000
614	7	255	911.643	202.643	10.485	4.285	2.080	52.267
615	2	255	908.500	202.000	4.828	2.257	1.128	90.000
616	2	255	902.000	199.000	5.657	2.596	0.981	45.000
617	15	255	906.900	196.367	27.213	6.743	2.833	29.895
618	1	255	904.500	198.500	2.828	1.128	1.128	0.000
619	1	255	901.500	194.500	2.828	1.128	1.128	0.000
620	2	255	911.500	194.000	4.828	2.257	1.128	90.000
621	2	255	907.500	192.000	4.828	2.257	1.128	90.000
622	4	255	898.250	190.250	7.657	3.192	1.596	71.565
623	1	255	903.500	191.500	2.828	1.128	1.128	0.000
624	1	255	868.500	187.500	2.828	1.128	1.128	0.000
625	1	255	895.500	186.500	2.828	1.128	1.128	0.000
626	1	255	894.500	183.500	2.828	1.128	1.128	0.000
627	1	255	903.500	182.500	2.828	1.128	1.128	0.000
628	15	255	907.367	180.967	16.728	7.121	2.682	24.900
629	1	255	899.500	180.500	2.828	1.128	1.128	0.000
630	1	255	867.500	179.500	2.828	1.128	1.128	0.000
631	4	255	901.500	177.000	8.828	4.514	1.128	90.000
632	1	255	911.500	178.500	2.828	1.128	1.128	0.000
633	1	255	903.500	177.500	2.828	1.128	1.128	0.000
634	1	255	888.500	175.500	2.828	1.128	1.128	0.000
635	5	255	897.700	173.700	9.657	4.183	1.522	169.099
636	1	255	893.500	173.500	2.828	1.128	1.128	0.000
637	1	255	901.500	173.500	2.828	1.128	1.128	0.000
638	2	255	907.000	173.500	4.243	2.257	1.128	0.000
639	2	255	886.000	172.500	4.243	2.257	1.128	0.000
640	12	255	905.000	170.000	16.142	5.532	2.762	163.155
641	2	255	897.000	170.500	4.243	2.257	1.128	0.000
642	2	255	894.500	168.000	4.828	2.257	1.128	90.000
643	2	255	900.000	168.500	4.243	2.257	1.128	0.000
644	1	255	902.500	168.500	2.828	1.128	1.128	0.000
645	1	255	897.500	167.500	2.828	1.128	1.128	0.000
646	2	255	879.500	166.000	4.828	2.257	1.128	90.000
647	34	255	901.618	162.765	58.527	8.814	4.911	34.127
648	2	255	886.500	164.000	4.828	2.257	1.128	90.000
649	2	255	893.000	159.500	4.243	2.257	1.128	0.000
650	1	255	889.500	158.500	2.828	1.128	1.128	0.000
651	5	255	892.900	156.300	7.657	3.144	2.025	108.435
652	2	255	887.500	156.000	4.828	2.257	1.128	90.000
653	3	255	896.167	155.500	7.657	3.213	1.189	118.155
654	4	255	899.750	154.750	7.657	3.192	1.596	71.565
655	1	255	874.500	151.500	2.828	1.128	1.128	0.000
656	2	255	893.000	151.000	5.657	2.596	0.981	135.000
657	2	255	896.000	151.000	5.657	2.596	0.981	135.000
658	1	255	861.500	150.500	2.828	1.128	1.128	0.000
659	1	255	864.500	150.500	2.828	1.128	1.128	0.000
660	2	255	870.000	150.500	4.243	2.257	1.128	0.000
661	1	255	888.500	150.500	2.828	1.128	1.128	0.000
662	1	255	890.500	150.500	2.828	1.128	1.128	0.000
663	1	255	827.500	149.500	2.828	1.128	1.128	0.000
664	4	255	860.000	148.000	9.657	4.218	1.207	112.500
665	1	255	876.500	149.500	2.828	1.128	1.128	0.000
666	1	255	824.500	148.500	2.828	1.128	1.128	0.000
667	2	255	872.000	147.000	5.657	2.596	0.981	135.000
668	2	255	878.500	147.000	4.828	2.257	1.128	90.000
669	2	255	889.500	147.000	4.828	2.257	1.128	90.000
670	1	255	892.500	147.500	2.828	1.128	1.128	0.000
671	2	255	856.500	146.000	4.828	2.257	1.128	90.000
672	4	255	886.750	146.250	7.657	3.192	1.596	161.565
673	3	255	867.167	144.833	5.657	2.365	1.615	45.000
674	1	255	874.500	145.500	2.828	1.128	1.128	0.000
675	6	255	881.333	144.667	10.485	4.274	1.787	28.862
676	1	255	858.500	144.500	2.828	1.128	1.128	0.000
677	1	255	825.500	143.500	2.828	1.128	1.128	0.000
678	1	255	870.500	143.500	2.828	1.128	1.128	0.000
679	1	255	873.500	143.500	2.828	1.128	1.128	0.000
680	2	255	887.000	143.500	4.243	2.257	1.128	0.000
681	2	255	890.500	143.000	4.828	2.257	1.128	90.000
682	1	255	830.500	142.500	2.828	1.128	1.128	0.000
683	1	255	852.500	142.500	2.828	1.128	1.128	0.000
684	1	255	824.500	141.500	2.828	1.128	1.128	0.000
685	1	255	854.500	141.500	2.828	1.128	1.128	0.000
686	2	255	849.500	140.000	4.828	2.257	1.128	90.000
687	1	255	873.500	140.500	2.828	1.128	1.128	0.000
688	3	255	878.500	140.500	6.243	3.385	1.128	0.000
689	3	255	882.500	140.500	6.243	3.385	1.128	0.000
690	2	255	832.500	139.000	4.828	2.257	1.128	90.000
691	1	255	879.500	137.500	2.828	1.128	1.128	0.000
692	3	255	882.500	137.500	6.243	3.385	1.128	0.000
693	1	255	843.500	136.500	2.828	1.128	1.128	0.000
694	1	255	834.500	135.500	2.828	1.128	1.128	0.000
695	1	255	840.500	135.500	2.828	1.128	1.128	0.000
696	1	255	853.500	135.500	2.828	1.128	1.128	0.000
697	1	255	855.500	135.500	2.828	1.128	1.128	0.000
698	2	255	883.000	135.500	4.243	2.257	1.128	0.000
699	1	255	768.500	134.500	2.828	1.128	1.128	0.000
700	1	255	771.500	134.500	2.828	1.128	1.128	0.000
701	1	255	821.500	134.500	2.828	1.128	1.128	0.000
702	2	255	865.000	134.500	4.243	2.257	1.128	0.000
703	1	255	872.500	134.500	2.828	1.128	1.128	0.000
704	1	255	879.500	134.500	2.828	1.128	1.128	0.000
705	2	255	818.500	133.000	4.828	2.257	1.128	90.000
706	2	255	840.500	132.000	4.828	2.257	1.128	90.000
707	2	255	856.500	132.000	4.828	2.257	1.128	90.000
708	2	255	874.000	132.500	4.243	2.257	1.128	0.000
709	2	255	854.000	130.500	4.243	2.257	1.128	0.000
710	1	255	872.500	129.500	2.828	1.128	1.128	0.000
711	1	255	858.500	128.500	2.828	1.128	1.128	0.000
712	1	255	832.500	127.500	2.828	1.128	1.128	0.000
713	1	255	845.500	127.500	2.828	1.128	1.128	0.000
714	2	255	852.000	127.500	4.243	2.257	1.128	0.000
715	1	255	863.500	127.500	2.828	1.128	1.128	0.000
716	2	255	874.000	127.500	4.243	2.257	1.128	0.000
717	1	255	829.500	126.500	2.828	1.128	1.128	0.000
718	1	255	848.500	126.500	2.828	1.128	1.128	0.000
719	2	255	867.000	126.500	4.243	2.257	1.128	0.000
720	2	255	809.500	125.000	4.828	2.257	1.128	90.000
721	7	255	854.786	123.214	13.657	5.930	1.503	79.178
722	5	255	862.700	124.700	8.485	3.833	1.661	135.000
723	9	255	872.722	124.944	11.657	5.229	2.191	4.731
724	6	255	884.500	123.667	10.485	4.339	1.761	125.249
725	4	255	858.500	123.750	7.071	2.734	1.863	0.000
726	4	255	877.750	123.750	7.657	3.192	1.596	18.435
727	2	255	868.000	123.500	4.243	2.257	1.128	0.000
728	1	255	880.500	123.500	2.828	1.128	1.128	0.000
729	1	255	815.500	121.500	2.828	1.128	1.128	0.000
730	2	255	873.000	121.500	4.243	2.257	1.128	0.000
731	6	255	878.833	120.167	9.071	3.489	2.190	45.000
732	7	255	883.357	119.500	14.485	3.556	2.506	139.065
733	3	255	857.500	119.833	7.071	3.213	1.189	28.155
734	1	255	863.500	120.500	2.828	1.128	1.128	0.000
735	3	255	868.500	120.500	6.243	3.385	1.128	0.000
736	1	255	777.500	119.500	2.828	1.128	1.128	0.000
737	2	255	812.000	119.500	4.243	2.257	1.128	0.000
738	1	255	815.500	119.500	2.828	1.128	1.128	0.000
739	2	255	831.000	119.000	5.657	2.596	0.981	45.000
740	1	255	834.500	119.500	2.828	1.128	1.128	0.000
741	4	255	870.750	118.750	7.657	3.192	1.596	18.435
742	1	255	820.500	118.500	2.828	1.128	1.128	0.000
743	2	255	852.000	118.500	4.243	2.257	1.128	0.000
744	1	255	864.500	118.500	2.828	1.128	1.128	0.000
745	1	255	873.500	118.500	2.828	1.128	1.128	0.000
746	3	255	829.833	115.500	7.657	3.213	1.189	118.155
747	1	255	837.500	116.500	2.828	1.128	1.128	0.000
748	8	255	865.375	116.000	12.485	5.056	2.014	6.558
749	2	255	874.000	116.500	4.243	2.257	1.128	0.000
750	2	255	853.500	115.000	4.828	2.257	1.128	90.000
751	1	255	859.500	115.500	2.828	1.128	1.128	0.000
752	19	255	867.237	111.974	32.627	7.370	3.283	32.928
753	2	255	822.000	114.500	4.243	2.257	1.128	0.000
754	5	255	857.700	110.500	12.485	5.322	1.196	62.877
755	1	255	819.500	111.500	2.828	1.128	1.128	0.000
756	1	255	821.500	111.500	2.828	1.128	1.128	0.000
757	1	255	826.500	111.500	2.828	1.128	1.128	0.000
758	1	255	851.500	111.500	2.828	1.128	1.128	0.000
759	1	255	775.500	110.500	2.828	1.128	1.128	0.000
760	1	255	816.500	110.500	2.828	1.128	1.128	0.000
761	3	255	828.833	109.500	7.657	3.213	1.189	118.155
762	1	255	841.500	110.500	2.828	1.128	1.128	0.000
763	2	255	847.500	110.000	4.828	2.257	1.128	90.000
764	5	255	860.700	108.900	9.657	3.732	1.706	95.152
765	1	255	783.500	109.500	2.828	1.128	1.128	0.000
766	1	255	824.500	109.500	2.828	1.128	1.128	0.000
767	2	255	851.500	109.000	4.828	2.257	1.128	90.000
768	34	255	855.294	104.118	53.941	7.539	5.742	148.707
769	2	255	871.500	109.000	4.828	2.257	1.128	90.000
770	2	255	713.000	108.000	5.657	2.596	0.981	45.000
771	1	255	815.500	108.500	2.828	1.128	1.128	0.000
772	4	255	834.000	106.000	5.657	2.257	2.257	0.000
773	6	255	847.833	104.000	13.657	5.923	1.290	76.836
774	1	255	830.500	105.500	2.828	1.128	1.128	0.000
775	1	255	779.500	104.500	2.828	1.128	1.128	0.000
776	2	255	825.000	104.500	4.243	2.257	1.128	0.000
777	3	255	828.500	104.167	7.071	3.213	1.189	151.845
778	2	255	763.500	103.000	4.828	2.257	1.128	90.000
779	1	255	775.500	103.500	2.828	1.128	1.128	0.000
780	1	255	783.500	103.500	2.828	1.128	1.128	0.000
781	1	255	787.500	103.500	2.828	1.128	1.128	0.000
782	4	255	815.000	103.500	8.243	4.514	1.128	0.000
783	3	255	832.167	103.167	5.657	2.365	1.615	135.000
784	3	255	836.833	102.500	7.657	3.213	1.189	61.845
785	1	255	723.500	102.500	2.828	1.128	1.128	0.000
786	2	255	824.000	102.500	4.243	2.257	1.128	0.000
787	1	255	834.500	102.500	2.828	1.128	1.128	0.000
788	1	255	814.500	101.500	2.828	1.128	1.128	0.000
789	2	255	842.000	101.500	4.243	2.257	1.128	0.000
790	5	255	844.700	99.500	11.657	4.839	1.316	78.251
791	5	255	812.100	98.900	9.657	4.076	1.562	69.006
792	3	255	817.833	99.833	5.657	2.365	1.615	135.000
793	4	255	852.500	99.000	8.828	4.514	1.128	90.000
794	1	255	778.500	99.500	2.828	1.128	1.128	0.000
795	9	255	849.278	96.722	20.142	5.129	2.234	71.667
796	1	255	800.500	98.500	2.828	1.128	1.128	0.000
797	3	255	820.500	97.500	6.828	3.385	1.128	90.000
798	1	255	768.500	96.500	2.828	1.128	1.128	0.000
799	2	255	826.000	96.000	5.657	2.596	0.981	45.000
800	1	255	858.500	96.500	2.828	1.128	1.128	0.000
801	1	255	802.500	95.500	2.828	1.128	1.128	0.000
802	1	255	814.500	95.500	2.828	1.128	1.128	0.000
803	5	255	818.900	94.900	9.071	4.076	1.562	159.006
804	8	255	839.875	93.875	14.728	5.065	2.011	65.556
805	6	255	852.000	93.000	13.657	6.076	1.257	104.679
806	1	255	853.500	95.500	2.828	1.128	1.128	0.000
807	1	255	772.500	94.500	2.828	1.128	1.128	0.000
808	1	255	797.500	94.500	2.828	1.128	1.128	0.000
809	2	255	832.500	94.000	4.828	2.257	1.128	90.000
810	2	255	813.500	93.000	4.828	2.257	1.128	90.000
811	2	255	825.000	93.000	5.657	2.596	0.981	45.000
812	1	255	736.500	92.500	2.828	1.128	1.128	0.000
813	1	255	799.500	92.500	2.828	1.128	1.128	0.000
814	2	255	804.500	92.000	4.828	2.257	1.128	90.000
815	1	255	794.500	91.500	2.828	1.128	1.128	0.000
816	3	255	810.833	90.833	5.657	2.365	1.615	135.000
817	2	255	830.500	91.000	4.828	2.257	1.128	90.000
818	32	255	833.875	86.188	49.355	8.940	4.558	56.271
819	2	255	850.500	91.000	4.828	2.257	1.128	90.000
820	1	255	815.500	90.500	2.828	1.128	1.128	0.000
821	1	255	717.500	89.500	2.828	1.128	1.128	0.000
822	1	255	799.500	89.500	2.828	1.128	1.128	0.000
823	2	255	801.500	89.000	4.828	2.257	1.128	90.000
824	3	255	823.167	88.833	5.657	2.365	1.615	45.000
825	4	255	828.250	88.500	10.485	2.780	1.832	145.278
826	2	255	845.500	89.000	4.828	2.257	1.128	90.000
827	1	255	765.500	88.500	2.828	1.128	1.128	0.000
828	1	255	794.500	88.500	2.828	1.128	1.128	0.000
829	2	255	817.000	88.500	4.243	2.257	1.128	0.000
830	1	255	825.500	88.500	2.828	1.128	1.128	0.000
831	1	255	707.500	87.500	2.828	1.128	1.128	0.000
832	1	255	772.500	87.500	2.828	1.128	1.128	0.000
833	2	255	784.500	87.000	4.828	2.257	1.128	90.000
834	1	255	805.500	87.500	2.828	1.128	1.128	0.000
835	3	255	810.500	87.167	7.071	3.213	1.189	28.155
836	2	255	752.000	86.000	5.657	2.596	0.981	45.000
837	1	255	779.500	86.500	2.828	1.128	1.128	0.000
838	5	255	807.500	84.500	10.828	5.642	1.128	90.000
839	1	255	814.500	86.500	2.828	1.128	1.128	0.000
840	1	255	821.500	86.500	2.828	1.128	1.128	0.000
841	2	255	791.500	85.000	4.828	2.257	1.128	90.000
842	3	255	798.833	85.167	5.657	2.365	1.615	45.000
843	8	255	816.125	83.125	15.314	5.825	1.749	73.997
844	1	255	841.500	85.500	2.828	1.128	1.128	0.000
845	5	255	828.100	83.700	7.657	3.144	2.025	108.435
846	1	255	749.500	83.500	2.828	1.128	1.128	0.000
847	6	255	800.500	82.667	8.485	3.718	2.055	36.870
848	4	255	822.750	82.500	8.485	3.676	1.385	140.310
849	1	255	724.500	82.500	2.828	1.128	1.128	0.000
850	2	255	765.500	82.000	4.828	2.257	1.128	90.000
851	4	255	772.000	81.000	9.657	4.218	1.207	67.500
852	1	255	789.500	82.500	2.828	1.128	1.128	0.000
853	1	255	795.500	82.500	2.828	1.128	1.128	0.000
854	2	255	791.500	81.000	4.828	2.257	1.128	90.000
855	11	255	818.955	78.955	16.142	5.649	2.480	77.243
856	1	255	804.500	80.500	2.828	1.128	1.128	0.000
857	2	255	836.000	80.500	4.243	2.257	1.128	0.000
858	2	255	764.000	79.500	4.243	2.257	1.128	0.000
859	1	255	786.500	79.500	2.828	1.128	1.128	0.000
860	3	255	794.833	78.833	5.657	2.365	1.615	135.000
861	1	255	823.500	79.500	2.828	1.128	1.128	0.000
862	1	255	721.500	78.500	2.828	1.128	1.128	0.000
863	1	255	767.500	78.500	2.828	1.128	1.128	0.000
864	2	255	813.000	78.500	4.243	2.257	1.128	0.000
865	5	255	827.900	77.700	7.657	3.144	2.025	71.565
866	3	255	830.833	77.833	5.657	2.365	1.615	135.000
867	2	255	838.000	78.000	5.657	2.596	0.981	45.000
868	3	255	751.833	77.167	5.657	2.365	1.615	45.000
869	6	255	798.333	76.167	10.485	4.387	1.742	32.243
870	2	255	815.500	77.000	4.828	2.257	1.128	90.000
871	1	255	825.500	77.500	2.828	1.128	1.128	0.000
872	3	255	834.167	77.167	5.657	2.365	1.615	135.000
873	1	255	737.500	76.500	2.828	1.128	1.128	0.000
874	116	255	816.112	68.138	100.368	15.009	9.841	28.656
875	1	255	759.500	75.500	2.828	1.128	1.128	0.000
876	1	255	763.500	75.500	2.828	1.128	1.128	0.000
877	3	255	768.500	74.833	7.071	3.213	1.189	151.845
878	2	255	727.500	74.000	4.828	2.257	1.128	90.000
879	8	255	804.250	73.250	10.485	3.797	2.682	172.982
880	2	255	775.500	73.000	4.828	2.257	1.128	90.000
881	19	255	789.816	71.816	29.456	10.011	2.417	13.659
882	2	255	829.500	73.000	4.828	2.257	1.128	90.000
883	1	255	757.500	72.500	2.828	1.128	1.128	0.000
884	1	255	779.500	72.500	2.828	1.128	1.128	0.000
885	1	255	671.500	71.500	2.828	1.128	1.128	0.000
886	2	255	740.500	71.000	4.828	2.257	1.128	90.000
887	1	255	753.500	71.500	2.828	1.128	1.128	0.000
888	2	255	768.500	71.000	4.828	2.257	1.128	90.000
889	1	255	826.500	71.500	2.828	1.128	1.128	0.000
890	1	255	711.500	70.500	2.828	1.128	1.128	0.000
891	1	255	762.500	70.500	2.828	1.128	1.128	0.000
892	11	255	800.136	69.318	21.556	5.323	2.631	20.786
893	2	255	765.000	69.000	5.657	2.596	0.981	135.000
894	2	255	793.000	69.500	4.243	2.257	1.128	0.000
895	4	255	737.250	67.250	7.657	3.192	1.596	71.565
896	1	255	747.500	68.500	2.828	1.128	1.128	0.000
897	11	255	805.500	65.864	18.971	6.021	2.326	48.242
898	2	255	761.500	67.000	4.828	2.257	1.128	90.000
899	2	255	768.000	67.500	4.243	2.257	1.128	0.000
900	2	255	775.000	67.500	4.243	2.257	1.128	0.000
901	3	255	789.500	66.500	6.828	3.385	1.128	90.000
902	3	255	794.167	67.167	5.657	2.365	1.615	135.000
903	1	255	802.500	67.500	2.828	1.128	1.128	0.000
904	36	255	774.944	62.944	39.113	9.881	4.639	27.543
905	2	255	787.500	66.000	4.828	2.257	1.128	90.000
906	1	255	749.500	65.500	2.828	1.128	1.128	0.000
907	6	255	799.500	65.000	11.657	3.909	1.954	153.435
908	1	255	720.500	64.500	2.828	1.128	1.128	0.000
909	2	255	764.500	64.000	4.828	2.257	1.128	90.000
910	5	255	793.700	63.900	9.899	3.145	2.025	130.935
911	1	255	732.500	63.500	2.828	1.128	1.128	0.000
912	1	255	744.500	63.500	2.828	1.128	1.128	0.000
913	1	255	751.500	63.500	2.828	1.128	1.128	0.000
914	2	255	760.000	63.000	5.657	2.596	0.981	135.000
915	1	255	790.500	63.500	2.828	1.128	1.128	0.000
916	2	255	798.000	63.500	4.243	2.257	1.128	0.000
917	1	255	807.500	63.500	2.828	1.128	1.128	0.000
918	1	255	822.500	63.500	2.828	1.128	1.128	0.000
919	1	255	711.500	62.500	2.828	1.128	1.128	0.000
920	2	255	719.500	62.000	4.828	2.257	1.128	90.000
921	2	255	784.500	62.000	4.828	2.257	1.128	90.000
922	1	255	682.500	61.500	2.828	1.128	1.128	0.000
923	1	255	731.500	61.500	2.828	1.128	1.128	0.000
924	1	255	738.500	61.500	2.828	1.128	1.128	0.000
925	3	255	751.500	60.500	6.828	3.385	1.128	90.000
926	46	255	789.326	58.130	29.213	8.523	6.872	144.191
927	6	255	741.667	59.833	12.728	3.485	2.192	21.801
928	2	255	756.500	60.000	4.828	2.257	1.128	90.000
929	10	255	797.300	59.400	11.071	4.049	3.144	26.565
930	2	255	729.000	59.500	4.243	2.257	1.128	0.000
931	1	255	735.500	59.500	2.828	1.128	1.128	0.000
932	2417	255	783.557	22.810	338.492	62.766	49.030	46.013
933	1	255	687.500	58.500	2.828	1.128	1.128	0.000
934	3	255	738.167	58.167	5.657	2.365	1.615	135.000
935	8	255	768.250	56.875	10.485	4.044	2.519	70.670
936	2	255	718.500	57.000	4.828	2.257	1.128	90.000
937	3	255	733.500	57.167	7.071	3.213	1.189	151.845
938	1	255	760.500	57.500	2.828	1.128	1.128	0.000
939	1	255	746.500	56.500	2.828	1.128	1.128	0.000
940	2	255	755.500	56.000	4.828	2.257	1.128	90.000
941	2	255	757.500	56.000	4.828	2.257	1.128	90.000
942	8	255	773.000	54.750	13.314	4.135	2.463	136.788
943	1	255	783.500	56.500	2.828	1.128	1.128	0.000
944	1	255	696.500	55.500	2.828	1.128	1.128	0.000
945	2	255	731.000	55.500	4.243	2.257	1.128	0.000
946	3	255	763.833	55.167	5.657	2.365	1.615	45.000
947	2	255	728.000	54.000	5.657	2.596	0.981	135.000
948	1	255	737.500	54.500	2.828	1.128	1.128	0.000
949	1	255	744.500	54.500	2.828	1.128	1.128	0.000
950	1	255	749.500	54.500	2.828	1.128	1.128	0.000
951	2	255	783.500	54.000	4.828	2.257	1.128	90.000
952	1	255	653.500	53.500	2.828	1.128	1.128	0.000
953	6	255	736.500	51.667	10.485	4.339	1.761	125.249
954	7	255	758.786	52.357	9.071	3.507	2.542	59.527
955	1	255	767.500	53.500	2.828	1.128	1.128	0.000
956	1	255	770.500	53.500	2.828	1.128	1.128	0.000
957	1	255	674.500	52.500	2.828	1.128	1.128	0.000
958	2	255	695.500	52.000	4.828	2.257	1.128	90.000
959	4	255	746.500	51.000	8.828	4.514	1.128	90.000
960	1	255	780.500	52.500	2.828	1.128	1.128	0.000
961	2	255	727.000	51.500	4.243	2.257	1.128	0.000
962	14	255	754.786	48.857	23.556	7.405	2.407	154.652
963	8	255	765.750	50.375	9.899	4.444	2.292	144.645
964	5	255	723.700	50.100	7.657	3.144	2.025	161.565
965	2	255	700.000	49.500	4.243	2.257	1.128	0.000
966	4	255	727.000	48.500	7.657	3.216	1.583	58.283
967	6	255	761.167	47.333	12.485	4.525	1.688	114.564
968	15	255	770.967	45.967	25.799	6.693	2.853	96.596
969	1	255	651.500	47.500	2.828	1.128	1.128	0.000
970	5	255	696.500	47.100	11.071	5.078	1.254	17.143
971	2	255	732.000	47.500	4.243	2.257	1.128	0.000
972	1	255	740.500	47.500	2.828	1.128	1.128	0.000
973	2	255	765.000	47.500	4.243	2.257	1.128	0.000
974	1	255	692.500	46.500	2.828	1.128	1.128	0.000
975	1	255	709.500	46.500	2.828	1.128	1.128	0.000
976	2	255	714.500	46.000	4.828	2.257	1.128	90.000
977	2	255	721.000	46.500	4.243	2.257	1.128	0.000
978	1	255	745.500	46.500	2.828	1.128	1.128	0.000
979	6	255	751.667	45.833	9.071	4.134	1.848	167.067
980	2	255	645.500	45.000	4.828	2.257	1.128	90.000
981	1	255	704.500	45.500	2.828	1.128	1.128	0.000
982	1	255	742.500	45.500	2.828	1.128	1.128	0.000
983	2	255	766.500	45.000	4.828	2.257	1.128	90.000
984	1	255	151.500	44.500	2.828	1.128	1.128	0.000
985	2	255	728.500	44.000	4.828	2.257	1.128	90.000
986	1	255	730.500	44.500	2.828	1.128	1.128	0.000
987	1	255	732.500	44.500	2.828	1.128	1.128	0.000
988	12	255	762.667	42.500	16.142	5.610	2.724	35.394
989	1	255	768.500	44.500	2.828	1.128	1.128	0.000
990	1	255	631.500	43.500	2.828	1.128	1.128	0.000
991	2	255	749.500	43.000	4.828	2.257	1.128	90.000
992	5	255	732.900	40.700	11.071	4.072	1.563	58.283
993	7	255	739.071	40.357	14.485	5.549	1.606	83.164
994	5	255	660.900	39.900	10.485	3.998	1.592	53.677
995	2	255	711.500	41.000	4.828	2.257	1.128	90.000
996	2	255	766.500	41.000	4.828	2.257	1.128	90.000
997	7	255	475.071	39.357	13.899	3.753	2.375	30.473
998	1	255	668.500	40.500	2.828	1.128	1.128	0.000
999	5	255	756.900	38.700	11.314	5.038	1.264	49.065
1000	6	255	769.000	39.500	7.657	3.385	2.257	90.000
1001	1	255	674.500	39.500	2.828	1.128	1.128	0.000
1002	1	255	676.500	39.500	2.828	1.128	1.128	0.000
1003	2	255	720.000	39.000	5.657	2.596	0.981	135.000
1004	4	255	747.750	38.750	7.657	3.192	1.596	18.435
1005	7	255	752.214	38.929	15.314	4.121	2.163	10.462
1006	7	255	689.929	36.643	11.071	3.644	2.446	67.500
1007	11	255	707.045	35.318	19.799	5.869	2.386	100.462
1008	1	255	711.500	38.500	2.828	1.128	1.128	0.000
1009	1	255	727.500	38.500	2.828	1.128	1.128	0.000
1010	1	255	664.500	37.500	2.828	1.128	1.128	0.000
1011	1	255	701.500	37.500	2.828	1.128	1.128	0.000
1012	4	255	725.000	36.500	7.657	3.216	1.583	121.717
1013	6	255	732.500	37.000	7.657	3.385	2.257	0.000
1014	6	255	471.500	35.000	10.485	4.594	1.663	109.330
1015	2	255	474.500	36.000	4.828	2.257	1.128	90.000
1016	10	255	477.300	33.900	13.899	4.719	2.698	66.255
1017	1	255	638.500	36.500	2.828	1.128	1.128	0.000
1018	34	255	746.412	32.176	48.770	8.163	5.303	85.231
1019	1	255	672.500	35.500	2.828	1.128	1.128	0.000
1020	3	255	698.833	35.167	5.657	2.365	1.615	45.000
1021	2	255	764.500	35.000	4.828	2.257	1.128	90.000
1022	21	255	767.405	32.690	25.213	6.520	4.101	63.157
1023	1	255	640.500	34.500	2.828	1.128	1.128	0.000
1024	1	255	647.500	34.500	2.828	1.128	1.128	0.000
1025	7	255	729.357	33.500	11.314	4.075	2.187	147.732
1026	2	255	739.500	34.000	4.828	2.257	1.128	90.000
1027	2	255	723.000	33.500	4.243	2.257	1.128	0.000
1028	2	255	736.500	33.000	4.828	2.257	1.128	90.000
1029	1	255	638.500	32.500	2.828	1.128	1.128	0.000
1030	1	255	658.500	32.500	2.828	1.128	1.128	0.000
1031	2	255	695.500	32.000	4.828	2.257	1.128	90.000
1032	1	255	698.500	32.500	2.828	1.128	1.128	0.000
1033	1	255	700.500	32.500	2.828	1.128	1.128	0.000
1034	9	255	702.167	29.944	18.142	4.951	2.315	71.565
1035	1	255	656.500	31.500	2.828	1.128	1.128	0.000
1036	1	255	683.500	31.500	2.828	1.128	1.128	0.000
1037	1	255	688.500	31.500	2.828	1.128	1.128	0.000
1038	4	255	719.000	30.750	8.485	2.887	1.764	104.872
1039	6	255	731.333	30.500	11.899	4.615	1.656	17.093
1040	1	255	739.500	31.500	2.828	1.128	1.128	0.000
1041	12	255	751.167	28.750	18.971	4.814	3.174	86.755
1042	1	255	622.500	30.500	2.828	1.128	1.128	0.000
1043	1	255	642.500	30.500	2.828	1.128	1.128	0.000
1044	1	255	707.500	30.500	2.828	1.128	1.128	0.000
1045	1	255	714.500	30.500	2.828	1.128	1.128	0.000
1046	1	255	716.500	30.500	2.828	1.128	1.128	0.000
1047	3	255	726.500	30.500	6.243	3.385	1.128	0.000
1048	4	255	735.750	29.750	7.657	3.192	1.596	71.565
1049	1	255	675.500	29.500	2.828	1.128	1.128	0.000
1050	2	255	681.500	29.000	4.828	2.257	1.128	90.000
1051	2	255	695.000	29.500	4.243	2.257	1.128	0.000
1052	8	255	698.250	26.500	19.314	4.840	2.104	104.197
1053	1	255	704.500	28.500	2.828	1.128	1.128	0.000
1054	14	255	713.286	26.357	24.385	4.580	3.892	15.377
1055	2	255	717.500	28.000	4.828	2.257	1.128	90.000
1056	22	255	722.864	25.682	27.213	7.111	3.939	51.031
1057	6	255	740.000	27.833	9.071	3.718	2.055	0.000
1058	1	255	640.500	27.500	2.828	1.128	1.128	0.000
1059	2	255	690.000	27.500	4.243	2.257	1.128	0.000
1060	2	255	708.500	27.000	4.828	2.257	1.128	90.000
1061	5	255	702.700	24.700	13.314	3.356	1.897	69.006
1062	18	255	708.167	21.056	37.213	7.435	3.082	94.379
1063	1	255	632.500	25.500	2.828	1.128	1.128	0.000
1064	3	255	672.167	24.500	7.657	3.213	1.189	61.845
1065	2	255	718.500	25.000	4.828	2.257	1.128	90.000
1066	21	255	731.738	24.167	31.799	10.930	2.446	11.236
1067	2	255	641.000	24.500	4.243	2.257	1.128	0.000
1068	2	255	651.000	24.500	4.243	2.257	1.128	0.000
1069	521	255	739.767	9.368	203.865	29.574	22.430	19.768
1070	2	255	616.000	23.500	4.243	2.257	1.128	0.000
1071	1	255	647.500	23.500	2.828	1.128	1.128	0.000
1072	2	255	662.000	23.500	4.243	2.257	1.128	0.000
1073	1	255	676.500	23.500	2.828	1.128	1.128	0.000
1074	1	255	681.500	23.500	2.828	1.128	1.128	0.000
1075	3	255	693.500	22.500	6.828	3.385	1.128	90.000
1076	1	255	640.500	22.500	2.828	1.128	1.128	0.000
1077	1	255	665.500	22.500	2.828	1.128	1.128	0.000
1078	1	255	688.500	22.500	2.828	1.128	1.128	0.000
1079	2	255	718.000	22.500	4.243	2.257	1.128	0.000
1080	2	255	752.500	22.000	4.828	2.257	1.128	90.000
1081	1	255	583.500	21.500	2.828	1.128	1.128	0.000
1082	1	255	609.500	21.500	2.828	1.128	1.128	0.000
1083	1	255	654.500	21.500	2.828	1.128	1.128	0.000
1084	1	255	656.500	21.500	2.828	1.128	1.128	0.000
1085	2	255	663.000	21.500	4.243	2.257	1.128	0.000
1086	6	255	670.333	19.833	11.657	5.208	1.467	97.466
1087	4	255	731.250	20.750	7.657	3.192	1.596	108.435
1088	1	255	748.500	21.500	2.828	1.128	1.128	0.000
1089	2	255	649.000	20.000	5.657	2.596	0.981	45.000
1090	4	255	672.750	19.500	7.657	2.734	1.863	90.000
1091	3	255	676.833	19.833	5.657	2.365	1.615	135.000
1092	1	255	680.500	20.500	2.828	1.128	1.128	0.000
1093	2	255	685.500	20.000	4.828	2.257	1.128	90.000
1094	7	255	689.786	17.500	16.485	6.959	1.281	71.888
1095	3	255	705.167	20.167	5.657	2.365	1.615	135.000
1096	4	255	720.750	19.750	7.657	3.192	1.596	71.565
1097	86	255	718.826	13.547	91.640	15.096	7.254	35.188
1098	2	255	636.500	19.000	4.828	2.257	1.128	90.000
1099	1	255	692.500	19.500	2.828	1.128	1.128	0.000
1100	5	255	702.300	18.900	7.071	3.144	2.025	161.565
1101	1	255	710.500	19.500	2.828	1.128	1.128	0.000
1102	2	255	634.500	18.000	4.828	2.257	1.128	90.000
1103	2	255	652.500	18.000	4.828	2.257	1.128	90.000
1104	3	255	665.833	18.167	5.657	2.365	1.615	45.000
1105	2	255	648.500	17.000	4.828	2.257	1.128	90.000
1106	1	255	663.500	17.500	2.828	1.128	1.128	0.000
1107	2	255	687.500	17.000	4.828	2.257	1.128	90.000
1108	3	255	705.500	16.500	6.828	3.385	1.128	90.000
1109	1	255	631.500	16.500	2.828	1.128	1.128	0.000
1110	5	255	701.500	16.500	10.243	5.642	1.128	0.000
1111	1	255	498.500	15.500	2.828	1.128	1.128	0.000
1112	3	255	654.833	14.500	7.657	3.213	1.189	61.845
1113	2	255	665.500	15.000	4.828	2.257	1.128	90.000
1114	2	255	673.000	15.500	4.243	2.257	1.128	0.000
1115	1	255	677.500	15.500	2.828	1.128	1.128	0.000
1116	1	255	471.500	14.500	2.828	1.128	1.128	0.000
1117	1	255	517.500	14.500	2.828	1.128	1.128	0.000
1118	1	255	575.500	14.500	2.828	1.128	1.128	0.000
1119	1	255	629.500	14.500	2.828	1.128	1.128	0.000
1120	1	255	658.500	14.500	2.828	1.128	1.128	0.000
1121	2	255	668.500	14.000	4.828	2.257	1.128	90.000
1122	10	255	699.000	11.100	18.485	7.113	1.790	92.387
1123	3	255	598.500	12.500	6.828	3.385	1.128	90.000
1124	3	255	648.167	12.500	7.657	3.213	1.189	61.845
1125	1	255	704.500	13.500	2.828	1.128	1.128	0.000
1126	1	255	573.500	12.500	2.828	1.128	1.128	0.000
1127	3	255	631.500	11.500	6.828	3.385	1.128	90.000
1128	1	255	665.500	12.500	2.828	1.128	1.128	0.000
1129	12	255	689.750	10.083	17.556	5.593	2.732	143.022
1130	2	255	692.000	12.500	4.243	2.257	1.128	0.000
1131	1	255	638.500	11.500	2.828	1.128	1.128	0.000
1132	15	255	643.167	9.300	16.142	5.329	3.584	146.714
1133	8	255	667.250	8.250	15.657	6.896	1.477	81.650
1134	5	255	684.300	11.100	7.071	3.144	2.025	18.435
1135	4	255	695.000	11.000	5.657	2.257	2.257	0.000
1136	60	255	705.483	4.767	75.740	11.615	6.577	16.642
1137	7	255	679.786	8.929	11.657	5.155	1.729	80.385
1138	1	255	584.500	9.500	2.828	1.128	1.128	0.000
1139	2	255	619.500	9.000	4.828	2.257	1.128	90.000
1140	8	255	723.875	8.125	12.485	5.194	1.961	22.854
1141	2	255	494.500	8.000	4.828	2.257	1.128	90.000
1142	1	255	647.500	8.500	2.828	1.128	1.128	0.000
1143	5	255	654.700	6.900	10.485	3.713	1.715	57.388
1144	5	255	660.300	7.300	8.485	3.833	1.661	135.000
1145	1	255	670.500	8.500	2.828	1.128	1.128	0.000
1146	33	255	691.985	5.076	43.456	10.493	4.004	17.652
1147	1	255	450.500	7.500	2.828	1.128	1.128	0.000
1148	1	255	498.500	7.500	2.828	1.128	1.128	0.000
1149	2	255	587.000	7.500	4.243	2.257	1.128	0.000
1150	1	255	627.500	7.500	2.828	1.128	1.128	0.000
1151	1	255	631.500	7.500	2.828	1.128	1.128	0.000
1152	2	255	639.500	7.000	4.828	2.257	1.128	90.000
1153	1	255	664.500	7.500	2.828	1.128	1.128	0.000
1154	1	255	674.500	7.500	2.828	1.128	1.128	0.000
1155	1	255	677.500	7.500	2.828	1.128	1.128	0.000
1156	1	255	682.500	7.500	2.828	1.128	1.128	0.000
1157	1	255	685.500	7.500	2.828	1.128	1.128	0.000
1158	1	255	511.500	6.500	2.828	1.128	1.128	0.000
1159	1	255	562.500	6.500	2.828	1.128	1.128	0.000
1160	3	255	580.167	6.167	5.657	2.365	1.615	135.000
1161	1	255	583.500	6.500	2.828	1.128	1.128	0.000
1162	1	255	610.500	6.500	2.828	1.128	1.128	0.000
1163	1	255	623.500	6.500	2.828	1.128	1.128	0.000
1164	1	255	672.500	6.500	2.828	1.128	1.128	0.000
1165	2	255	519.500	5.000	4.828	2.257	1.128	90.000
1166	1	255	599.500	5.500	2.828	1.128	1.128	0.000
1167	2	255	602.000	5.500	4.243	2.257	1.128	0.000
1168	7	255	613.643	3.786	11.899	4.214	2.115	79.099
1169	1	255	619.500	5.500	2.828	1.128	1.128	0.000
1170	2	255	643.500	5.000	4.828	2.257	1.128	90.000
1171	3	255	663.167	4.833	5.657	2.365	1.615	45.000
1172	11	255	674.500	4.136	13.314	5.961	2.350	36.372
1173	3	255	596.833	3.833	5.657	2.365	1.615	135.000
1174	6	255	645.500	2.000	12.828	6.770	1.128	90.000
1175	5	255	679.100	3.300	7.657	3.144	2.025	71.565
1176	13	255	716.731	1.731	17.314	5.419	3.055	61.403
1177	4	255	577.750	3.250	7.657	3.192	1.596	161.565
1178	1	255	623.500	3.500	2.828	1.128	1.128	0.000
1179	3	255	647.833	2.833	5.657	2.365	1.615	135.000
1180	3	255	696.500	2.833	7.071	3.213	1.189	151.845
1181	1	255	470.500	2.500	2.828	1.128	1.128	0.000
1182	1	255	570.500	2.500	2.828	1.128	1.128	0.000
1183	1	255	582.500	2.500	2.828	1.128	1.128	0.000
1184	1	255	603.500	2.500	2.828	1.128	1.128	0.000
1185	1	255	607.500	2.500	2.828	1.128	1.128	0.000
1186	7	255	652.214	1.071	14.728	3.230	2.760	108.435
1187	2	255	659.000	2.500	4.243	2.257	1.128	0.000
1188	1	255	663.500	2.500	2.828	1.128	1.128	0.000
1189	1	255	681.500	2.500	2.828	1.128	1.128	0.000
1190	17	255	708.794	0.971	17.314	6.854	3.158	19.846
1191	1	255	601.500	1.500	2.828	1.128	1.128	0.000
1192	3	255	623.167	0.833	5.657	2.365	1.615	45.000
1193	1	255	626.500	1.500	2.828	1.128	1.128	0.000
1194	1	255	632.500	1.500	2.828	1.128	1.128	0.000
1195	1	255	635.500	1.500	2.828	1.128	1.128	0.000
1196	3	255	638.500	0.500	6.828	3.385	1.128	90.000
1197	2	255	655.500	1.000	4.828	2.257	1.128	90.000
1198	12	255	663.667	0.500	19.899	8.021	1.905	6.847
1199	1	255	552.500	0.500	2.828	1.128	1.128	0.000
1200	1	255	568.500	0.500	2.828	1.128	1.128	0.000
1201	1	255	573.500	0.500	2.828	1.128	1.128	0.000
1202	1	255	605.500	0.500	2.828	1.128	1.128	0.000
1203	4	255	615.750	-0.250	7.657	3.192	1.596	18.435
1204	2	255	643.500	0.000	4.828	2.257	1.128	90.000
1205	9	255	675.722	-0.056	11.657	5.229	2.191	4.731
1206	9	255	690.278	-0.056	11.071	5.229	2.191	175.269
1207	4	255	695.500	-0.250	7.071	2.734	1.863	0.000
1208	1	255	455.500	-0.500	2.828	1.128	1.128	0.000
1209	1	255	641.500	-0.500	2.828	1.128	1.128	0.000
1210	1	255	648.500	-0.500	2.828	1.128	1.128	0.000
1211	3	255	682.500	-0.500	6.243	3.385	1.128	0.000
1212	1	255	713.500	-0.500	2.828	1.128	1.128	0.000
