 	Area	Mean	XM	YM	Perim.	Major	Minor	Angle
1	24	255	54.833	901.542	21.314	8.643	3.535	177.026
2	69	255	355.862	898.297	29.799	9.688	9.068	163.466
3	106	255	446.387	897.019	36.870	13.170	10.248	134.260
4	108	255	272.019	888.611	38.042	12.278	11.200	146.659
5	62	255	384.161	889.645	28.385	9.190	8.590	57.526
6	95	255	532.837	886.174	35.213	12.757	9.482	22.897
7	115	255	320.674	874.378	38.627	13.134	11.148	169.507
8	68	255	392.574	873.176	29.213	9.976	8.679	69.249
9	88	255	314.432	863.193	33.799	12.217	9.171	147.295
10	108	255	632.611	857.963	38.870	13.175	10.437	19.059
11	106	255	258.500	849.774	37.213	13.535	9.971	168.567
12	103	255	552.024	846.617	36.627	12.117	10.823	21.484
13	91	255	893.478	821.049	33.799	11.701	9.902	26.588
14	81	255	53.636	815.512	33.213	12.337	8.359	153.479
15	62	255	495.500	807.258	28.142	10.483	7.530	90.000
16	70	255	134.043	801.457	29.213	10.413	8.559	148.468
17	95	255	78.089	797.005	38.385	12.458	9.709	114.049
18	76	255	978.855	794.947	33.213	12.166	7.954	166.482
19	80	255	976.388	786.675	31.799	11.210	9.087	170.860
20	79	255	884.348	773.297	33.213	12.095	8.317	120.711
21	1	255	1084.500	769.500	2.828	1.128	1.128	0.000
22	224	255	118.415	752.558	66.669	17.330	16.457	2.766
23	116	255	191.543	756.897	38.870	12.843	11.500	30.112
24	92	255	62.598	750.326	34.627	12.042	9.727	134.501
25	1	255	48.500	743.500	2.828	1.128	1.128	0.000
26	100	255	45.560	736.310	38.042	12.170	10.462	38.412
27	99	255	171.015	732.955	35.799	12.752	9.885	18.152
28	5	255	225.100	733.300	7.657	3.144	2.025	71.565
29	77	255	12.019	724.045	32.627	11.339	8.646	60.970
30	16	255	0.938	717.500	19.657	9.158	2.224	90.000
31	91	255	24.786	712.896	35.213	12.016	9.642	174.306
32	65	255	723.746	703.315	28.627	9.882	8.375	20.292
33	109	255	192.491	701.674	38.627	12.778	10.862	5.771
34	8	255	527.375	701.250	11.314	4.974	2.048	138.139
35	94	255	29.000	695.415	34.385	13.175	9.084	180.000
36	10	255	0.900	693.000	13.657	5.848	2.177	90.000
37	68	255	678.838	690.779	30.042	10.636	8.141	36.165
38	114	255	979.684	688.070	38.627	12.266	11.834	91.510
39	62	255	1156.032	687.468	33.799	9.815	8.043	63.774
40	460	255	15.439	676.685	93.740	25.048	23.383	135.219
41	78	255	371.269	681.423	32.627	10.489	9.469	16.615
42	4	255	967.000	684.000	5.657	2.257	2.257	0.000
43	67	255	825.604	675.396	28.971	9.967	8.559	134.998
44	102	255	83.784	644.863	36.042	12.257	10.596	119.698
45	98	255	18.112	637.245	37.213	13.093	9.530	99.731
46	103	255	148.481	638.403	36.870	13.205	9.932	12.718
47	144	255	6.694	635.889	45.213	14.014	13.083	147.781
48	101	255	638.965	638.163	35.213	12.392	10.378	177.018
49	88	255	782.909	634.739	34.385	12.535	8.938	6.241
50	79	255	1206.449	631.614	31.799	10.817	9.299	73.552
51	93	255	28.274	629.113	35.213	12.018	9.853	96.250
52	82	255	514.268	629.854	32.627	10.524	9.920	12.687
53	94	255	7.191	624.606	34.971	12.962	9.234	162.845
54	83	255	122.886	624.584	32.971	11.398	9.271	174.351
55	105	255	71.300	613.233	37.213	13.313	10.042	79.450
56	490	255	30.410	605.016	92.326	25.968	24.025	48.008
57	126	255	818.317	611.381	40.284	12.924	12.413	36.642
58	98	255	9.633	611.520	36.385	13.719	9.095	168.644
59	84	255	59.869	604.464	33.799	11.809	9.057	18.338
60	67	255	916.769	600.336	29.556	10.195	8.367	46.993
61	51	255	56.225	594.265	25.556	8.826	7.358	176.084
62	2	255	15.500	595.000	4.828	2.257	1.128	90.000
63	99	255	45.520	588.126	36.042	12.536	10.055	134.737
64	63	255	869.754	587.532	28.142	9.584	8.370	85.058
65	80	255	75.100	585.775	32.971	11.646	8.746	91.561
66	60	255	59.383	586.033	27.556	9.157	8.343	161.524
67	72	255	28.208	582.819	35.698	13.777	6.654	135.050
68	64	255	861.141	581.109	28.971	9.936	8.201	179.558
69	5	255	0.500	581.500	10.828	5.642	1.128	90.000
70	74	255	18.946	576.162	31.213	9.746	9.668	116.587
71	86	255	49.860	574.791	34.042	11.465	9.551	153.808
72	186	255	551.414	569.070	55.355	15.551	15.229	167.697
73	98	255	5.684	571.776	36.042	13.003	9.596	152.799
74	92	255	12.859	562.543	34.971	12.580	9.311	6.439
75	91	255	939.093	560.599	34.385	11.453	10.116	103.376
76	108	255	26.583	559.241	38.627	13.042	10.544	27.304
77	10	255	0.900	560.000	13.657	5.848	2.177	90.000
78	91	255	136.137	555.797	34.627	13.065	8.869	151.084
79	79	255	16.032	551.943	31.799	10.181	9.880	58.648
80	111	255	472.986	546.644	38.870	12.386	11.411	93.095
81	100	255	25.030	544.270	36.042	12.043	10.573	156.880
82	3	255	576.833	549.167	5.657	2.365	1.615	45.000
83	84	255	61.095	543.536	33.799	11.547	9.263	162.966
84	85	255	4.888	540.688	34.385	11.337	9.546	72.874
85	113	255	37.704	539.235	38.627	12.964	11.098	86.393
86	74	255	15.811	535.824	31.213	10.758	8.758	128.949
87	85	255	49.453	535.053	33.213	12.089	8.952	142.089
88	111	255	72.104	534.491	38.870	13.654	10.351	23.431
89	70	255	27.214	533.429	30.385	9.926	8.979	48.014
90	81	255	171.660	527.883	32.385	10.321	9.992	48.534
91	1	255	10.500	531.500	2.828	1.128	1.128	0.000
92	79	255	3.968	525.513	32.971	11.419	8.809	89.022
93	72	255	20.597	523.792	29.799	10.084	9.091	88.705
94	89	255	85.096	523.309	33.799	11.357	9.978	66.288
95	197	255	701.419	520.338	55.113	16.538	15.167	120.826
96	84	255	34.667	523.476	38.042	11.833	9.038	170.719
97	104	255	442.837	520.308	36.627	12.539	10.561	148.607
98	93	255	213.371	516.328	34.627	10.978	10.786	66.612
99	80	255	519.737	514.925	33.213	11.466	8.884	35.275
100	84	255	92.881	513.036	33.556	10.989	9.732	129.786
101	5	255	0.500	513.500	10.828	5.642	1.128	90.000
102	5	255	35.300	515.100	7.071	3.144	2.025	18.435
103	97	255	39.438	508.840	35.456	12.019	10.276	45.017
104	213	255	14.660	505.383	53.941	16.990	15.962	142.320
105	2	255	163.500	505.000	4.828	2.257	1.128	90.000
106	111	255	51.491	498.986	38.042	13.472	10.491	13.095
107	8	255	0.875	501.500	11.657	4.769	2.136	90.000
108	82	255	29.500	499.000	33.799	11.331	9.214	45.317
109	76	255	469.829	496.816	32.627	11.377	8.505	27.503
110	2	255	558.500	498.000	4.828	2.257	1.128	90.000
111	4	255	815.000	498.000	5.657	2.257	2.257	0.000
112	75	255	187.873	492.980	31.213	11.906	8.020	134.284
113	90	255	370.078	491.744	36.042	11.829	9.687	169.329
114	105	255	156.167	490.614	37.213	12.612	10.600	19.578
115	64	255	22.641	488.609	30.971	10.025	8.128	109.688
116	77	255	32.162	485.162	40.870	10.099	9.708	42.176
117	65	255	67.485	482.931	28.042	9.354	8.848	96.945
118	61	255	540.418	483.057	28.627	10.536	7.372	138.335
119	89	255	367.556	480.107	34.627	12.366	9.164	160.779
120	234	255	7.218	473.030	63.598	18.767	15.876	81.288
121	69	255	58.645	477.514	29.213	9.840	8.928	171.350
122	105	255	600.538	470.481	36.627	12.083	11.064	128.311
123	84	255	67.345	468.345	32.627	11.708	9.135	147.653
124	101	255	846.361	458.936	36.627	12.769	10.071	53.344
125	113	255	101.004	457.473	39.456	12.934	11.124	16.038
126	72	255	1050.569	456.514	31.213	10.426	8.793	19.412
127	91	255	696.346	448.423	34.627	12.925	8.964	5.766
128	84	255	503.595	444.679	32.627	11.860	9.018	69.428
129	3	255	51.833	447.833	5.657	2.365	1.615	135.000
130	57	255	512.202	443.518	28.142	9.527	7.618	89.859
131	92	255	4.891	435.174	35.556	11.876	9.863	35.305
132	96	255	30.177	432.042	35.799	12.163	10.049	154.991
133	86	255	337.512	431.198	33.213	11.792	9.286	158.026
134	116	255	400.862	424.655	39.456	13.063	11.306	4.674
135	94	255	472.819	423.032	34.627	12.655	9.458	21.489
136	88	255	216.898	419.318	33.213	11.619	9.644	125.753
137	87	255	432.799	419.845	33.799	11.907	9.303	145.814
138	7	255	104.500	421.214	9.071	3.086	2.888	0.000
139	113	255	28.084	416.686	38.627	13.628	10.557	30.043
140	89	255	1169.354	409.197	34.627	12.093	9.371	159.742
141	80	255	198.425	402.675	32.385	11.720	8.691	114.833
142	5	255	21.300	406.100	7.071	3.144	2.025	18.435
143	75	255	481.687	400.180	32.042	10.700	8.924	37.510
144	1	255	14.500	397.500	2.828	1.128	1.128	0.000
145	96	255	550.344	390.188	35.799	12.109	10.094	3.445
146	85	255	942.053	389.476	34.042	11.237	9.631	138.654
147	4	255	51.000	393.000	5.657	2.257	2.257	0.000
148	111	255	772.563	379.725	38.870	14.099	10.024	116.583
149	2	255	1101.500	386.000	4.828	2.257	1.128	90.000
150	84	255	83.857	379.262	33.456	12.350	8.660	55.658
151	74	255	60.081	379.176	31.213	9.916	9.502	178.404
152	195	255	120.982	375.315	57.355	15.818	15.696	37.634
153	89	255	930.860	377.601	33.799	11.130	10.181	84.541
154	89	255	149.567	365.399	34.627	12.729	8.902	144.716
155	79	255	51.437	361.778	32.042	11.820	8.510	146.242
156	69	255	64.833	362.572	29.799	10.903	8.058	142.709
157	7	255	724.500	364.500	8.485	3.772	2.363	45.000
158	87	255	331.006	354.511	33.213	11.119	9.963	60.527
159	70	255	597.443	353.700	29.799	10.060	8.859	109.876
160	3	255	605.833	358.167	5.657	2.365	1.615	45.000
161	117	255	81.261	349.944	38.870	13.816	10.782	141.318
162	97	255	36.015	347.892	35.799	12.582	9.816	71.797
163	91	255	749.412	347.841	36.627	13.206	8.774	110.748
164	123	255	1074.793	340.785	40.627	13.958	11.220	27.558
165	78	255	77.051	334.385	33.213	11.207	8.862	92.221
166	2	255	687.000	339.500	4.243	2.257	1.128	0.000
167	4	255	341.000	337.000	5.657	2.257	2.257	0.000
168	72	255	58.861	330.972	30.042	9.707	9.444	174.318
169	70	255	119.443	331.143	30.385	9.886	9.015	67.820
170	108	255	130.769	329.676	37.213	12.599	10.914	63.189
171	95	255	94.563	327.805	34.971	11.617	10.413	173.540
172	74	255	724.122	325.770	31.213	10.973	8.586	114.683
173	114	255	311.912	316.728	38.870	14.061	10.323	21.174
174	71	255	449.232	315.063	30.627	9.846	9.181	34.524
175	77	255	234.461	313.500	31.213	11.157	8.788	111.697
176	102	255	382.176	310.127	36.870	13.000	9.990	137.729
177	110	255	105.482	307.173	37.799	13.430	10.428	175.419
178	93	255	69.425	305.263	34.627	11.300	10.479	61.209
179	85	255	125.900	301.276	32.627	11.504	9.407	130.803
180	111	255	186.914	298.203	39.456	13.585	10.403	15.167
181	102	255	83.882	294.020	37.213	13.224	9.821	109.978
182	6	255	973.500	298.000	7.657	3.385	2.257	0.000
183	82	255	99.939	290.427	32.042	11.896	8.777	127.592
184	94	255	431.351	285.489	35.213	13.142	9.107	168.983
185	4	255	146.000	287.000	5.657	2.257	2.257	0.000
186	76	255	1100.500	283.000	30.971	10.502	9.214	99.590
187	2	255	141.500	280.000	4.828	2.257	1.128	90.000
188	104	255	215.317	275.769	37.456	12.920	10.249	159.654
189	58	255	653.052	275.828	34.284	9.655	7.648	76.749
190	101	255	123.975	270.946	36.385	12.747	10.088	105.464
191	102	255	1095.824	267.284	36.627	12.731	10.201	145.415
192	101	255	351.728	262.094	37.213	12.181	10.558	104.373
193	93	255	150.059	256.941	35.213	12.708	9.318	166.784
194	90	255	1144.300	253.211	34.870	12.220	9.378	56.769
195	219	255	179.783	246.655	64.770	17.862	15.611	50.621
196	85	255	120.206	233.512	33.799	11.265	9.607	107.253
197	78	255	347.474	233.564	31.799	11.260	8.820	108.881
198	80	255	167.887	225.712	33.213	12.131	8.397	155.859
199	7	255	141.500	213.500	8.485	3.772	2.363	45.000
200	84	255	1150.714	205.274	33.456	12.046	8.878	50.920
201	76	255	841.632	202.513	31.799	10.777	8.979	162.439
202	94	255	276.457	200.766	34.971	11.803	10.141	25.734
203	3	255	499.833	197.833	5.657	2.365	1.615	135.000
204	138	255	209.297	191.884	42.042	14.252	12.329	15.111
205	101	255	640.074	173.856	36.870	11.571	11.113	46.063
206	77	255	31.617	173.981	31.456	11.344	8.642	152.112
207	98	255	260.561	161.714	36.385	12.098	10.314	48.814
208	2	255	29.500	165.000	4.828	2.257	1.128	90.000
209	81	255	1174.846	156.130	32.385	11.207	9.203	128.015
210	78	255	493.192	154.615	31.799	11.334	8.763	153.373
211	80	255	1190.487	153.438	31.213	11.221	9.078	110.877
212	64	255	147.156	152.844	28.971	10.299	7.912	11.130
213	77	255	327.136	152.292	31.799	10.201	9.611	110.645
214	72	255	578.917	141.417	31.556	11.370	8.063	106.872
215	82	255	432.561	135.561	32.627	11.520	9.063	156.063
216	94	255	413.011	133.734	35.213	12.486	9.585	64.080
217	264	255	463.538	129.652	65.255	18.621	18.051	174.414
218	97	255	1203.809	129.304	36.042	13.247	9.323	155.087
219	82	255	651.000	125.000	31.799	10.897	9.582	134.997
220	2	255	264.500	123.000	4.828	2.257	1.128	90.000
221	23	255	763.587	121.587	18.728	5.880	4.981	167.805
222	90	255	280.044	116.211	33.799	11.780	9.728	127.125
223	96	255	1025.042	113.167	35.799	12.318	9.923	74.900
224	1	255	383.500	116.500	2.828	1.128	1.128	0.000
225	86	255	835.488	106.895	33.213	11.120	9.847	32.242
226	1	255	322.500	105.500	2.828	1.128	1.128	0.000
227	90	255	101.378	98.078	34.385	11.260	10.177	23.577
228	87	255	334.098	92.776	32.971	11.344	9.765	40.373
229	89	255	445.612	90.893	33.799	11.711	9.676	31.133
230	75	255	796.633	89.140	31.556	10.837	8.811	115.957
231	68	255	50.015	81.765	30.142	10.405	8.321	70.714
232	87	255	1120.121	80.408	33.799	11.873	9.330	61.644
233	81	255	475.932	67.673	31.799	10.474	9.847	157.561
234	66	255	667.152	56.909	29.213	10.954	7.672	127.909
235	90	255	220.444	51.611	34.385	12.489	9.175	104.522
236	52	255	77.577	44.538	28.042	8.553	7.741	52.819
237	72	255	116.361	40.389	32.385	11.645	7.872	8.791
238	2	255	1106.000	39.500	4.243	2.257	1.128	0.000
239	90	255	532.211	31.589	35.799	12.672	9.043	87.667
240	72	255	149.472	32.236	30.385	10.026	9.144	68.314
241	75	255	116.740	31.593	32.042	10.738	8.893	1.097
242	73	255	1161.993	26.199	30.385	10.372	8.962	165.730
243	91	255	732.841	22.907	35.213	12.442	9.312	108.235
244	215	255	907.653	14.407	71.497	17.695	15.471	155.098
245	71	255	1170.613	18.317	30.385	10.090	8.959	152.769
246	94	255	245.915	10.404	34.385	11.990	9.982	59.320
247	106	255	543.151	5.151	38.042	13.322	10.131	130.643
248	76	255	428.158	3.421	31.213	11.058	8.751	143.095
249	62	255	157.790	1.806	30.728	12.222	6.459	3.399
